<TICKER>,<PER>,<DATE>,<TIME>,<OPEN>,<HIGH>,<LOW>,<CLOSE>,<VOL>,<OPENINT>
RDVI.US,D,20221021,000000,19.8699,20.2084,19.8699,20.2084,53177,0
RDVI.US,D,20221024,000000,20.52,20.52,20.4495,20.4495,5119,0
RDVI.US,D,20221025,000000,20.7892,20.8299,20.7892,20.7892,502,0
RDVI.US,D,20221026,000000,20.95,20.96,20.865,20.91,21629,0
RDVI.US,D,20221027,000000,22.53,22.53,20.8522,20.8522,22184,0
RDVI.US,D,20221028,000000,21.1499,21.38,21.1499,21.3222,10907,0
RDVI.US,D,20221031,000000,21.38,21.38,21.22,21.22,31015,0
RDVI.US,D,20221101,000000,21.4194,21.4194,21.35,21.3504,1136,0
RDVI.US,D,20221102,000000,21.31,21.57,20.8857,20.8964,20385,0
RDVI.US,D,20221103,000000,20.89,20.9,20.62,20.648,7090,0
RDVI.US,D,20221104,000000,21.22,21.22,20.8499,21.0949,7060,0
RDVI.US,D,20221107,000000,21.1749,21.38,21.1123,21.38,20598,0
RDVI.US,D,20221108,000000,21.515,21.63,21.2824,21.51,30847,0
RDVI.US,D,20221109,000000,21.26,21.36,21.0201,21.0201,2917,0
RDVI.US,D,20221110,000000,21.916,22.25,21.916,22.25,12913,0
RDVI.US,D,20221111,000000,22.31,22.59,22.31,22.5248,81871,0
RDVI.US,D,20221114,000000,22.8,22.8,22.2743,22.2743,11573,0
RDVI.US,D,20221115,000000,22.81,22.81,22.35,22.3525,2847,0
RDVI.US,D,20221116,000000,22.14,22.15,22.035,22.0435,26746,0
RDVI.US,D,20221117,000000,21.95,22.06,21.95,22.0402,6889,0
RDVI.US,D,20221118,000000,22.15,22.15,21.9972,22.0989,5640,0
RDVI.US,D,20221121,000000,22.1099,22.11,21.9215,22.07,15332,0
RDVI.US,D,20221122,000000,22.14,22.2957,22.11,22.2957,21089,0
RDVI.US,D,20221123,000000,22.39,22.43,22.32,22.3802,22426,0
RDVI.US,D,20221125,000000,24.04,24.04,22.4102,22.4102,5869,0
RDVI.US,D,20221128,000000,22.1859,22.24,21.9872,22.0152,33431,0
RDVI.US,D,20221129,000000,22.1899,22.1899,22.07,22.1226,2520,0
RDVI.US,D,20221130,000000,21.95,22.65,21.95,22.65,31748,0
RDVI.US,D,20221201,000000,22.536,22.66,22.452,22.5075,29478,0
RDVI.US,D,20221202,000000,22.36,22.46,22.3339,22.425,84523,0
RDVI.US,D,20221205,000000,22.225,22.225,21.9,22.04,107171,0
RDVI.US,D,20221206,000000,22.09,22.09,21.6031,21.73,53784,0
RDVI.US,D,20221207,000000,21.7499,21.81,21.72,21.7412,16632,0
RDVI.US,D,20221208,000000,21.88,21.95,21.8,21.8589,34116,0
RDVI.US,D,20221209,000000,21.93,21.97,21.7404,21.7404,23548,0
RDVI.US,D,20221212,000000,21.86,22.085,21.8302,22.08,33647,0
RDVI.US,D,20221213,000000,24.86,24.86,22.1385,22.24,64139,0
RDVI.US,D,20221214,000000,22.51,22.51,21.94,22.05,50811,0
RDVI.US,D,20221215,000000,21.83,21.84,21.4293,21.51,7310,0
RDVI.US,D,20221216,000000,21.61,21.61,21.1299,21.3,15088,0
RDVI.US,D,20221219,000000,21.3,21.3,21.05,21.18,14968,0
RDVI.US,D,20221220,000000,21.2336,21.28,21.2162,21.2353,5627,0
RDVI.US,D,20221221,000000,21.65,21.65,21.42,21.56,49108,0
RDVI.US,D,20221222,000000,21.2899,21.2899,20.96,21.27,28421,0
RDVI.US,D,20221223,000000,21.1,21.2607,21.1,21.2607,9516,0
RDVI.US,D,20221227,000000,21.23,21.34,21.13,21.26,28005,0
RDVI.US,D,20221228,000000,21.1492,21.1492,20.98,20.98,8601,0
RDVI.US,D,20221229,000000,21.31,21.36,21.225,21.3042,28427,0
RDVI.US,D,20221230,000000,21.15,21.29,21.11,21.29,14872,0
RDVI.US,D,20230103,000000,21.53,21.53,21.15,21.2222,81418,0
RDVI.US,D,20230104,000000,21.305,21.67,21.305,21.5402,8408,0
RDVI.US,D,20230105,000000,21.3681,21.48,21.33,21.41,26233,0
RDVI.US,D,20230106,000000,21.6611,22.04,21.6611,21.98,23246,0
RDVI.US,D,20230109,000000,22.06,22.22,21.917,21.95,38486,0
RDVI.US,D,20230110,000000,21.92,22.17,21.9099,22.17,38731,0
RDVI.US,D,20230111,000000,22.41,22.41,22.208,22.38,50294,0
RDVI.US,D,20230112,000000,22.44,22.61,22.41,22.4767,21765,0
RDVI.US,D,20230113,000000,22.2647,22.59,22.2647,22.5682,18849,0
RDVI.US,D,20230117,000000,22.4,22.52,22.325,22.36,76445,0
RDVI.US,D,20230118,000000,22.44,22.55,22.068,22.068,30615,0
RDVI.US,D,20230119,000000,21.85,21.92,21.67,21.83,12974,0
RDVI.US,D,20230120,000000,21.82,22.25,21.805,22.25,66825,0
RDVI.US,D,20230123,000000,23.49,23.49,22.3187,22.61,42898,0
RDVI.US,D,20230124,000000,22.86,22.86,22.262,22.42,44611,0
RDVI.US,D,20230125,000000,22.77,22.77,22.28,22.66,65737,0
RDVI.US,D,20230126,000000,22.5874,22.7311,22.5874,22.7311,12191,0
RDVI.US,D,20230127,000000,22.825,22.86,22.7061,22.76,61455,0
RDVI.US,D,20230130,000000,22.6,22.7,22.54,22.55,24482,0
RDVI.US,D,20230131,000000,22.8,23,22.65,23,72645,0
RDVI.US,D,20230201,000000,22.895,23.315,22.85,23.16,10406,0
RDVI.US,D,20230202,000000,23.39,23.52,23.25,23.46,86444,0
RDVI.US,D,20230203,000000,23.4738,23.53,23.275,23.3188,24254,0
RDVI.US,D,20230206,000000,23.31,23.41,23.0801,23.1,44058,0
RDVI.US,D,20230207,000000,23.34,23.45,23.0601,23.38,27910,0
RDVI.US,D,20230208,000000,23.8,23.8,23.165,23.1687,52525,0
RDVI.US,D,20230209,000000,23.63,23.63,22.9349,23,64592,0
RDVI.US,D,20230210,000000,23.015,23.06,22.8655,23.03,136635,0
RDVI.US,D,20230213,000000,23.075,23.28,23.075,23.27,21301,0
RDVI.US,D,20230214,000000,23.09,23.35,23.05,23.21,39848,0
RDVI.US,D,20230215,000000,23.22,23.25,23.08,23.25,56775,0
RDVI.US,D,20230216,000000,24.76,24.76,22.86,23.04,53825,0
RDVI.US,D,20230217,000000,22.87,22.94,22.7813,22.92,30061,0
RDVI.US,D,20230221,000000,22.91,22.91,22.31,22.38,92996,0
RDVI.US,D,20230222,000000,22.37,22.37,22.12,22.215,30683,0
RDVI.US,D,20230223,000000,22.56,22.56,22.03,22.27,22097,0
RDVI.US,D,20230224,000000,22.04,22.18,21.96,22.14,44120,0
RDVI.US,D,20230227,000000,22.99,25.29,22.1263,22.1263,17613,0
RDVI.US,D,20230228,000000,22.98,22.98,22.1,22.1,37935,0
RDVI.US,D,20230301,000000,22.2299,22.28,22.0801,22.09,39668,0
RDVI.US,D,20230302,000000,22.57,22.57,21.9597,22.17,17217,0
RDVI.US,D,20230303,000000,22.19,22.41,22.17,22.39,29696,0
RDVI.US,D,20230306,000000,22.415,22.48,22.27,22.2899,42024,0
RDVI.US,D,20230307,000000,22.27,22.27,21.86,21.87,56876,0
RDVI.US,D,20230308,000000,22.02,22.02,21.76,21.89,305823,0
RDVI.US,D,20230309,000000,21.9199,21.92,21.3143,21.36,71874,0
RDVI.US,D,20230310,000000,21.3,21.3,20.8145,20.98,44979,0
RDVI.US,D,20230313,000000,20.42,20.68,20.38,20.44,125088,0
RDVI.US,D,20230314,000000,20.87,20.95,20.57,20.81,115927,0
RDVI.US,D,20230315,000000,20.35,20.47,20.09,20.354,232374,0
RDVI.US,D,20230316,000000,20.27,20.8,20.22,20.76,226541,0
RDVI.US,D,20230317,000000,20.8,20.8,20.28,20.3952,60882,0
RDVI.US,D,20230320,000000,20.56,20.895,20.56,20.71,58756,0
RDVI.US,D,20230321,000000,21.18,21.3,21.165,21.26,61986,0
RDVI.US,D,20230322,000000,21.245,21.31,20.74,20.74,162873,0
RDVI.US,D,20230323,000000,20.92,21.13,20.4919,20.68,56379,0
RDVI.US,D,20230324,000000,20.05,20.61,20.05,20.59,82776,0
RDVI.US,D,20230327,000000,20.88,20.95,20.685,20.75,100350,0
RDVI.US,D,20230328,000000,20.88,20.89,20.67,20.78,96602,0
RDVI.US,D,20230329,000000,21.25,21.25,20.93,21.13,133368,0
RDVI.US,D,20230330,000000,21.55,21.55,21.045,21.14,170879,0
RDVI.US,D,20230331,000000,21.25,21.47,21.14,21.47,82699,0
RDVI.US,D,20230403,000000,21.46,21.62,21.353,21.55,158009,0
RDVI.US,D,20230404,000000,21.88,21.88,21.03,21.14,56301,0
RDVI.US,D,20230405,000000,21.4,21.4,20.9013,21.09,72056,0
RDVI.US,D,20230406,000000,21.24,21.24,21.02,21.1,378304,0
RDVI.US,D,20230410,000000,21.19,21.34,21.16,21.31,96456,0
RDVI.US,D,20230411,000000,21.7,21.7,21.4301,21.59,90414,0
RDVI.US,D,20230412,000000,22.03,22.03,21.479,21.52,128588,0
RDVI.US,D,20230413,000000,21.68,21.69,21.44,21.66,67869,0
RDVI.US,D,20230414,000000,22.06,22.06,21.5494,21.71,101805,0
RDVI.US,D,20230417,000000,21.77,21.84,21.6061,21.84,150671,0
RDVI.US,D,20230418,000000,21.81,21.8696,21.7001,21.86,86127,0
RDVI.US,D,20230419,000000,21.83,21.84,21.6202,21.8,79240,0
RDVI.US,D,20230420,000000,21.8,21.82,21.65,21.76,73687,0
RDVI.US,D,20230421,000000,21.74,21.74,21.38,21.49,88341,0
RDVI.US,D,20230424,000000,21.62,21.62,21.41,21.5,270317,0
RDVI.US,D,20230425,000000,21.53,21.53,21.01,21.05,262384,0
RDVI.US,D,20230426,000000,21.29,21.29,20.8624,20.96,354174,0
RDVI.US,D,20230427,000000,21.21,21.3,20.9881,21.27,192468,0
RDVI.US,D,20230428,000000,21.3,21.56,21.26,21.5,204241,0
RDVI.US,D,20230501,000000,21.7,21.7,21.31,21.34,157162,0
RDVI.US,D,20230502,000000,21.44,21.44,20.6,20.98,121854,0
RDVI.US,D,20230503,000000,21.19,21.19,20.615,20.65,252197,0
RDVI.US,D,20230504,000000,20.71,20.71,20.07,20.27,238703,0
RDVI.US,D,20230505,000000,20.635,20.8455,20.4562,20.79,391138,0
RDVI.US,D,20230508,000000,21.19,21.19,20.74,20.78,95357,0
RDVI.US,D,20230509,000000,20.5,20.81,20.5,20.73,107117,0
RDVI.US,D,20230510,000000,20.78,20.78,20.43,20.6,402344,0
RDVI.US,D,20230511,000000,20.59,20.59,20.37,20.5,292276,0
RDVI.US,D,20230512,000000,20.73,20.73,20.35,20.5,149397,0
RDVI.US,D,20230515,000000,20.85,20.85,20.5114,20.76,138136,0
RDVI.US,D,20230516,000000,20.88,20.93,20.55,20.55,252596,0
RDVI.US,D,20230517,000000,20.72,21.0999,20.68,21.02,155688,0
RDVI.US,D,20230518,000000,21.13,21.33,20.8901,21.32,174762,0
RDVI.US,D,20230519,000000,21.33,21.51,21.1001,21.18,232826,0
RDVI.US,D,20230522,000000,21.49,21.49,21.145,21.31,198519,0
RDVI.US,D,20230523,000000,21.3,21.34,20.92,21.1,396651,0
RDVI.US,D,20230524,000000,20.81,20.94,20.79,20.82,118417,0
RDVI.US,D,20230525,000000,21.05,21.05,20.7005,20.88,155401,0
RDVI.US,D,20230526,000000,20.98,21.18,20.915,21.1,576330,0
RDVI.US,D,20230530,000000,21.27,21.27,20.93,21.03,433788,0
RDVI.US,D,20230531,000000,20.96,21.17,20.61,20.7,226220,0
RDVI.US,D,20230601,000000,20.77,21.05,20.7,20.96,385696,0
RDVI.US,D,20230602,000000,21.34,21.58,21.15,21.54,170886,0
RDVI.US,D,20230605,000000,21.67,21.67,21.2881,21.37,797604,0
RDVI.US,D,20230606,000000,21.45,21.74,21.43,21.73,98112,0
RDVI.US,D,20230607,000000,21.86,22.03,21.69,21.99,237486,0
RDVI.US,D,20230608,000000,22.12,22.12,21.72,21.87,180592,0
RDVI.US,D,20230609,000000,22.18,22.18,21.76,21.82,164564,0
RDVI.US,D,20230612,000000,21.95,21.95,21.71,21.85,182801,0
RDVI.US,D,20230613,000000,22.15,22.18,21.94,22.13,361031,0
RDVI.US,D,20230614,000000,22.3,22.3133,21.753,21.84,151473,0
RDVI.US,D,20230615,000000,21.64,22.08,21.64,22.06,196571,0
RDVI.US,D,20230616,000000,22.04,22.0499,21.92,21.97,106501,0
RDVI.US,D,20230620,000000,22.01,22.01,21.58,21.73,216487,0
RDVI.US,D,20230621,000000,21.92,21.92,21.68,21.75,178141,0
RDVI.US,D,20230622,000000,21.87,21.87,21.5028,21.59,266253,0
RDVI.US,D,20230623,000000,21.51,21.52,21.37,21.45,137174,0
RDVI.US,D,20230626,000000,21.48,21.693,21.48,21.58,116823,0
RDVI.US,D,20230627,000000,21.75,21.75,21.36,21.69,172625,0
RDVI.US,D,20230628,000000,21.79,21.8399,21.54,21.69,455230,0
RDVI.US,D,20230629,000000,21.99,21.99,21.7587,21.9,168308,0
RDVI.US,D,20230630,000000,22.14,22.14,21.8771,21.97,461822,0
RDVI.US,D,20230703,000000,22.08,22.18,21.99,22.12,138867,0
RDVI.US,D,20230705,000000,22.11,22.11,21.91,21.91,132853,0
RDVI.US,D,20230706,000000,21.83,21.83,21.4,21.61,155648,0
RDVI.US,D,20230707,000000,21.43,22,21.43,21.8,391344,0
RDVI.US,D,20230710,000000,21.98,22,21.82,21.98,78435,0
RDVI.US,D,20230711,000000,22.1,22.2999,22.0031,22.27,241445,0
RDVI.US,D,20230712,000000,22.58,22.58,22.3,22.36,186110,0
RDVI.US,D,20230713,000000,22.54,22.56,22.37,22.49,253235,0
RDVI.US,D,20230714,000000,22.56,22.56,22.22,22.28,335786,0
RDVI.US,D,20230717,000000,22.18,22.49,22.18,22.45,236422,0
RDVI.US,D,20230718,000000,22.5,22.78,22.48,22.76,356440,0
RDVI.US,D,20230719,000000,22.82,22.839,22.685,22.79,165993,0
RDVI.US,D,20230720,000000,22.76,22.76,22.6,22.72,157086,0
RDVI.US,D,20230721,000000,22.84,22.84,22.4,22.48,353147,0
RDVI.US,D,20230724,000000,22.53,22.77,22.53,22.7,257097,0
RDVI.US,D,20230725,000000,22.74,22.8,22.6599,22.66,175719,0
RDVI.US,D,20230726,000000,22.74,22.7775,22.6238,22.71,142481,0
RDVI.US,D,20230727,000000,22.81,22.89,22.55,22.59,186826,0
RDVI.US,D,20230728,000000,22.65,22.698,22.587,22.68,245753,0
RDVI.US,D,20230731,000000,22.76,22.8692,22.76,22.84,176795,0
RDVI.US,D,20230801,000000,22.85,22.9,22.64,22.78,263419,0
RDVI.US,D,20230802,000000,22.76,22.76,22.37,22.5,148125,0
RDVI.US,D,20230803,000000,22.52,22.71,22.36,22.63,260956,0
RDVI.US,D,20230804,000000,22.7,22.874,22.57,22.6,104764,0
RDVI.US,D,20230807,000000,22.51,22.78,22.51,22.78,149202,0
RDVI.US,D,20230808,000000,22.82,22.82,22.2917,22.63,149482,0
RDVI.US,D,20230809,000000,22.69,22.72,22.4899,22.51,171097,0
RDVI.US,D,20230810,000000,22.6,22.72,22.3796,22.44,267503,0
RDVI.US,D,20230811,000000,22.47,22.51,22.32,22.47,646340,0
RDVI.US,D,20230814,000000,22.49,22.63,22.29,22.46,116427,0
RDVI.US,D,20230815,000000,22.38,22.42,22.01,22.035,146600,0
RDVI.US,D,20230816,000000,22.11,22.1314,21.8999,21.9,161244,0
RDVI.US,D,20230817,000000,21.99,22.32,21.8601,21.91,144284,0
RDVI.US,D,20230818,000000,21.87,21.97,21.8,21.93,202454,0
RDVI.US,D,20230821,000000,21.96,22.029,21.77,21.9,110326,0
RDVI.US,D,20230822,000000,22.12,22.12,21.5176,21.53,157250,0
RDVI.US,D,20230823,000000,21.59,21.63,21.43,21.62,310811,0
RDVI.US,D,20230824,000000,21.63,21.7699,21.5,21.505,177804,0
RDVI.US,D,20230825,000000,21.55,21.61,21.35,21.54,307627,0
RDVI.US,D,20230828,000000,21.53,21.7999,21.53,21.71,138084,0
RDVI.US,D,20230829,000000,21.77,21.96,21.665,21.95,319319,0
RDVI.US,D,20230830,000000,22.01,22.02,21.9009,21.95,438782,0
RDVI.US,D,20230831,000000,22.01,22.03,21.9,21.93,253818,0
RDVI.US,D,20230901,000000,22.01,22.37,22.01,22.17,371083,0
RDVI.US,D,20230905,000000,22.14,22.24,21.93,21.99,585387,0
RDVI.US,D,20230906,000000,22.05,22.05,21.7399,21.86,149371,0
RDVI.US,D,20230907,000000,21.87,21.87,21.66,21.71,182818,0
RDVI.US,D,20230908,000000,21.79,21.83,21.655,21.78,170704,0
RDVI.US,D,20230911,000000,21.81,21.97,21.66,21.68,136542,0
RDVI.US,D,20230912,000000,21.78,21.93,21.68,21.82,172958,0
RDVI.US,D,20230913,000000,21.9,21.95,21.5901,21.68,208881,0
RDVI.US,D,20230914,000000,21.79,21.935,21.79,21.91,203586,0
RDVI.US,D,20230915,000000,21.92,21.92,21.7099,21.75,170151,0
RDVI.US,D,20230918,000000,21.8,21.8,21.63,21.71,155369,0
RDVI.US,D,20230919,000000,21.77,21.8,21.57,21.69,153517,0
RDVI.US,D,20230920,000000,21.79,21.87,21.54,21.55,187223,0
RDVI.US,D,20230921,000000,21.6,21.6,21.23,21.27,353429,0
RDVI.US,D,20230922,000000,21.18,21.22,21.03,21.04,130077,0
RDVI.US,D,20230925,000000,21,21.18,21,21.17,181400,0
RDVI.US,D,20230926,000000,21.14,21.14,20.88,20.9,174943,0
RDVI.US,D,20230927,000000,20.97,21.0302,20.83,20.98,163022,0
RDVI.US,D,20230928,000000,21.01,21.19,20.97,21.13,112832,0
RDVI.US,D,20230929,000000,21.21,21.3199,21.0102,21.07,129364,0
RDVI.US,D,20231002,000000,21.06,21.07,20.77,20.87,202515,0
RDVI.US,D,20231003,000000,20.85,20.85,20.52,20.62,108013,0
RDVI.US,D,20231004,000000,20.69,20.69,20.42,20.59,215415,0
RDVI.US,D,20231005,000000,20.61,20.6599,20.48,20.63,146871,0
RDVI.US,D,20231006,000000,20.63,20.91,20.475,20.79,173753,0
RDVI.US,D,20231009,000000,20.78,21.01,20.73,20.96,272444,0
RDVI.US,D,20231010,000000,21.03,21.26,21.02,21.11,334962,0
RDVI.US,D,20231011,000000,21.07,21.1601,20.9325,21.06,132286,0
RDVI.US,D,20231012,000000,21.14,21.14,20.75,20.87,193250,0
RDVI.US,D,20231013,000000,20.95,21.03,20.7401,20.87,151022,0
RDVI.US,D,20231016,000000,21.05,21.15,20.9599,21.1,124429,0
RDVI.US,D,20231017,000000,21.15,21.39,21.03,21.32,305197,0
RDVI.US,D,20231018,000000,21.22,21.25,20.95,20.99,203352,0
RDVI.US,D,20231019,000000,21.07,21.07,20.69,20.73,125918,0
RDVI.US,D,20231020,000000,20.8,20.8,20.33,20.34,201586,0
RDVI.US,D,20231023,000000,20.35,20.52,20.11,20.21,174450,0
RDVI.US,D,20231024,000000,20.06,20.2293,20.005,20.07,144127,0
RDVI.US,D,20231025,000000,20.04,20.08,19.92,19.99,168334,0
RDVI.US,D,20231026,000000,20.06,20.16,19.9898,20.03,161934,0
RDVI.US,D,20231027,000000,20.11,20.11,19.7934,19.85,230612,0
RDVI.US,D,20231030,000000,20,20.07,19.85,20.02,323788,0
RDVI.US,D,20231031,000000,20.05,20.2,20,20.16,276187,0
RDVI.US,D,20231101,000000,20.16,20.27,20.09,20.23,391173,0
RDVI.US,D,20231102,000000,20.27,20.78,20.25,20.78,438232,0
RDVI.US,D,20231103,000000,20.84,21.18,20.78,21.08,367153,0
RDVI.US,D,20231106,000000,21.14,21.155,20.845,20.92,146124,0
RDVI.US,D,20231107,000000,20.95,20.95,20.7502,20.8,166690,0
RDVI.US,D,20231108,000000,20.79,20.8318,20.6317,20.69,230310,0
RDVI.US,D,20231109,000000,20.76,20.78,20.5301,20.56,203238,0
RDVI.US,D,20231110,000000,20.61,20.78,20.56,20.78,129339,0
RDVI.US,D,20231113,000000,20.75,20.8,20.66,20.73,159843,0
RDVI.US,D,20231114,000000,21.14,21.3599,21.1075,21.28,203852,0
RDVI.US,D,20231115,000000,21.275,21.4902,21.21,21.39,143599,0
RDVI.US,D,20231116,000000,21.4,21.4,21.11,21.21,199057,0
RDVI.US,D,20231117,000000,21.3,21.44,21.273,21.42,185991,0
RDVI.US,D,20231120,000000,21.4,21.5125,21.35,21.46,376880,0
RDVI.US,D,20231121,000000,21.28,21.33,21,21.21,201493,0
RDVI.US,D,20231122,000000,21.25,21.32,21.17,21.32,153319,0
RDVI.US,D,20231124,000000,21.31,21.39,21.2772,21.35,52914,0
RDVI.US,D,20231127,000000,21.31,21.31,21.2204,21.29,86932,0
RDVI.US,D,20231128,000000,21.29,21.36,21.1875,21.28,214033,0
RDVI.US,D,20231129,000000,21.4,21.58,21.4,21.46,204325,0
RDVI.US,D,20231130,000000,21.58,21.685,21.46,21.68,249899,0
RDVI.US,D,20231201,000000,21.68,22.05,21.61,22,190181,0
RDVI.US,D,20231204,000000,21.95,22.0497,21.9,22,505522,0
RDVI.US,D,20231205,000000,21.97,21.97,21.7498,21.81,551473,0
RDVI.US,D,20231206,000000,21.83,22.04,21.675,21.69,324188,0
RDVI.US,D,20231207,000000,21.71,21.86,21.71,21.85,257940,0
RDVI.US,D,20231208,000000,21.85,22.05,21.85,22.01,161732,0
RDVI.US,D,20231211,000000,22.03,22.1678,22.01,22.13,134086,0
RDVI.US,D,20231212,000000,22.18,22.18,22.01,22.07,306881,0
RDVI.US,D,20231213,000000,22.11,22.51,21.98,22.5,235007,0
RDVI.US,D,20231214,000000,22.65,23.1,22.65,23.08,333778,0
RDVI.US,D,20231215,000000,23.08,23.1,22.9306,22.98,180136,0
RDVI.US,D,20231218,000000,23.16,23.16,22.9373,22.95,174884,0
RDVI.US,D,20231219,000000,23.01,23.22,22.9714,23.22,347757,0
RDVI.US,D,20231220,000000,23.25,23.27,22.87,22.87,393086,0
RDVI.US,D,20231221,000000,23,23.14,22.97,23.14,500285,0
RDVI.US,D,20231222,000000,23.07,23.115,22.97,23.04,170019,0
RDVI.US,D,20231226,000000,23.1,23.2398,23.08,23.19,233876,0
RDVI.US,D,20231227,000000,23.27,23.27,23.1499,23.21,313193,0
RDVI.US,D,20231228,000000,23.27,23.27,23.1504,23.17,244236,0
RDVI.US,D,20231229,000000,23.24,23.24,23.02,23.08,305138,0
RDVI.US,D,20240102,000000,22.995,23.2,22.995,23.13,174449,0
RDVI.US,D,20240103,000000,23.08,23.09,22.84,22.92,164792,0
RDVI.US,D,20240104,000000,23,23.0461,22.82,22.83,163827,0
RDVI.US,D,20240105,000000,22.83,23.0799,22.815,22.96,293044,0
RDVI.US,D,20240108,000000,22.99,23.08,22.79,23.08,315393,0
RDVI.US,D,20240109,000000,22.98,22.98,22.78,22.83,334099,0
RDVI.US,D,20240110,000000,22.76,22.8103,22.7,22.79,384536,0
RDVI.US,D,20240111,000000,22.84,22.84,22.54,22.75,305696,0
RDVI.US,D,20240112,000000,22.76,22.88,22.5801,22.67,444601,0
RDVI.US,D,20240116,000000,22.65,22.65,22.381,22.48,212528,0
RDVI.US,D,20240117,000000,22.39,22.4696,22.24,22.39,229212,0
RDVI.US,D,20240118,000000,22.49,22.49,22.14,22.34,404163,0
RDVI.US,D,20240119,000000,22.4,22.58,22.29,22.55,440818,0
RDVI.US,D,20240122,000000,22.67,22.69,22.57,22.65,332694,0
RDVI.US,D,20240123,000000,22.59,22.59,22.396,22.45,260846,0
RDVI.US,D,20240124,000000,22.55,22.66,22.4806,22.56,292235,0
RDVI.US,D,20240125,000000,22.57,22.7,22.5101,22.7,672773,0
RDVI.US,D,20240126,000000,22.67,22.82,22.6697,22.76,470811,0
RDVI.US,D,20240129,000000,22.81,22.905,22.69,22.9,375790,0
RDVI.US,D,20240130,000000,22.89,23.105,22.8555,23.09,336804,0
RDVI.US,D,20240131,000000,23.05,23.06,22.67,22.71,359992,0
RDVI.US,D,20240201,000000,22.73,22.8216,22.4,22.66,434452,0
RDVI.US,D,20240202,000000,22.68,22.72,22.49,22.66,286749,0
RDVI.US,D,20240205,000000,22.65,22.65,22.29,22.44,831409,0
RDVI.US,D,20240206,000000,22.46,22.58,22.44,22.53,244729,0
RDVI.US,D,20240207,000000,22.64,22.64,22.43,22.59,527384,0
RDVI.US,D,20240208,000000,22.66,22.66,22.48,22.62,313796,0
RDVI.US,D,20240209,000000,22.69,22.69,22.515,22.61,305116,0
RDVI.US,D,20240212,000000,22.66,22.92,22.63,22.83,214315,0
RDVI.US,D,20240213,000000,22.7,22.73,22.1506,22.73,294264,0
RDVI.US,D,20240214,000000,22.55,22.56,22.3899,22.55,261514,0
RDVI.US,D,20240215,000000,22.71,22.98,22.67,22.96,331528,0
RDVI.US,D,20240216,000000,22.97,22.995,22.83,22.86,209525,0
RDVI.US,D,20240220,000000,22.89,22.89,22.73,22.84,320336,0
RDVI.US,D,20240221,000000,22.69,22.73,22.56,22.73,199193,0
RDVI.US,D,20240222,000000,22.75,22.89,22.71,22.84,326881,0
RDVI.US,D,20240223,000000,22.92,22.95,22.79,22.92,448342,0
RDVI.US,D,20240226,000000,23,23.0096,22.8406,22.91,178681,0
RDVI.US,D,20240227,000000,23.04,23.05,22.9313,23.04,247644,0
RDVI.US,D,20240228,000000,22.995,23.12,22.9201,23.02,214265,0
RDVI.US,D,20240229,000000,23.2,23.2,23.0099,23.11,286751,0
RDVI.US,D,20240301,000000,23.13,23.38,23.13,23.3,329010,0
RDVI.US,D,20240304,000000,23.23,23.425,23.23,23.3,256519,0
RDVI.US,D,20240305,000000,23.16,23.4232,23.16,23.32,261646,0
RDVI.US,D,20240306,000000,23.51,23.51,23.28,23.38,296206,0
RDVI.US,D,20240307,000000,23.56,23.6304,23.5106,23.57,581694,0
RDVI.US,D,20240308,000000,23.64,23.7108,23.561,23.59,161813,0
RDVI.US,D,20240311,000000,23.59,23.68,23.41,23.68,202878,0
RDVI.US,D,20240312,000000,23.68,23.7899,23.5901,23.76,256130,0
RDVI.US,D,20240313,000000,23.73,23.96,23.73,23.92,449948,0
RDVI.US,D,20240314,000000,24,24,23.5797,23.7,386532,0
RDVI.US,D,20240315,000000,23.66,23.8,23.66,23.75,328588,0
RDVI.US,D,20240318,000000,23.88,23.95,23.72,23.86,218044,0
RDVI.US,D,20240319,000000,23.86,23.98,23.81,23.97,284557,0
RDVI.US,D,20240320,000000,23.97,24.36,23.92,24.33,345795,0
RDVI.US,D,20240321,000000,24.42,24.42,24.25,24.32,232644,0
RDVI.US,D,20240322,000000,24.36,24.36,24.03,24.06,268381,0
RDVI.US,D,20240325,000000,24.02,24.1277,24.02,24.03,210251,0
RDVI.US,D,20240326,000000,24.07,24.13,23.97,23.97,365616,0
RDVI.US,D,20240327,000000,24.13,24.32,24.0899,24.32,245243,0
RDVI.US,D,20240328,000000,24.41,24.51,24.3394,24.48,424353,0
RDVI.US,D,20240401,000000,24.73,24.73,24.3033,24.33,435748,0
RDVI.US,D,20240402,000000,24.27,24.27,24.01,24.12,212543,0
RDVI.US,D,20240403,000000,24.14,24.255,24.085,24.2,205848,0
RDVI.US,D,20240404,000000,24.42,24.42,23.9,23.95,198053,0
RDVI.US,D,20240405,000000,23.9,24.22,23.9,24.16,244719,0
RDVI.US,D,20240408,000000,24.145,24.29,24.145,24.21,181805,0
RDVI.US,D,20240409,000000,24.25,24.3,24.01,24.2,254702,0
RDVI.US,D,20240410,000000,24.04,24.04,23.69,23.78,319002,0
RDVI.US,D,20240411,000000,23.93,23.93,23.62,23.84,238921,0
RDVI.US,D,20240412,000000,23.73,23.77,23.4601,23.56,194749,0
RDVI.US,D,20240415,000000,23.735,23.9,23.3776,23.46,224894,0
RDVI.US,D,20240416,000000,23.48,23.48,23.22,23.35,287355,0
RDVI.US,D,20240417,000000,23.425,23.478,23.16,23.21,300706,0
RDVI.US,D,20240418,000000,23.25,23.466,23.171,23.21,204240,0
RDVI.US,D,20240419,000000,23.35,23.4098,23.21,23.35,239536,0
RDVI.US,D,20240422,000000,23.41,23.66,23.2862,23.54,200607,0
RDVI.US,D,20240423,000000,23.45,23.62,23.32,23.56,485593,0
RDVI.US,D,20240424,000000,23.61,23.67,23.51,23.62,258674,0
RDVI.US,D,20240425,000000,23.56,23.57,23.29,23.54,294377,0
RDVI.US,D,20240426,000000,23.52,23.63,23.48,23.5,211859,0
RDVI.US,D,20240429,000000,23.515,23.6,23.4907,23.6,238930,0
RDVI.US,D,20240430,000000,23.6,23.6,23.12,23.12,291905,0
RDVI.US,D,20240501,000000,23.06,23.39,23.06,23.105,206053,0
RDVI.US,D,20240502,000000,23.38,23.38,23.1,23.3,283738,0
RDVI.US,D,20240503,000000,23.59,23.59,23.4101,23.49,188916,0
RDVI.US,D,20240506,000000,23.65,23.749,23.63,23.69,262874,0
RDVI.US,D,20240507,000000,23.68,23.84,23.68,23.73,346064,0
RDVI.US,D,20240508,000000,23.71,23.7299,23.63,23.71,206552,0
RDVI.US,D,20240509,000000,23.71,23.91,23.71,23.91,324679,0
RDVI.US,D,20240510,000000,23.95,23.98,23.84,23.89,342317,0
RDVI.US,D,20240513,000000,24,24,23.8029,23.83,232978,0
RDVI.US,D,20240514,000000,23.91,23.96,23.8441,23.93,318819,0
RDVI.US,D,20240515,000000,24.03,24.15,23.9615,24.13,268043,0
RDVI.US,D,20240516,000000,24.14,24.17,24.015,24.02,288256,0
RDVI.US,D,20240517,000000,24.17,24.17,24.015,24.08,246287,0
RDVI.US,D,20240520,000000,24.17,24.17,23.9899,24.01,318042,0
RDVI.US,D,20240521,000000,23.89,23.89,23.77,23.87,289489,0
RDVI.US,D,20240522,000000,23.95,23.95,23.57,23.68,525528,0
RDVI.US,D,20240523,000000,23.68,23.68,23.3911,23.46,195100,0
RDVI.US,D,20240524,000000,23.56,23.6502,23.56,23.62,302136,0
RDVI.US,D,20240528,000000,23.66,23.66,23.437,23.5,243453,0
RDVI.US,D,20240529,000000,23.44,23.4418,23.205,23.24,231046,0
RDVI.US,D,20240530,000000,23.31,23.414,23.2401,23.39,1066657,0
RDVI.US,D,20240531,000000,23.52,23.73,23.31,23.72,332655,0
RDVI.US,D,20240603,000000,23.73,23.73,23.31,23.48,341045,0
RDVI.US,D,20240604,000000,23.46,23.46,23.18,23.25,234424,0
RDVI.US,D,20240605,000000,23.38,23.39,23.22,23.39,452010,0
RDVI.US,D,20240606,000000,23.39,23.435,23.28,23.36,224647,0
RDVI.US,D,20240607,000000,23.3,23.425,23.249,23.34,226081,0
RDVI.US,D,20240610,000000,23.32,23.395,23.18,23.38,236608,0
RDVI.US,D,20240611,000000,23.32,23.32,23.06,23.19,289508,0
RDVI.US,D,20240612,000000,23.37,23.56,23.3227,23.36,401851,0
RDVI.US,D,20240613,000000,23.43,23.43,23.14,23.31,210866,0
RDVI.US,D,20240614,000000,23.25,23.25,22.9801,23.1,201952,0
RDVI.US,D,20240617,000000,23.08,23.405,23,23.4,279387,0
RDVI.US,D,20240618,000000,23.39,23.49,23.3692,23.48,172657,0
RDVI.US,D,20240620,000000,23.57,23.57,23.46,23.54,186323,0
RDVI.US,D,20240621,000000,23.51,23.5352,23.365,23.51,158047,0
