<TICKER>,<PER>,<DATE>,<TIME>,<OPEN>,<HIGH>,<LOW>,<CLOSE>,<VOL>,<OPENINT>
RSBT.US,D,20230209,000000,21.19,21.19,19.9733,19.9733,97044,0
RSBT.US,D,20230210,000000,19.9,20.04,19.77,19.79,13925,0
RSBT.US,D,20230213,000000,19.98,20.7,19.98,20.7,12858,0
RSBT.US,D,20230214,000000,19.89,20.09,19.89,20.09,12136,0
RSBT.US,D,20230215,000000,19.9,20.01,19.83,19.94,5306,0
RSBT.US,D,20230216,000000,19.97,20.15,19.9022,20.0207,13147,0
RSBT.US,D,20230217,000000,19.98,21.14,19.98,20.087,6858,0
RSBT.US,D,20230221,000000,20.11,21.54,20.0266,20.0266,51053,0
RSBT.US,D,20230222,000000,20,20,19.9,19.94,12556,0
RSBT.US,D,20230223,000000,19.9499,19.96,19.8,19.8629,36723,0
RSBT.US,D,20230224,000000,19.75,19.8,19.68,19.7129,22293,0
RSBT.US,D,20230227,000000,19.8701,19.95,19.8679,19.8679,4837,0
RSBT.US,D,20230228,000000,19.917,19.917,19.7768,19.7768,9501,0
RSBT.US,D,20230301,000000,19.94,19.97,19.8945,19.9399,41481,0
RSBT.US,D,20230302,000000,20.05,20.05,19.91,20.02,18542,0
RSBT.US,D,20230303,000000,19.97,20.14,19.92,20.0702,24228,0
RSBT.US,D,20230306,000000,20.15,20.215,20.05,20.15,16383,0
RSBT.US,D,20230307,000000,20.12,20.15,20.0601,20.09,21023,0
RSBT.US,D,20230308,000000,20.12,20.18,20.05,20.1539,63780,0
RSBT.US,D,20230309,000000,20.12,20.12,19.79,19.79,12722,0
RSBT.US,D,20230310,000000,19.39,19.39,19.0501,19.0501,10670,0
RSBT.US,D,20230313,000000,18.2,18.32,18.0743,18.0743,17726,0
RSBT.US,D,20230314,000000,18.3,18.39,18.26,18.3003,9819,0
RSBT.US,D,20230315,000000,18.2,18.2,18.1,18.1676,3628,0
RSBT.US,D,20230316,000000,18.15,18.2,18.141,18.1662,5872,0
RSBT.US,D,20230317,000000,18.34,18.34,18.225,18.2699,23829,0
RSBT.US,D,20230320,000000,18.24,18.24,18.085,18.1,35301,0
RSBT.US,D,20230321,000000,18.13,18.14,18.07,18.0947,6881,0
RSBT.US,D,20230322,000000,18.129,18.33,18.129,18.3081,10685,0
RSBT.US,D,20230323,000000,18.31,18.39,18.31,18.365,4608,0
RSBT.US,D,20230324,000000,18.36,18.36,18.2607,18.28,2515,0
RSBT.US,D,20230327,000000,18.22,18.22,18.15,18.165,17461,0
RSBT.US,D,20230328,000000,18.15,18.1761,18.11,18.1761,25033,0
RSBT.US,D,20230329,000000,18.15,18.17,18.118,18.1277,5636,0
RSBT.US,D,20230330,000000,18.07,18.24,18.07,18.2261,13978,0
RSBT.US,D,20230331,000000,18.23,18.26,18.21,18.26,4352,0
RSBT.US,D,20230403,000000,18.29,18.38,18.29,18.38,15359,0
RSBT.US,D,20230404,000000,18.32,18.4699,18.32,18.425,14258,0
RSBT.US,D,20230405,000000,18.44,18.99,18.42,18.42,24818,0
RSBT.US,D,20230406,000000,18.4574,18.53,18.45,18.5073,71560,0
RSBT.US,D,20230410,000000,18.36,19.335,18.2501,18.32,15699,0
RSBT.US,D,20230411,000000,18.825,18.925,18.3,18.3029,7854,0
RSBT.US,D,20230412,000000,18.825,18.825,18.41,18.4601,16662,0
RSBT.US,D,20230413,000000,18.53,18.72,18.49,18.5,136599,0
RSBT.US,D,20230414,000000,18.46,18.5,18.3,18.355,9109,0
RSBT.US,D,20230417,000000,18.31,18.31,18.13,18.2139,12837,0
RSBT.US,D,20230418,000000,18.16,18.3,18.16,18.245,26377,0
RSBT.US,D,20230419,000000,18.23,18.4,18.205,18.2528,7139,0
RSBT.US,D,20230420,000000,18.32,18.35,18.26,18.2839,19844,0
RSBT.US,D,20230421,000000,18.2811,18.33,18.27,18.2988,20834,0
RSBT.US,D,20230424,000000,18.37,18.4,18.3,18.34,22593,0
RSBT.US,D,20230425,000000,18.35,18.38,18.3468,18.37,24208,0
RSBT.US,D,20230426,000000,18.37,18.4,18.3026,18.3026,8056,0
RSBT.US,D,20230427,000000,18.289,18.3,18.23,18.2851,6154,0
RSBT.US,D,20230428,000000,18.45,18.45,18.35,18.4157,55762,0
RSBT.US,D,20230501,000000,18.41,18.41,18.26,18.26,2945,0
RSBT.US,D,20230502,000000,18.25,18.36,18.25,18.33,5718,0
RSBT.US,D,20230503,000000,18.47,18.69,18.4261,18.4466,6990,0
RSBT.US,D,20230504,000000,18.4,18.48,18.37,18.405,8305,0
RSBT.US,D,20230505,000000,18.33,18.33,18.16,18.299,5445,0
RSBT.US,D,20230508,000000,18.245,18.29,18.2227,18.2227,32290,0
RSBT.US,D,20230509,000000,18.14,18.17,18.11,18.15,2653,0
RSBT.US,D,20230510,000000,18.1642,18.2299,18.12,18.2299,7334,0
RSBT.US,D,20230511,000000,18.15,18.17,18.1489,18.1499,3256,0
RSBT.US,D,20230512,000000,18.14,18.16,18.0368,18.05,4502,0
RSBT.US,D,20230515,000000,18,18.04,17.97,17.985,4246,0
RSBT.US,D,20230516,000000,17.9,17.96,17.88,17.95,4565,0
RSBT.US,D,20230517,000000,17.96,17.97,17.945,17.945,1755,0
RSBT.US,D,20230518,000000,17.9717,17.98,17.87,17.9401,10015,0
RSBT.US,D,20230519,000000,17.9,17.979,17.9,17.931,1366,0
RSBT.US,D,20230522,000000,18.04,18.07,18.015,18.015,1963,0
RSBT.US,D,20230523,000000,18,18.02,17.92,17.935,6361,0
RSBT.US,D,20230524,000000,17.87,17.87,17.8,17.825,92235,0
RSBT.US,D,20230525,000000,17.84,17.99,17.81,17.955,2862,0
RSBT.US,D,20230526,000000,17.98,18.15,17.98,18.135,2404,0
RSBT.US,D,20230530,000000,18.14,18.17,18.09,18.11,3631,0
RSBT.US,D,20230531,000000,18.05,18.06,17.9877,18.0194,6324,0
RSBT.US,D,20230601,000000,18.02,18.08,18.02,18.035,4162,0
RSBT.US,D,20230602,000000,18.09,18.1,18.01,18.06,3035,0
RSBT.US,D,20230605,000000,18.01,18.11,18.01,18.075,6144,0
RSBT.US,D,20230606,000000,18.02,18.1,18.02,18.09,4164,0
RSBT.US,D,20230607,000000,18.04,18.04,17.9001,17.9341,10206,0
RSBT.US,D,20230608,000000,17.95,18.035,17.94,18.0123,6598,0
RSBT.US,D,20230609,000000,18.0768,18.1,18.05,18.0804,4953,0
RSBT.US,D,20230612,000000,18.08,18.23,18.07,18.23,28470,0
RSBT.US,D,20230613,000000,18.23,18.34,18.23,18.305,86187,0
RSBT.US,D,20230614,000000,18.359,18.3999,18.31,18.369,11777,0
RSBT.US,D,20230615,000000,18.35,18.49,18.35,18.4689,36736,0
RSBT.US,D,20230616,000000,18.73,18.73,18.505,18.5299,3555,0
RSBT.US,D,20230620,000000,18.45,18.47,18.36,18.45,35997,0
RSBT.US,D,20230621,000000,18.459,18.46,18.3599,18.3731,9477,0
RSBT.US,D,20230622,000000,18.37,18.4505,18.37,18.4505,1372,0
RSBT.US,D,20230623,000000,18.26,18.32,18.22,18.275,4628,0
RSBT.US,D,20230626,000000,18.26,18.26,18.15,18.167,7210,0
RSBT.US,D,20230627,000000,18.2482,18.4,18.2482,18.4,10876,0
RSBT.US,D,20230628,000000,18.419,18.419,18.385,18.385,2826,0
RSBT.US,D,20230629,000000,18.351,18.3896,18.351,18.3896,1703,0
RSBT.US,D,20230630,000000,18.53,18.57,18.48,18.5,104057,0
RSBT.US,D,20230703,000000,18.46,18.72,18.46,18.72,21191,0
RSBT.US,D,20230705,000000,18.51,18.5599,18.47,18.535,9678,0
RSBT.US,D,20230706,000000,18.4297,18.45,18.36,18.45,11598,0
RSBT.US,D,20230707,000000,18.275,18.34,18.27,18.28,12340,0
RSBT.US,D,20230710,000000,18.26,18.26,18.18,18.1829,15936,0
RSBT.US,D,20230711,000000,18.1718,18.24,18.1718,18.2203,7124,0
RSBT.US,D,20230712,000000,18.1401,18.2199,18.12,18.17,11162,0
RSBT.US,D,20230713,000000,18.229,18.27,18.18,18.26,9510,0
RSBT.US,D,20230714,000000,18.24,18.36,18.22,18.22,6548,0
RSBT.US,D,20230717,000000,18.28,18.35,18.28,18.35,3335,0
RSBT.US,D,20230718,000000,18.25,18.389,18.2001,18.3761,2848,0
RSBT.US,D,20230719,000000,18.32,18.4,18.2735,18.325,8760,0
RSBT.US,D,20230720,000000,18.2,18.2,18.03,18.03,9340,0
RSBT.US,D,20230721,000000,18.125,18.2,18.07,18.07,14679,0
RSBT.US,D,20230724,000000,18.18,18.18,18.05,18.0899,22380,0
RSBT.US,D,20230725,000000,18.06,18.14,18.03,18.118,9377,0
RSBT.US,D,20230726,000000,18.169,18.17,18.11,18.1284,7733,0
RSBT.US,D,20230727,000000,18.23,18.3,18,18.0053,11716,0
RSBT.US,D,20230728,000000,18.2501,18.36,18.2501,18.3057,9448,0
RSBT.US,D,20230731,000000,18.34,18.41,18.31,18.354,32394,0
RSBT.US,D,20230801,000000,18.35,18.39,18.28,18.34,22585,0
RSBT.US,D,20230802,000000,18.13,18.13,17.9301,17.9301,11943,0
RSBT.US,D,20230803,000000,17.89,17.89,17.81,17.8497,8918,0
RSBT.US,D,20230804,000000,17.81,17.94,17.7301,17.7301,6622,0
RSBT.US,D,20230807,000000,17.8,17.87,17.7501,17.87,6497,0
RSBT.US,D,20230808,000000,17.82,17.82,17.69,17.785,1967,0
RSBT.US,D,20230809,000000,17.68,17.909,17.68,17.87,3472,0
RSBT.US,D,20230810,000000,17.95,17.95,17.8033,17.89,7421,0
RSBT.US,D,20230811,000000,17.8311,17.86,17.8201,17.86,6110,0
RSBT.US,D,20230814,000000,17.82,17.95,17.82,17.94,30825,0
RSBT.US,D,20230815,000000,17.843,17.875,17.8101,17.822,2453,0
RSBT.US,D,20230816,000000,17.83,17.87,17.7787,17.795,9081,0
RSBT.US,D,20230817,000000,17.8,17.8,17.7298,17.7298,3191,0
RSBT.US,D,20230818,000000,17.69,17.7102,17.65,17.7102,3476,0
RSBT.US,D,20230821,000000,17.92,17.92,17.8,17.835,4862,0
RSBT.US,D,20230822,000000,17.78,17.78,17.76,17.76,744,0
RSBT.US,D,20230823,000000,17.66,17.66,17.5,17.585,16935,0
RSBT.US,D,20230824,000000,17.58,17.66,17.58,17.6153,4628,0
RSBT.US,D,20230825,000000,17.7,17.7599,17.67,17.7,4618,0
RSBT.US,D,20230828,000000,17.7553,17.7553,17.71,17.71,967,0
RSBT.US,D,20230829,000000,17.71,17.73,17.66,17.675,9610,0
RSBT.US,D,20230830,000000,17.61,17.6891,17.5757,17.6799,46299,0
RSBT.US,D,20230831,000000,17.77,17.77,17.57,17.57,9237,0
RSBT.US,D,20230901,000000,17.6,17.7,17.57,17.665,35127,0
RSBT.US,D,20230905,000000,17.78,17.91,17.78,17.81,4744,0
RSBT.US,D,20230906,000000,17.81,17.85,17.78,17.81,4937,0
RSBT.US,D,20230907,000000,17.7522,17.78,17.71,17.75,6930,0
RSBT.US,D,20230908,000000,17.785,17.8505,17.76,17.8258,5780,0
RSBT.US,D,20230911,000000,17.75,17.814,17.69,17.814,7203,0
RSBT.US,D,20230912,000000,17.908,17.908,17.81,17.825,7049,0
RSBT.US,D,20230913,000000,17.98,17.98,17.82,17.845,31759,0
RSBT.US,D,20230914,000000,17.86,18.015,17.86,18.015,2933,0
RSBT.US,D,20230915,000000,17.88,17.95,17.88,17.93,5688,0
RSBT.US,D,20230918,000000,17.95,17.95,17.86,17.86,6948,0
RSBT.US,D,20230919,000000,17.88,17.9599,17.88,17.95,2852,0
RSBT.US,D,20230920,000000,17.84,17.92,17.809,17.8632,5237,0
RSBT.US,D,20230921,000000,17.95,18.02,17.69,17.69,7237,0
RSBT.US,D,20230922,000000,17.87,17.87,17.7403,17.7403,3947,0
RSBT.US,D,20230925,000000,17.86,17.949,17.855,17.86,7400,0
RSBT.US,D,20230926,000000,17.95,18.415,17.8,17.87,68229,0
RSBT.US,D,20230927,000000,18.065,18.24,18.065,18.202,5797,0
RSBT.US,D,20230928,000000,17.94,18.15,17.94,18.0848,7431,0
RSBT.US,D,20230929,000000,17.91,18.04,17.91,17.982,16772,0
RSBT.US,D,20231002,000000,18.09,18.15,18.09,18.15,15281,0
RSBT.US,D,20231003,000000,18.13,18.159,18.065,18.1,12475,0
RSBT.US,D,20231004,000000,17.9499,18.02,17.85,17.8778,20514,0
RSBT.US,D,20231005,000000,17.8,17.81,17.655,17.6956,11982,0
RSBT.US,D,20231006,000000,17.82,17.8305,17.6343,17.6807,12507,0
RSBT.US,D,20231009,000000,17.67,17.67,17.54,17.57,11326,0
RSBT.US,D,20231010,000000,17.66,17.66,17.52,17.535,28248,0
RSBT.US,D,20231011,000000,17.5,17.588,17.49,17.5,3848,0
RSBT.US,D,20231012,000000,17.78,17.83,17.78,17.78,23118,0
RSBT.US,D,20231013,000000,17.8,17.8,17.7,17.725,7059,0
RSBT.US,D,20231016,000000,17.64,17.69,17.64,17.67,17629,0
RSBT.US,D,20231017,000000,17.6445,17.68,17.63,17.6701,16000,0
RSBT.US,D,20231018,000000,17.67,17.72,17.6683,17.72,218693,0
RSBT.US,D,20231019,000000,17.71,17.71,17.55,17.589,12018,0
RSBT.US,D,20231020,000000,17.56,17.599,17.53,17.535,19781,0
RSBT.US,D,20231023,000000,17.545,17.5599,17.43,17.4678,90344,0
RSBT.US,D,20231024,000000,17.43,17.5299,17.42,17.495,9078,0
RSBT.US,D,20231025,000000,17.57,17.62,17.52,17.62,7590,0
RSBT.US,D,20231026,000000,17.56,17.635,17.56,17.57,97979,0
RSBT.US,D,20231027,000000,17.54,17.555,17.53,17.5312,195861,0
RSBT.US,D,20231030,000000,17.43,17.44,17.41,17.42,203405,0
RSBT.US,D,20231031,000000,17.66,17.66,17.5499,17.56,58045,0
RSBT.US,D,20231101,000000,17.52,17.5786,17.41,17.41,60414,0
RSBT.US,D,20231102,000000,17.4,17.425,17.31,17.4,17894,0
RSBT.US,D,20231103,000000,17.25,17.26,17.15,17.26,49463,0
RSBT.US,D,20231106,000000,17.2043,17.25,17.2,17.25,19199,0
RSBT.US,D,20231107,000000,17.3091,17.325,17.27,17.29,30215,0
RSBT.US,D,20231108,000000,17.2888,17.59,17.24,17.33,273141,0
RSBT.US,D,20231109,000000,17.3,17.3329,17.28,17.28,11504,0
RSBT.US,D,20231110,000000,17.37,17.39,17.32,17.33,25765,0
RSBT.US,D,20231113,000000,17.4,17.4,17.29,17.33,16320,0
RSBT.US,D,20231114,000000,17.32,17.33,17.2,17.27,21899,0
RSBT.US,D,20231115,000000,17.215,17.26,17.215,17.255,10574,0
RSBT.US,D,20231116,000000,17.35,17.35,17.19,17.19,18404,0
RSBT.US,D,20231117,000000,17.3,17.3,17.1801,17.22,4963,0
RSBT.US,D,20231120,000000,17.19,17.25,17.12,17.25,23796,0
RSBT.US,D,20231121,000000,17.09,17.19,17.09,17.12,64605,0
RSBT.US,D,20231122,000000,17.26,17.26,17.19,17.2,15876,0
RSBT.US,D,20231124,000000,17.1807,17.185,17.1784,17.185,1015,0
RSBT.US,D,20231127,000000,17.16,17.2,17.14,17.17,11952,0
RSBT.US,D,20231128,000000,17.1886,17.22,17.13,17.17,21160,0
RSBT.US,D,20231129,000000,17.18,17.25,17.17,17.25,34782,0
RSBT.US,D,20231130,000000,17.25,17.25,17.13,17.23,40526,0
RSBT.US,D,20231201,000000,17.21,17.28,17.1915,17.2799,14508,0
RSBT.US,D,20231204,000000,17.26,17.26,17.13,17.17,12518,0
RSBT.US,D,20231205,000000,17.18,17.31,17.18,17.26,14546,0
RSBT.US,D,20231206,000000,17.39,17.4099,17.29,17.31,5468,0
RSBT.US,D,20231207,000000,17.33,17.348,17.25,17.31,5498,0
RSBT.US,D,20231208,000000,17.2196,17.34,17.19,17.34,23261,0
RSBT.US,D,20231211,000000,17.38,17.3999,17.31,17.33,8990,0
RSBT.US,D,20231212,000000,17.4,17.47,17.34,17.41,29946,0
RSBT.US,D,20231213,000000,17.5,17.63,17.4593,17.615,10476,0
RSBT.US,D,20231214,000000,18.12,18.12,17.59,17.6575,21231,0
RSBT.US,D,20231215,000000,17.68,17.76,17.6187,17.71,13353,0
RSBT.US,D,20231218,000000,17.5208,17.66,17.51,17.66,31632,0
RSBT.US,D,20231219,000000,17.81,17.85,17.68,17.79,22364,0
RSBT.US,D,20231220,000000,17.81,17.888,17.73,17.73,10538,0
RSBT.US,D,20231221,000000,17.87,17.97,17.66,17.74,55804,0
RSBT.US,D,20231222,000000,17.868,17.868,17.6817,17.73,30543,0
RSBT.US,D,20231226,000000,17.74,17.86,17.74,17.8,6752,0
RSBT.US,D,20231227,000000,17.27,17.72,17.27,17.6874,13656,0
RSBT.US,D,20231228,000000,17.58,17.64,17.45,17.46,5946,0
RSBT.US,D,20231229,000000,17.42,17.459,17.25,17.25,176426,0
RSBT.US,D,20240102,000000,17.03,17.0456,16.87,16.91,54744,0
RSBT.US,D,20240103,000000,16.82,16.94,16.65,16.94,79175,0
RSBT.US,D,20240104,000000,16.66,16.76,16.56,16.6,29069,0
RSBT.US,D,20240105,000000,16.58,16.75,16.53,16.555,7773,0
RSBT.US,D,20240108,000000,16.7,16.81,16.7,16.7675,15192,0
RSBT.US,D,20240109,000000,16.71,16.71,16.6,16.62,18923,0
RSBT.US,D,20240110,000000,16.75,16.79,16.7201,16.745,147088,0
RSBT.US,D,20240111,000000,16.83,16.88,16.64,16.88,15943,0
RSBT.US,D,20240112,000000,16.91,16.955,16.8201,16.8751,7141,0
RSBT.US,D,20240116,000000,16.81,16.81,16.6469,16.68,8822,0
RSBT.US,D,20240117,000000,16.6,16.6,16.36,16.425,31767,0
RSBT.US,D,20240118,000000,16.5,16.68,16.4801,16.68,20928,0
RSBT.US,D,20240119,000000,16.59,16.81,16.58,16.81,13697,0
RSBT.US,D,20240122,000000,16.81,16.842,16.79,16.8,5722,0
RSBT.US,D,20240123,000000,16.76,16.87,16.732,16.87,95332,0
RSBT.US,D,20240124,000000,16.85,16.928,16.71,16.71,76072,0
RSBT.US,D,20240125,000000,16.88,16.88,16.8001,16.8643,47953,0
RSBT.US,D,20240126,000000,16.845,16.905,16.83,16.9,96700,0
RSBT.US,D,20240129,000000,16.98,17.09,16.88,17.08,25107,0
RSBT.US,D,20240130,000000,17.08,17.09,16.99,17.0292,16563,0
RSBT.US,D,20240131,000000,17.05,17.06,16.93,17.03,19500,0
RSBT.US,D,20240201,000000,17.0977,17.1945,17.0977,17.1945,3431,0
RSBT.US,D,20240202,000000,17.09,17.27,17.04,17.1821,7186,0
RSBT.US,D,20240205,000000,17.02,17.02,16.8201,16.92,12699,0
RSBT.US,D,20240206,000000,16.96,17.05,16.9207,16.98,15059,0
RSBT.US,D,20240207,000000,17.08,17.15,17.068,17.09,13114,0
RSBT.US,D,20240208,000000,17.16,17.17,17.06,17.09,20935,0
RSBT.US,D,20240209,000000,17.16,17.26,17.1089,17.22,21925,0
RSBT.US,D,20240212,000000,17.28,17.31,17.24,17.2706,35686,0
RSBT.US,D,20240213,000000,17.06,17.1,16.9386,16.9706,14711,0
RSBT.US,D,20240214,000000,17.19,17.1981,17.03,17.1867,8405,0
RSBT.US,D,20240215,000000,17.26,17.33,17.26,17.33,30893,0
RSBT.US,D,20240216,000000,17.25,17.25,17.1315,17.17,8567,0
RSBT.US,D,20240220,000000,17.08,17.08,16.97,16.97,8794,0
RSBT.US,D,20240221,000000,16.89,16.98,16.81,16.83,3524,0
RSBT.US,D,20240222,000000,17.15,17.348,17.15,17.28,6803,0
RSBT.US,D,20240223,000000,17.42,17.45,17.3486,17.4104,5784,0
RSBT.US,D,20240226,000000,17.38,17.42,17.342,17.3735,4519,0
RSBT.US,D,20240227,000000,17.3,17.38,17.3,17.3554,11387,0
RSBT.US,D,20240228,000000,17.32,17.32,17.21,17.2815,6634,0
RSBT.US,D,20240229,000000,17.335,17.41,17.32,17.33,12394,0
RSBT.US,D,20240301,000000,17.5356,17.66,17.53,17.6161,8880,0
RSBT.US,D,20240304,000000,17.51,17.67,17.51,17.5811,13753,0
RSBT.US,D,20240305,000000,17.5585,17.5585,17.38,17.4144,31819,0
RSBT.US,D,20240306,000000,17.58,17.71,17.565,17.5799,18470,0
RSBT.US,D,20240307,000000,17.61,17.74,17.61,17.6868,11500,0
RSBT.US,D,20240308,000000,17.64,17.68,17.4418,17.4755,11065,0
RSBT.US,D,20240311,000000,17.4,17.469,17.351,17.4309,10271,0
RSBT.US,D,20240312,000000,17.44,17.58,17.419,17.57,6892,0
RSBT.US,D,20240313,000000,17.54,17.64,17.54,17.585,18846,0
RSBT.US,D,20240314,000000,17.48,17.48,17.3657,17.3931,1405,0
RSBT.US,D,20240315,000000,17.46,17.46,17.38,17.38,7149,0
RSBT.US,D,20240318,000000,17.49,17.5399,17.4694,17.4694,7983,0
RSBT.US,D,20240319,000000,17.48,17.64,17.48,17.6,9011,0
RSBT.US,D,20240320,000000,17.75,17.88,17.73,17.8358,6372,0
RSBT.US,D,20240321,000000,17.92,17.93,17.84,17.8773,9546,0
RSBT.US,D,20240322,000000,17.89,17.89,17.825,17.8357,5143,0
RSBT.US,D,20240325,000000,17.8639,17.88,17.81,17.835,12447,0
RSBT.US,D,20240326,000000,17.86,17.91,17.8189,17.8189,11349,0
RSBT.US,D,20240327,000000,17.89,17.985,17.87,17.985,32367,0
RSBT.US,D,20240328,000000,18.01,18.19,18,18.1449,25020,0
RSBT.US,D,20240401,000000,18.06,18.12,17.98,18.0484,12056,0
RSBT.US,D,20240402,000000,17.95,18,17.85,17.94,20729,0
RSBT.US,D,20240403,000000,17.92,18.15,17.92,18.0967,8508,0
RSBT.US,D,20240404,000000,18.15,18.22,17.9257,17.9257,8296,0
RSBT.US,D,20240405,000000,17.95,18.21,17.95,18.1271,10424,0
RSBT.US,D,20240408,000000,18.2,18.23,18.12,18.205,16316,0
RSBT.US,D,20240409,000000,18.2,18.25,18.01,18.1575,6970,0
RSBT.US,D,20240410,000000,18.1217,18.13,18.06,18.1,6412,0
RSBT.US,D,20240411,000000,18.12,18.33,18.04,18.32,8480,0
RSBT.US,D,20240412,000000,18.38,18.49,18.02,18.045,8365,0
RSBT.US,D,20240415,000000,18.44,18.44,18.1,18.17,17866,0
RSBT.US,D,20240416,000000,18.13,18.7495,17.9633,18.13,14206,0
RSBT.US,D,20240417,000000,18.17,18.21,17.85,17.8811,22672,0
RSBT.US,D,20240418,000000,17.92,17.979,17.905,17.94,2539,0
RSBT.US,D,20240419,000000,17.958,18.04,17.87,17.87,14826,0
RSBT.US,D,20240422,000000,17.78,17.88,17.7636,17.82,18831,0
RSBT.US,D,20240423,000000,17.79,17.96,17.64,17.9193,13072,0
RSBT.US,D,20240424,000000,17.9519,17.98,17.89,17.9758,8744,0
RSBT.US,D,20240425,000000,17.8899,18.05,17.86,18.05,8143,0
RSBT.US,D,20240426,000000,18.28,18.34,18.28,18.3398,6346,0
RSBT.US,D,20240429,000000,18.24,18.26,18.13,18.18,9471,0
RSBT.US,D,20240430,000000,18.09,18.14,18.02,18.1,13654,0
RSBT.US,D,20240501,000000,18.0506,18.1399,17.97,17.97,12290,0
RSBT.US,D,20240502,000000,17.83,17.83,17.62,17.65,44539,0
RSBT.US,D,20240503,000000,17.7199,17.76,17.67,17.7,33769,0
RSBT.US,D,20240506,000000,17.8,17.98,17.8,17.98,31543,0
RSBT.US,D,20240507,000000,17.985,18.0597,17.985,18.0098,9058,0
RSBT.US,D,20240508,000000,18.0116,18.07,18,18.02,16235,0
RSBT.US,D,20240509,000000,18.062,18.19,18.062,18.19,16211,0
RSBT.US,D,20240510,000000,18.19,18.25,18.17,18.19,16242,0
RSBT.US,D,20240513,000000,18.22,18.27,18.17,18.2,13515,0
RSBT.US,D,20240514,000000,18.32,18.39,18.27,18.36,56821,0
RSBT.US,D,20240515,000000,18.4,18.47,18.34,18.47,25147,0
RSBT.US,D,20240516,000000,18.5,18.5,18.37,18.4453,13939,0
RSBT.US,D,20240517,000000,18.55,18.69,18.5472,18.69,62077,0
RSBT.US,D,20240520,000000,18.61,18.75,18.61,18.685,17172,0
RSBT.US,D,20240521,000000,18.65,18.75,18.65,18.7,35444,0
RSBT.US,D,20240522,000000,18.48,18.57,18.31,18.37,27197,0
RSBT.US,D,20240523,000000,18.46,18.54,18.11,18.19,18808,0
RSBT.US,D,20240524,000000,18.2673,18.348,18.2501,18.2998,4650,0
RSBT.US,D,20240528,000000,18.44,18.4486,18.34,18.43,16511,0
RSBT.US,D,20240529,000000,18.25,18.27,18.18,18.23,227935,0
RSBT.US,D,20240530,000000,18.16,18.18,18.05,18.05,34922,0
RSBT.US,D,20240531,000000,18.1989,18.1989,18.005,18.11,77495,0
RSBT.US,D,20240603,000000,18.23,18.23,18.03,18.11,37630,0
RSBT.US,D,20240604,000000,17.98,17.99,17.86,17.94,65839,0
RSBT.US,D,20240605,000000,18.06,18.23,18.06,18.23,64170,0
RSBT.US,D,20240606,000000,18.22,18.3,18.22,18.3,14591,0
RSBT.US,D,20240607,000000,18.13,18.14,18.05,18.06,52889,0
RSBT.US,D,20240610,000000,18.04,18.14,18.03,18.08,18517,0
RSBT.US,D,20240611,000000,18.02,18.0886,17.941,18.03,249929,0
RSBT.US,D,20240612,000000,18.19,18.29,18.19,18.24,128401,0
RSBT.US,D,20240613,000000,18.23,18.23,18.07,18.13,164531,0
RSBT.US,D,20240614,000000,18.07,18.1,18.03,18.08,67506,0
RSBT.US,D,20240617,000000,18.08,18.19,18.06,18.1748,10839,0
RSBT.US,D,20240618,000000,18.1996,18.2735,18.195,18.27,7451,0
RSBT.US,D,20240620,000000,18.32,18.37,18.29,18.35,6980,0
RSBT.US,D,20240621,000000,18.2802,18.3019,18.21,18.27,68742,0
