<TICKER>,<PER>,<DATE>,<TIME>,<OPEN>,<HIGH>,<LOW>,<CLOSE>,<VOL>,<OPENINT>
SEPT.US,D,20230905,000000,25.02,25.0599,24.99,24.9992,71948,0
SEPT.US,D,20230906,000000,24.93,24.94,24.7772,24.8361,15040,0
SEPT.US,D,20230907,000000,24.747,24.84,24.725,24.7909,21693,0
SEPT.US,D,20230908,000000,24.865,24.92,24.8152,24.8152,25587,0
SEPT.US,D,20230911,000000,24.98,24.98,24.8813,24.97,6189,0
SEPT.US,D,20230912,000000,24.94,24.945,24.8405,24.847,12345,0
SEPT.US,D,20230913,000000,24.91,24.93,24.83,24.8621,11824,0
SEPT.US,D,20230914,000000,25,25.0304,25,25.0304,4126,0
SEPT.US,D,20230915,000000,24.95,24.95,24.7936,24.8001,11833,0
SEPT.US,D,20230918,000000,24.8136,24.88,24.8007,24.8007,11857,0
SEPT.US,D,20230919,000000,24.7093,24.8,24.7093,24.7816,6926,0
SEPT.US,D,20230920,000000,24.88,24.88,24.6206,24.6206,10868,0
SEPT.US,D,20230921,000000,24.5,24.5,24.3158,24.3158,9538,0
SEPT.US,D,20230922,000000,24.386,24.4265,24.2819,24.2819,5582,0
SEPT.US,D,20230925,000000,24.2626,24.38,24.2626,24.38,4439,0
SEPT.US,D,20230926,000000,24.27,24.3,24.06,24.06,10602,0
SEPT.US,D,20230927,000000,24.18,24.18,24.09,24.12,8743,0
SEPT.US,D,20230928,000000,24.2272,24.23,24.22,24.2209,1561,0
SEPT.US,D,20230929,000000,24.3136,24.3136,24.14,24.18,3235,0
SEPT.US,D,20231002,000000,24.16,24.16,24.1487,24.1487,496,0
SEPT.US,D,20231003,000000,24.01,24.06,23.885,23.9114,14825,0
SEPT.US,D,20231004,000000,23.98,24.11,23.975,24.0839,3168,0
SEPT.US,D,20231005,000000,24.05,24.0502,24.025,24.0502,1436,0
SEPT.US,D,20231006,000000,24.214,24.2804,24.214,24.2804,859,0
SEPT.US,D,20231009,000000,24.3167,24.369,24.3167,24.369,1061,0
SEPT.US,D,20231010,000000,24.53,24.595,24.47,24.4711,4915,0
SEPT.US,D,20231011,000000,24.56,24.57,24.46,24.5426,5324,0
SEPT.US,D,20231012,000000,24.5299,24.65,24.4301,24.4301,7748,0
SEPT.US,D,20231013,000000,24.3001,24.3287,24.3001,24.3287,487,0
SEPT.US,D,20231016,000000,24.5419,24.57,24.475,24.5371,11164,0
SEPT.US,D,20231017,000000,24.61,24.62,24.5091,24.5091,5068,0
SEPT.US,D,20231018,000000,24.46,24.46,24.256,24.3065,20668,0
SEPT.US,D,20231019,000000,24.18,24.18,24.15,24.15,2070,0
SEPT.US,D,20231020,000000,23.95,23.95,23.93,23.9338,2080,0
SEPT.US,D,20231023,000000,23.99,24,23.9,23.91,2375,0
SEPT.US,D,20231024,000000,24.05,24.0799,24.0011,24.0351,9329,0
SEPT.US,D,20231025,000000,23.91,23.95,23.79,23.8,5255,0
SEPT.US,D,20231026,000000,23.68,23.68,23.5797,23.5797,603,0
SEPT.US,D,20231027,000000,23.421,23.4902,23.42,23.4902,1424,0
SEPT.US,D,20231030,000000,23.6126,23.7262,23.6126,23.7262,810,0
SEPT.US,D,20231031,000000,23.745,23.8724,23.745,23.8724,2272,0
SEPT.US,D,20231101,000000,23.91,24.06,23.9,24.05,4906,0
SEPT.US,D,20231102,000000,24.27,24.36,24.235,24.3271,3105,0
SEPT.US,D,20231103,000000,24.506,24.57,24.4758,24.5171,7353,0
SEPT.US,D,20231106,000000,24.4641,24.55,24.4641,24.55,2507,0
SEPT.US,D,20231107,000000,24.53,24.62,24.53,24.5754,5640,0
SEPT.US,D,20231108,000000,24.61,24.61,24.5948,24.5948,2895,0
SEPT.US,D,20231109,000000,24.55,24.55,24.4346,24.4346,7755,0
SEPT.US,D,20231110,000000,24.62,24.7301,24.62,24.7301,1230,0
SEPT.US,D,20231113,000000,24.75,24.77,24.7249,24.7249,4935,0
SEPT.US,D,20231114,000000,25.14,25.14,25.0654,25.0654,4579,0
SEPT.US,D,20231115,000000,25.07,25.15,25.07,25.0956,7380,0
SEPT.US,D,20231116,000000,25.11,25.11,25.11,25.11,1,0
SEPT.US,D,20231117,000000,25.2,25.2,25.155,25.18,5497,0
SEPT.US,D,20231120,000000,25.22,25.2855,25.22,25.2855,578,0
SEPT.US,D,20231121,000000,25.2277,25.29,25.2277,25.2536,5985,0
SEPT.US,D,20231122,000000,25.3331,25.3331,25.3331,25.3331,1,0
SEPT.US,D,20231124,000000,25.36,25.36,25.3301,25.3301,278,0
SEPT.US,D,20231127,000000,25.3143,25.3143,25.3143,25.3143,60,0
SEPT.US,D,20231128,000000,25.3293,25.3293,25.3293,25.3293,1,0
SEPT.US,D,20231129,000000,25.38,25.38,25.3244,25.3244,200,0
SEPT.US,D,20231130,000000,25.35,25.3906,25.271,25.3906,3770,0
SEPT.US,D,20231201,000000,25.48,25.5236,25.48,25.5236,264,0
SEPT.US,D,20231204,000000,25.44,25.44,25.4249,25.4249,311,0
SEPT.US,D,20231205,000000,25.43,25.43,25.4053,25.4053,100,0
SEPT.US,D,20231206,000000,25.42,25.43,25.3351,25.3351,267189,0
SEPT.US,D,20231207,000000,25.5,25.52,25.4291,25.4935,3812,0
SEPT.US,D,20231208,000000,25.5562,25.5849,25.5315,25.5849,1959,0
SEPT.US,D,20231211,000000,25.63,25.6466,25.62,25.6466,1528,0
SEPT.US,D,20231212,000000,25.69,25.82,25.6615,25.7291,3174,0
SEPT.US,D,20231213,000000,25.7837,26,25.7555,25.9837,2833,0
SEPT.US,D,20231214,000000,26.08,26.1,25.99,26.0372,1752,0
SEPT.US,D,20231215,000000,26.0637,26.1,26.0049,26.0682,51874,0
SEPT.US,D,20231218,000000,26.15,26.18,26.1454,26.1461,5286,0
SEPT.US,D,20231219,000000,26.24,26.25,26.2,26.2248,5252,0
SEPT.US,D,20231220,000000,26.15,26.28,25.9701,25.98,6928,0
SEPT.US,D,20231221,000000,26.084,26.16,26.07,26.146,8233,0
SEPT.US,D,20231222,000000,26.24,26.26,26.1699,26.1946,4739,0
SEPT.US,D,20231226,000000,26.26,26.355,26.26,26.3022,16028,0
SEPT.US,D,20231227,000000,26.12,26.35,26.12,26.2881,7069,0
SEPT.US,D,20231228,000000,26.3,26.38,26.3,26.323,1841,0
SEPT.US,D,20231229,000000,26.3,26.32,26.2742,26.2742,1477,0
SEPT.US,D,20240102,000000,26.1883,26.1883,26.14,26.159,1059,0
SEPT.US,D,20240103,000000,26.02,26.07,26.015,26.015,4210,0
SEPT.US,D,20240104,000000,26.09,26.09,25.93,25.955,2333,0
SEPT.US,D,20240105,000000,26.0422,26.0422,25.9556,26.0006,3529,0
SEPT.US,D,20240108,000000,26.22,26.29,26.22,26.2619,1749,0
SEPT.US,D,20240109,000000,26.2099,26.2381,26.18,26.2381,1069,0
SEPT.US,D,20240110,000000,26.24,26.39,26.24,26.3362,2787,0
SEPT.US,D,20240111,000000,26.26,26.34,26.16,26.3276,5559,0
SEPT.US,D,20240112,000000,26.43,26.4491,26.32,26.36,2413,0
SEPT.US,D,20240116,000000,26.31,26.31,26.2739,26.31,2415,0
SEPT.US,D,20240117,000000,26.1575,26.2,26.04,26.1749,1425,0
SEPT.US,D,20240118,000000,26.245,26.3509,26.245,26.3509,1231,0
SEPT.US,D,20240119,000000,26.4,26.62,26.4,26.5995,2303,0
SEPT.US,D,20240122,000000,26.66,26.72,26.61,26.6439,34187,0
SEPT.US,D,20240123,000000,26.69,26.7299,26.6146,26.7002,2986,0
SEPT.US,D,20240124,000000,26.78,26.83,26.7161,26.7161,1287,0
SEPT.US,D,20240125,000000,26.7918,26.7918,26.72,26.787,26071,0
SEPT.US,D,20240126,000000,26.86,26.86,26.795,26.795,1145,0
SEPT.US,D,20240129,000000,26.7943,26.94,26.79,26.9164,8656,0
SEPT.US,D,20240130,000000,26.8953,26.9261,26.87,26.8843,4651,0
SEPT.US,D,20240131,000000,26.78,26.79,26.6324,26.6324,1265,0
SEPT.US,D,20240201,000000,26.69,26.86,26.6899,26.8269,4359,0
SEPT.US,D,20240202,000000,26.955,27.0473,26.955,27.0473,1027,0
SEPT.US,D,20240205,000000,26.93,26.9973,26.9299,26.9973,2771,0
SEPT.US,D,20240206,000000,27.0199,27.0199,26.95,27.0154,58328,0
SEPT.US,D,20240207,000000,27.14,27.2,27.14,27.1555,963,0
SEPT.US,D,20240208,000000,27.1301,27.2,27.13,27.1639,3352,0
SEPT.US,D,20240209,000000,27.225,27.265,27.225,27.2648,3347,0
SEPT.US,D,20240212,000000,27.2428,27.3199,27.24,27.2559,4834,0
SEPT.US,D,20240213,000000,27.0305,27.0305,26.8974,26.9942,1314,0
SEPT.US,D,20240214,000000,27.07,27.1805,27.0406,27.1805,3098,0
SEPT.US,D,20240215,000000,27.2158,27.295,27.2151,27.2851,1796,0
SEPT.US,D,20240216,000000,27.19,27.285,27.19,27.2248,1439,0
SEPT.US,D,20240220,000000,27.14,27.15,27.05,27.1025,2301,0
SEPT.US,D,20240221,000000,27.09,27.1439,27,27.1439,2168,0
SEPT.US,D,20240222,000000,27.35,27.489,27.35,27.489,2083,0
SEPT.US,D,20240223,000000,27.51,27.56,27.49,27.5098,1561,0
SEPT.US,D,20240226,000000,27.525,27.53,27.455,27.455,1769,0
SEPT.US,D,20240227,000000,27.48,27.5199,27.4368,27.4851,2498,0
SEPT.US,D,20240228,000000,27.4799,27.48,27.43,27.4429,2262,0
SEPT.US,D,20240229,000000,27.49,27.5563,27.467,27.5563,339974,0
SEPT.US,D,20240301,000000,27.5752,27.66,27.5752,27.645,6065,0
SEPT.US,D,20240304,000000,27.65,27.655,27.62,27.6243,2501,0
SEPT.US,D,20240305,000000,27.5,27.5,27.46,27.4626,3360,0
SEPT.US,D,20240306,000000,27.5701,27.5701,27.52,27.565,543,0
SEPT.US,D,20240307,000000,27.738,27.738,27.72,27.73,2726,0
SEPT.US,D,20240308,000000,27.77,27.77,27.6314,27.6314,1177,0
SEPT.US,D,20240311,000000,27.56,27.6023,27.56,27.6023,338,0
SEPT.US,D,20240312,000000,27.7,27.7911,27.7,27.7911,444,0
SEPT.US,D,20240313,000000,27.76,27.7649,27.76,27.7649,400,0
SEPT.US,D,20240314,000000,27.76,27.76,27.63,27.7146,9620,0
SEPT.US,D,20240315,000000,27.6,27.635,27.6,27.635,2674,0
SEPT.US,D,20240318,000000,27.76,27.76,27.7328,27.7328,18210,0
SEPT.US,D,20240319,000000,27.7071,27.8299,27.7071,27.8299,4591,0
SEPT.US,D,20240320,000000,27.81,27.9424,27.81,27.9424,345,0
SEPT.US,D,20240321,000000,27.9717,28.0099,27.9717,28.0099,2292,0
SEPT.US,D,20240322,000000,28.0186,28.0186,28.0186,28.0186,50,0
SEPT.US,D,20240325,000000,27.9599,27.9599,27.9599,27.9599,1,0
SEPT.US,D,20240326,000000,27.96,27.96,27.92,27.9397,4200,0
SEPT.US,D,20240327,000000,27.96,28.0449,27.96,28.0449,722,0
SEPT.US,D,20240328,000000,28.05,28.0896,28.05,28.0896,1064,0
SEPT.US,D,20240401,000000,28.03,28.055,28.0015,28.055,7654,0
SEPT.US,D,20240402,000000,27.8907,27.9599,27.8907,27.95,2258,0
SEPT.US,D,20240403,000000,27.95,27.9696,27.95,27.9696,1000,0
SEPT.US,D,20240404,000000,28.04,28.04,27.7796,27.7796,399,0
SEPT.US,D,20240405,000000,27.91,27.9397,27.91,27.9397,202,0
SEPT.US,D,20240408,000000,27.93,27.9603,27.93,27.9603,2638,0
SEPT.US,D,20240409,000000,27.9666,27.9666,27.9666,27.9666,2,0
SEPT.US,D,20240410,000000,27.8497,27.8497,27.8497,27.8497,1,0
SEPT.US,D,20240411,000000,27.7627,27.9627,27.7627,27.9627,1100,0
SEPT.US,D,20240412,000000,27.7056,27.7056,27.7056,27.7056,1,0
SEPT.US,D,20240415,000000,27.68,27.68,27.5195,27.5195,165,0
SEPT.US,D,20240416,000000,27.5017,27.5017,27.5017,27.5017,45,0
SEPT.US,D,20240417,000000,27.4057,27.4057,27.4057,27.4057,1,0
SEPT.US,D,20240418,000000,27.3491,27.3491,27.3405,27.3405,492,0
SEPT.US,D,20240419,000000,27.21,27.21,27.195,27.195,974,0
SEPT.US,D,20240422,000000,27.3622,27.3622,27.3622,27.3622,80,0
SEPT.US,D,20240423,000000,27.6,27.6,27.5955,27.5955,392,0
SEPT.US,D,20240424,000000,27.5832,27.6241,27.5832,27.6241,1620,0
SEPT.US,D,20240425,000000,27.48,27.5235,27.48,27.5235,674,0
SEPT.US,D,20240426,000000,27.7717,27.7717,27.7399,27.7399,270,0
SEPT.US,D,20240429,000000,27.7037,27.786,27.7037,27.786,4579,0
SEPT.US,D,20240430,000000,27.5328,27.5328,27.5328,27.5328,59,0
SEPT.US,D,20240501,000000,27.44,27.52,27.44,27.4603,1702,0
SEPT.US,D,20240502,000000,27.5861,27.5861,27.5861,27.5861,50,0
SEPT.US,D,20240503,000000,27.863,27.863,27.863,27.863,10,0
SEPT.US,D,20240506,000000,28,28.0311,28,28.0311,335,0
SEPT.US,D,20240507,000000,28.0555,28.09,28.0555,28.09,586,0
SEPT.US,D,20240508,000000,28.1,28.1,28.1,28.1,18,0
SEPT.US,D,20240509,000000,28.1812,28.1812,28.1812,28.1812,10,0
SEPT.US,D,20240510,000000,28.2295,28.2295,28.2295,28.2295,10,0
SEPT.US,D,20240513,000000,28.23,28.23,28.1975,28.1975,202,0
SEPT.US,D,20240514,000000,28.23,28.3296,28.23,28.3296,232,0
SEPT.US,D,20240515,000000,28.4269,28.5049,28.4269,28.5049,7076,0
SEPT.US,D,20240516,000000,28.48,28.5011,28.48,28.5011,639,0
SEPT.US,D,20240517,000000,28.48,28.5201,28.47,28.5201,1285,0
SEPT.US,D,20240520,000000,28.5446,28.5446,28.5446,28.5446,10,0
SEPT.US,D,20240521,000000,28.5373,28.5947,28.5373,28.5947,822,0
SEPT.US,D,20240522,000000,28.5367,28.5367,28.5367,28.5367,10,0
SEPT.US,D,20240523,000000,28.4662,28.4662,28.4662,28.4662,68,0
SEPT.US,D,20240524,000000,28.56,28.5899,28.56,28.5899,164,0
SEPT.US,D,20240528,000000,28.55,28.5859,28.55,28.5859,195,0
SEPT.US,D,20240529,000000,28.49,28.49,28.49,28.49,256,0
SEPT.US,D,20240530,000000,28.44,28.44,28.38,28.3981,997,0
SEPT.US,D,20240531,000000,28.5199,28.5199,28.5199,28.5199,65,0
SEPT.US,D,20240603,000000,28.5,28.5342,28.5,28.5342,166,0
SEPT.US,D,20240604,000000,28.52,28.5749,28.52,28.5749,517,0
SEPT.US,D,20240605,000000,28.73,28.73,28.73,28.73,20,0
SEPT.US,D,20240606,000000,28.7345,28.7345,28.7345,28.7345,46,0
SEPT.US,D,20240607,000000,28.747,28.747,28.747,28.747,88,0
SEPT.US,D,20240610,000000,28.72,28.7701,28.72,28.7701,115,0
SEPT.US,D,20240611,000000,28.74,28.8008,28.74,28.8008,2250,0
SEPT.US,D,20240612,000000,28.9377,28.9377,28.9377,28.9377,2,0
SEPT.US,D,20240613,000000,28.9499,28.9499,28.9499,28.9499,1,0
SEPT.US,D,20240614,000000,28.89,28.9305,28.89,28.9305,142,0
SEPT.US,D,20240617,000000,28.9255,29,28.9255,29,275,0
SEPT.US,D,20240618,000000,28.98,29.0299,28.98,29.0299,550,0
SEPT.US,D,20240620,000000,29.01,29.035,28.95,29.0089,727,0
SEPT.US,D,20240621,000000,29.0171,29.0171,29.0171,29.0171,1,0
