<TICKER>,<PER>,<DATE>,<TIME>,<OPEN>,<HIGH>,<LOW>,<CLOSE>,<VOL>,<OPENINT>
SFY.US,D,20190412,000000,9.70103,9.70103,9.65636,9.68217,4180292.9738562,0
SFY.US,D,20190415,000000,9.72685,9.72685,9.64743,9.68217,66027.502563372,0
SFY.US,D,20190416,000000,9.72685,9.7467,9.66728,9.67224,98149.779814293,0
SFY.US,D,20190417,000000,9.67026,9.6921,9.65239,9.65239,34140.937090077,0
SFY.US,D,20190418,000000,9.66728,9.68217,9.63055,9.67026,38962.95537852,0
SFY.US,D,20190422,000000,9.68217,9.69309,9.65338,9.68614,35571.324800457,0
SFY.US,D,20190423,000000,9.67224,9.80626,9.67224,9.7735,96176.449163142,0
SFY.US,D,20190424,000000,9.78641,9.78641,9.75762,9.76655,31347.65179368,0
SFY.US,D,20190425,000000,9.72784,9.80626,9.72685,9.76556,23487.570593613,0
SFY.US,D,20190426,000000,9.77648,9.80626,9.72685,9.79237,23737.384785285,0
SFY.US,D,20190429,000000,9.78641,9.83505,9.77946,9.82612,35062.630579512,0
SFY.US,D,20190430,000000,9.81619,9.83505,9.7467,9.82116,43639.920265347,0
SFY.US,D,20190501,000000,9.85292,9.87278,9.7467,9.7467,33788.376738927,0
SFY.US,D,20190502,000000,9.76159,9.76159,9.68217,9.71195,57987.111926574,0
SFY.US,D,20190503,000000,9.76854,9.82612,9.76854,9.81123,32674.286029293,0
SFY.US,D,20190506,000000,9.70798,9.78145,9.69607,9.78145,46288.152160128,0
SFY.US,D,20190507,000000,9.75663,9.75663,9.58389,9.6236,38332.376007606,0
SFY.US,D,20190508,000000,9.62856,9.6643,9.59382,9.61367,36814.351867083,0
SFY.US,D,20190509,000000,9.58389,9.58389,9.48859,9.58091,33714.84272283,0
SFY.US,D,20190510,000000,9.56007,9.63254,9.43895,9.59382,54753.629848884,0
SFY.US,D,20190513,000000,9.48859,9.48859,9.37303,9.378,32743.790784234,0
SFY.US,D,20190514,000000,9.41106,9.50745,9.41006,9.45583,35795.956109904,0
SFY.US,D,20190515,000000,9.50249,9.53723,9.40212,9.52731,21152.613753711,0
SFY.US,D,20190516,000000,9.59283,9.66232,9.56602,9.6097,25221.160205982,0
SFY.US,D,20190517,000000,9.55609,9.63254,9.54617,9.54617,30688.867594674,0
SFY.US,D,20190520,000000,9.50745,9.54617,9.46476,9.47866,27435.239211204,0
SFY.US,D,20190521,000000,9.63254,9.6375,9.5422,9.55212,17890.926847929,0
SFY.US,D,20190522,000000,9.56602,9.56602,9.51936,9.5412,33826.654719909,0
SFY.US,D,20190523,000000,9.41106,9.43081,9.35437,9.39815,35945.038772676,0
SFY.US,D,20190524,000000,9.45682,9.45682,9.41106,9.41989,9488.91002238,0
SFY.US,D,20190528,000000,9.46873,9.46873,9.37303,9.37403,19593.289686339,0
SFY.US,D,20190529,000000,9.37303,9.37303,9.24825,9.29004,37453.997075598,0
SFY.US,D,20190530,000000,9.35238,9.35238,9.28706,9.28806,41344.248721716,0
SFY.US,D,20190531,000000,9.19037,9.25807,9.19037,9.19037,36855.651793932,0
SFY.US,D,20190603,000000,9.20963,9.20963,9.05585,9.10341,56874.028532229,0
SFY.US,D,20190604,000000,9.20278,9.30999,9.17101,9.30999,66218.892468282,0
SFY.US,D,20190605,000000,9.30503,9.39219,9.30503,9.37899,35463.542064534,0
SFY.US,D,20190606,000000,9.42585,9.46774,9.39219,9.45384,39578.425020099,0
SFY.US,D,20190607,000000,9.53723,9.58389,9.53525,9.57099,16481.692758618,0
SFY.US,D,20190610,000000,9.47866,9.70203,9.47866,9.63254,34387.729335882,0
SFY.US,D,20190611,000000,9.78641,9.78641,9.58687,9.61864,30096.566204742,0
SFY.US,D,20190612,000000,9.59382,9.61367,9.57793,9.57992,16810.077542832,0
SFY.US,D,20190613,000000,9.62162,9.62658,9.59382,9.61566,18359.328457314,0
SFY.US,D,20190614,000000,8.80578,9.61864,8.80578,9.61864,21165.708852468,0
SFY.US,D,20190617,000000,9.6921,9.6921,9.63254,9.64445,31260.015363537,0
SFY.US,D,20190618,000000,9.68217,9.79634,9.64246,9.72685,59900.003660385,0
SFY.US,D,20190619,000000,9.73379,9.77648,9.73379,9.76358,19054.376006724,0
SFY.US,D,20190620,000000,9.87278,9.87278,9.8013,9.86881,18991.922458806,0
SFY.US,D,20190621,000000,9.87278,9.90653,9.85292,9.88171,49816.777617495,0
SFY.US,D,20190624,000000,9.83505,9.91149,9.82612,9.85292,39727.507682871,0
SFY.US,D,20190625,000000,9.79634,9.81619,9.70798,9.71394,31062.581566893,0
SFY.US,D,20190626,000000,9.96014,9.96014,9.71692,9.74174,43112.087053911,0
SFY.US,D,20190627,000000,9.97801,9.97801,9.71692,9.74471,27758.587418973,0
SFY.US,D,20190628,000000,9.82612,9.83108,9.76655,9.7884,29131.55815788,0
SFY.US,D,20190701,000000,10.0276,10.0276,9.84597,9.90554,42105.7790802,0
SFY.US,D,20190702,000000,9.91149,9.93036,9.87476,9.93036,55052.802489717,0
SFY.US,D,20190703,000000,9.9512,10.0078,9.9512,9.99389,27075.627653031,0
SFY.US,D,20190705,000000,10.0177,10.0177,9.92142,9.97702,27054.474031962,0
SFY.US,D,20190708,000000,10.0276,10.0276,9.94028,9.95021,31724.387711766,0
SFY.US,D,20190709,000000,9.94028,9.97503,9.92142,9.97503,30850.038040914,0
SFY.US,D,20190710,000000,10.0465,10.0465,9.99786,10.0157,24388.110461979,0
SFY.US,D,20190711,000000,10.1051,10.1805,10.0465,10.0584,55781.091443664,0
SFY.US,D,20190712,000000,10.4218,10.4218,10.0753,10.0952,28876.707389763,0
SFY.US,D,20190715,000000,10.0952,10.1329,10.0952,10.118,27335.514997593,0
SFY.US,D,20190716,000000,10.1517,10.1517,10.0703,10.0803,46702.158743907,0
SFY.US,D,20190717,000000,10.1329,10.1329,10.0306,10.0376,26197.248721023,0
SFY.US,D,20190718,000000,10.0078,10.0336,9.9929,10.0336,21562.591076334,0
SFY.US,D,20190719,000000,10.0703,10.0733,9.99786,9.99786,20459.580834879,0
SFY.US,D,20190722,000000,10.0654,10.0654,9.99985,10.0177,16393.049013186,0
SFY.US,D,20190723,000000,10.0376,10.0902,10.0376,10.0703,32258.264814936,0
SFY.US,D,20190724,000000,10.0803,10.1229,10.0753,10.114,34978.016095236,0
SFY.US,D,20190725,000000,10.1051,10.1229,10.0753,10.0832,17903.014631397,0
SFY.US,D,20190726,000000,10.0952,10.1617,10.0952,10.1617,28485.869057631,0
SFY.US,D,20190729,000000,10.2867,10.2867,10.0952,10.1329,27087.715436499,0
SFY.US,D,20190730,000000,10.0952,10.1428,10.0723,10.11,34544.870520966,0
SFY.US,D,20190731,000000,10.1051,10.1229,9.99786,10.0078,23664.858084477,0
SFY.US,D,20190801,000000,10.114,10.114,9.88171,9.91149,28428.452086158,0
SFY.US,D,20190802,000000,9.88171,9.89164,9.7467,9.82612,43109.065108044,0
SFY.US,D,20190805,000000,9.7467,9.7467,9.46079,9.53624,42907.602050244,0
SFY.US,D,20190806,000000,9.77648,9.77648,9.49752,9.62956,45197.229702141,0
SFY.US,D,20190807,000000,9.5829,9.66132,9.46774,9.63948,29293.735919409,0
SFY.US,D,20190808,000000,9.71692,9.8281,9.6921,9.81917,24282.342356634,0
SFY.US,D,20190809,000000,9.86285,9.86285,9.72685,9.78641,31751.585224569,0
SFY.US,D,20190812,000000,9.89164,9.89164,9.63154,9.63154,37253.541333087,0
SFY.US,D,20190813,000000,9.59283,9.81619,9.56205,9.78542,25266.489393987,0
SFY.US,D,20190814,000000,9.7467,9.7467,9.52135,9.52135,58464.57937356,0
SFY.US,D,20190815,000000,9.63154,9.63154,9.47767,9.53525,30317.168253033,0
SFY.US,D,20190816,000000,9.54517,9.69111,9.54517,9.66132,54530.005854726,0
SFY.US,D,20190819,000000,9.78641,9.81619,9.70798,9.80626,35827.182883863,0
SFY.US,D,20190820,000000,9.72685,9.76655,9.70798,9.70798,19188.348940161,0
SFY.US,D,20190821,000000,9.75762,9.80626,9.7467,9.77152,25623.079006293,0
SFY.US,D,20190822,000000,9.81024,9.81024,9.73677,9.78045,31310.381127987,0
SFY.US,D,20190823,000000,9.71692,9.76655,9.4876,9.52631,37525.516461117,0
SFY.US,D,20190826,000000,9.60275,9.61268,9.57297,9.60176,29294.743234698,0
SFY.US,D,20190827,000000,9.67125,9.67125,9.56503,9.57297,34899.445502694,0
SFY.US,D,20190828,000000,9.57297,9.63154,9.56503,9.62559,39161.396490453,0
SFY.US,D,20190829,000000,9.75663,9.79038,9.7467,9.7606,18329.108998644,0
SFY.US,D,20190830,000000,9.87278,9.87278,9.73677,9.77053,31559.18800437,0
SFY.US,D,20190903,000000,9.67125,9.71692,9.67026,9.69806,27452.363571117,0
SFY.US,D,20190904,000000,9.7467,9.81421,9.69111,9.80626,58528.040236767,0
SFY.US,D,20190905,000000,9.8559,9.97801,9.8559,9.95319,22111.577908839,0
SFY.US,D,20190906,000000,9.93135,9.97801,9.93135,9.95518,54080.743235832,0
SFY.US,D,20190909,000000,10.0177,10.0177,9.91149,9.9512,28646.032188582,0
SFY.US,D,20190910,000000,9.87278,9.93532,9.87278,9.93532,15922.632773223,0
SFY.US,D,20190911,000000,9.95418,10.0177,9.95418,10.0177,80900.512805457,0
SFY.US,D,20190912,000000,10.1021,10.1021,10.0435,10.0664,15351.48500436,0
SFY.US,D,20190913,000000,10.0326,10.0852,10.0326,10.0604,29625.14264949,0
SFY.US,D,20190916,000000,10.0376,10.0376,10.0078,10.0276,28284.405999831,0
SFY.US,D,20190917,000000,10.0465,10.0465,10.0276,10.0425,44165.738846205,0
SFY.US,D,20190918,000000,10.0177,10.0535,10.0078,10.0525,37688.701537935,0
SFY.US,D,20190919,000000,10.0753,10.0952,10.0753,10.0803,30129.807609279,0
SFY.US,D,20190920,000000,10.0952,10.1061,10.0276,10.0376,14346.184345938,0
SFY.US,D,20190923,000000,10.1229,10.1229,9.99588,10.0227,38586.219460434,0
SFY.US,D,20190924,000000,10.0386,10.0654,9.89958,9.91249,38139.978787407,0
SFY.US,D,20190925,000000,10.0276,10.0276,9.87278,9.98794,21004.538406228,0
SFY.US,D,20190926,000000,9.94028,9.97801,9.91149,9.94823,25405.498903869,0
SFY.US,D,20190927,000000,9.95021,9.95021,9.85491,9.87576,21202.979518161,0
SFY.US,D,20190930,000000,9.91149,9.95021,9.91149,9.94028,24621.807609027,0
SFY.US,D,20191001,000000,10.0654,10.0654,9.81619,9.82612,54286.235554788,0
SFY.US,D,20191002,000000,9.81619,9.81619,9.61268,9.6514,88259.958306891,0
SFY.US,D,20191003,000000,9.6514,9.71593,9.5551,9.71593,30300.04389312,0
SFY.US,D,20191004,000000,9.77053,9.86186,9.76655,9.86186,20448.5003667,0
SFY.US,D,20191007,000000,9.88171,9.88171,9.80626,9.82612,25063.011705609,0
SFY.US,D,20191008,000000,9.82612,9.82612,9.68813,9.68813,36463.806146511,0
SFY.US,D,20191009,000000,9.75365,9.77648,9.72089,9.75365,17667.302853771,0
SFY.US,D,20191010,000000,9.70798,9.843,9.70798,9.80626,12026.337235371,0
SFY.US,D,20191011,000000,9.93929,10.0177,9.91149,9.91149,49606.248722094,0
SFY.US,D,20191014,000000,9.89164,9.95021,9.86285,9.92639,18823.700805543,0
SFY.US,D,20191015,000000,9.98794,10.0554,9.97106,10.0465,17382.232626984,0
SFY.US,D,20191016,000000,10.0465,10.0465,9.97007,10.0276,43917.939285111,0
SFY.US,D,20191017,000000,10.0554,10.0554,10.0276,10.0465,45293.931969885,0
SFY.US,D,20191018,000000,9.97801,10.0177,9.96014,9.96014,13965.419166696,0
SFY.US,D,20191021,000000,10.0376,10.0554,10.0028,10.0465,34390.751281749,0
SFY.US,D,20191022,000000,10.0505,10.0842,10.0078,10.0078,23308.268472171,0
SFY.US,D,20191023,000000,10.0177,10.0465,9.99786,10.0078,22247.565472854,0
SFY.US,D,20191024,000000,10.0425,10.0852,10.0276,10.0852,26108.604975591,0
SFY.US,D,20191025,000000,10.0753,10.1428,10.0654,10.1229,18592.018289073,0
SFY.US,D,20191028,000000,10.1716,10.1914,10.1617,10.1716,24405.234821892,0
SFY.US,D,20191029,000000,10.1815,10.2202,10.1716,10.1815,33027.853695732,0
SFY.US,D,20191030,000000,10.2202,10.2202,10.1329,10.2202,13149.493782606,0
SFY.US,D,20191031,000000,10.2202,10.2202,10.1329,10.1914,31209.649599087,0
SFY.US,D,20191101,000000,10.2014,10.2867,10.2014,10.2867,31614.590345265,0
SFY.US,D,20191104,000000,10.383,10.4515,10.3175,10.3364,65518.808342427,0
SFY.US,D,20191105,000000,10.4813,10.4813,10.3165,10.3265,40676.398685109,0
SFY.US,D,20191106,000000,10.2967,10.3066,10.2867,10.3016,17747.888076891,0
SFY.US,D,20191107,000000,10.383,10.383,10.3314,10.3463,36464.8134618,0
SFY.US,D,20191108,000000,10.3652,10.3652,10.3165,10.3652,14850.849305727,0
SFY.US,D,20191111,000000,10.4118,10.4118,10.3165,10.3364,53682.853696677,0
SFY.US,D,20191112,000000,10.392,10.4019,10.3533,10.383,7442.045355132,0
SFY.US,D,20191113,000000,10.3652,10.383,10.3523,10.383,73061.585226459,0
SFY.US,D,20191114,000000,10.4019,10.4019,10.3562,10.4019,34409.89027224,0
SFY.US,D,20191115,000000,10.4098,10.4774,10.4098,10.4615,20990.435992182,0
SFY.US,D,20191118,000000,10.4615,10.4853,10.4327,10.4813,50689.112657769,0
SFY.US,D,20191119,000000,10.5002,10.5002,10.4416,10.4813,34765.472569257,0
SFY.US,D,20191120,000000,10.4813,10.4813,10.4108,10.4317,20356.834675401,0
SFY.US,D,20191121,000000,10.5002,10.5002,10.386,10.4198,19426.075348365,0
SFY.US,D,20191122,000000,10.4813,10.4813,10.392,10.4515,27606.482810334,0
SFY.US,D,20191125,000000,10.5191,10.528,10.5002,10.528,20700.32918895,0
SFY.US,D,20191126,000000,10.5379,10.5667,10.5191,10.5667,47782.000733715,0
SFY.US,D,20191127,000000,10.5766,10.6153,10.5667,10.6153,45117.65179431,0
SFY.US,D,20191129,000000,10.6253,10.6253,10.5667,10.5667,27828.092173914,0
SFY.US,D,20191202,000000,10.5766,10.5766,10.4515,10.4813,43823.251647945,0
SFY.US,D,20191203,000000,10.383,10.392,10.3265,10.392,56597.016827754,0
SFY.US,D,20191204,000000,10.4218,10.4903,10.4218,10.4615,62187.616681704,0
SFY.US,D,20191205,000000,10.5101,10.5101,10.392,10.4813,124321.84565309,0
SFY.US,D,20191206,000000,10.5339,10.5766,10.528,10.5667,17969.497440471,0
SFY.US,D,20191209,000000,10.5478,10.5806,10.529,10.5478,33263.565473358,0
SFY.US,D,20191210,000000,10.5379,10.5568,10.5002,10.528,58600.566937575,0
SFY.US,D,20191211,000000,10.5478,10.5607,10.5191,10.5528,33564.752744769,0
SFY.US,D,20191212,000000,10.6302,10.6352,10.5667,10.6352,13168.632773097,0
SFY.US,D,20191213,000000,10.6451,10.663,10.6054,10.663,23274.019752345,0
SFY.US,D,20191216,000000,10.7116,10.7504,10.6987,10.7504,35767.751281812,0
SFY.US,D,20191217,000000,10.8467,10.8467,10.7206,10.7335,68220.427947525,0
SFY.US,D,20191218,000000,10.7891,10.7891,10.7226,10.7504,29117.455743834,0
SFY.US,D,20191219,000000,10.7553,10.798,10.7404,10.7801,23138.03218833,0
SFY.US,D,20191220,000000,10.8069,10.8665,10.8069,10.8268,50057.525971566,0
SFY.US,D,20191223,000000,10.9519,10.9519,10.8268,10.8665,37821.667156083,0
SFY.US,D,20191224,000000,10.8665,11.1852,10.8467,10.8566,31286.205561051,0
SFY.US,D,20191226,000000,11.3331,11.3331,10.8864,10.9161,32337.842722767,0
SFY.US,D,20191227,000000,10.933,10.9628,10.9052,10.9052,34613.367960618,0
SFY.US,D,20191230,000000,10.9529,10.9529,10.8268,10.8367,75991.86540216,0
SFY.US,D,20191231,000000,10.798,10.9052,10.798,10.9052,40682.442576843,0
SFY.US,D,20200102,000000,10.9152,10.9926,10.9112,10.9926,74326.773229443,0
SFY.US,D,20200103,000000,10.8864,10.9827,10.8864,10.9241,72999.131678541,0
SFY.US,D,20200106,000000,10.8566,10.9727,10.8566,10.9727,39184.5647421,0
SFY.US,D,20200107,000000,10.9727,10.9827,10.9429,10.9727,43248.074617926,0
SFY.US,D,20200108,000000,11.0214,11.0512,10.9529,11.0015,42079.588882686,0
SFY.US,D,20200109,000000,11.069,11.079,11.0412,11.079,33025.839065154,0
SFY.US,D,20200110,000000,11.069,11.1087,11.0124,11.0124,49120.722752796,0
SFY.US,D,20200113,000000,11.0412,11.1475,11.0412,11.1475,52163.822240865,0
SFY.US,D,20200114,000000,11.1375,11.1574,11.0978,11.1187,53206.39356498,0
SFY.US,D,20200115,000000,11.1286,11.1623,11.1087,11.1375,28715.536943523,0
SFY.US,D,20200116,000000,11.1872,11.2259,11.1673,11.2259,56362.312365417,0
SFY.US,D,20200117,000000,11.2636,11.2636,11.1971,11.2378,42256.87637355,0
SFY.US,D,20200121,000000,11.216,11.2785,11.1971,11.2537,69031.31675517,0
SFY.US,D,20200122,000000,11.2934,11.3033,11.2437,11.2537,48123.480616686,0
SFY.US,D,20200123,000000,11.216,11.2835,11.1862,11.2835,57141.974399103,0
SFY.US,D,20200124,000000,11.3331,11.3331,11.1475,11.1673,38109.759328737,0
SFY.US,D,20200127,000000,10.9727,11.0313,10.8923,10.9926,50360.727873555,0
SFY.US,D,20200128,000000,11.0651,11.1087,11.0214,11.0889,30080.449160118,0
SFY.US,D,20200129,000000,11.1475,11.1475,11.079,11.0988,31535.012437434,0
SFY.US,D,20200130,000000,11.0124,11.1415,11.0025,11.1187,47696.37893415,0
SFY.US,D,20200131,000000,11.0988,11.1187,10.9429,10.9688,34169.141918169,0
SFY.US,D,20200203,000000,11.0214,11.0889,11.0214,11.069,36052.821508599,0
SFY.US,D,20200204,000000,11.1872,11.2835,11.1822,11.2517,87158.962696014,0
SFY.US,D,20200205,000000,11.3132,11.3381,11.2735,11.3132,44358.136066404,0
SFY.US,D,20200206,000000,11.3232,11.3996,11.3232,11.3907,42567.129482562,0
SFY.US,D,20200207,000000,11.351,11.3907,11.3033,11.351,36767.0080485,0
SFY.US,D,20200210,000000,11.3232,11.4195,11.3232,11.4195,45167.010243471,0
SFY.US,D,20200211,000000,11.4969,11.5207,11.4095,11.4492,53714.080470636,0
SFY.US,D,20200212,000000,11.5068,11.5366,11.4969,11.5366,30070.376007228,0
SFY.US,D,20200213,000000,11.4969,11.5644,11.4969,11.5267,40179.792247632,0
SFY.US,D,20200214,000000,11.4969,11.5267,11.4681,11.5068,44521.321143222,0
SFY.US,D,20200218,000000,11.5068,11.5267,11.481,11.487,36720.671545206,0
SFY.US,D,20200219,000000,11.5942,11.614,11.5485,11.5942,95033.146310127,0
SFY.US,D,20200220,000000,11.5743,11.5743,11.4294,11.5168,87391.652527773,0
SFY.US,D,20200221,000000,11.5168,11.5168,11.3996,11.4433,41101.485737067,0
SFY.US,D,20200224,000000,10.9628,11.1187,10.9628,11.0025,74803.23336114,0
SFY.US,D,20200225,000000,11.079,11.079,10.6431,10.6809,92507.806880604,0
SFY.US,D,20200226,000000,10.7206,10.8665,10.6382,10.668,118080.52012245,0
SFY.US,D,20200227,000000,10.3622,10.5459,10.1567,10.1567,82599.853698,0
SFY.US,D,20200228,000000,9.86583,10.0892,9.79832,10.0892,108534.19312859,0
SFY.US,D,20200302,000000,10.254,10.5647,10.0505,10.5647,75962.653258779,0
SFY.US,D,20200303,000000,10.6134,10.6819,10.2063,10.3324,138847.33212047,0
SFY.US,D,20200304,000000,10.4684,10.6719,10.3622,10.6719,42591.305049498,0
SFY.US,D,20200305,000000,10.4684,10.5071,10.2828,10.3324,49456.158744033,0
SFY.US,D,20200306,000000,10.0991,10.2063,9.93333,10.1567,39135.206292939,0
SFY.US,D,20200309,000000,9.61367,9.76854,9.32181,9.47767,77254.031459277,0
SFY.US,D,20200310,000000,9.98198,9.98198,9.35139,9.72883,72615.344553432,0
SFY.US,D,20200311,000000,9.52631,9.6921,9.26373,9.35139,59649.182153424,0
SFY.US,D,20200312,000000,8.83656,9.53624,8.43837,8.5162,107541.98756893,0
SFY.US,D,20200313,000000,8.87527,9.15215,8.46269,9.12793,77004.217267605,0
SFY.US,D,20200316,000000,8.31219,8.74423,8.23416,8.27536,87476.267012049,0
SFY.US,D,20200317,000000,8.36074,8.70055,8.05408,8.47729,148847.95830966,0
SFY.US,D,20200318,000000,8.06947,8.38983,7.99174,8.31279,86635.158745734,0
SFY.US,D,20200319,000000,8.19565,8.41891,8.00067,8.2562,62654.003660511,0
SFY.US,D,20200320,000000,8.36074,8.40432,7.98201,7.98201,68927.563280403,0
SFY.US,D,20200323,000000,7.87529,7.87529,7.61748,7.73928,62778.910756347,0
SFY.US,D,20200324,000000,8.1471,8.43837,8.05974,8.31219,54455.46452334,0
SFY.US,D,20200325,000000,8.43837,8.82693,8.29274,8.50627,68348.356989228,0
SFY.US,D,20200326,000000,8.5842,9.10847,8.5842,9.00165,65577.232629189,0
SFY.US,D,20200327,000000,8.70055,8.96274,8.59373,8.79774,68517.58595778,0
SFY.US,D,20200330,000000,8.80737,9.09874,8.76865,9.05992,43025.457939057,0
SFY.US,D,20200331,000000,9.07928,9.1861,8.85492,8.97941,48266.519387724,0
SFY.US,D,20200401,000000,8.70055,8.78791,8.51719,8.57428,53540.822240928,0
SFY.US,D,20200402,000000,8.49674,8.78791,8.49674,8.66174,62822.225313774,0
SFY.US,D,20200403,000000,8.73937,8.73937,8.55492,8.63265,48044.910024144,0
SFY.US,D,20200406,000000,8.87527,9.1181,8.86584,9.11353,46215.62545932,0
SFY.US,D,20200407,000000,9.46774,9.49653,9.14053,9.27356,64555.814926143,0
SFY.US,D,20200408,000000,9.37006,9.45781,9.27356,9.45781,40866.78127473,0
SFY.US,D,20200409,000000,9.65239,9.68614,9.46774,9.56503,46490.622533217,0
SFY.US,D,20200413,000000,9.54517,9.56503,9.38495,9.5551,67537.468181583,0
SFY.US,D,20200414,000000,9.7884,9.8281,9.70898,9.8281,78059.883690477,0
SFY.US,D,20200415,000000,9.66232,9.71096,9.52631,9.62261,43968.305049561,0
SFY.US,D,20200416,000000,9.73876,9.73876,9.56503,9.70203,46946.936359134,0
SFY.US,D,20200417,000000,9.87576,9.93333,9.7884,9.93333,55924.130214702,0
SFY.US,D,20200420,000000,9.8559,9.9244,9.73876,9.73876,69513.820778601,0
SFY.US,D,20200421,000000,9.66232,9.73876,9.46774,9.49653,49260.739577967,0
SFY.US,D,20200422,000000,9.66232,9.7189,9.61367,9.70898,46521.849307176,0
SFY.US,D,20200423,000000,9.74869,9.86583,9.6921,9.70898,50758.61741271,0
SFY.US,D,20200424,000000,9.70898,9.83704,9.67224,9.83704,18429.840527544,0
SFY.US,D,20200427,000000,9.93333,10.0217,9.88469,9.99191,39225.864668949,0
SFY.US,D,20200428,000000,10.109,10.109,9.89263,9.90455,53411.885883936,0
SFY.US,D,20200429,000000,10.0991,10.2451,10.0942,10.2451,46872.395027748,0
SFY.US,D,20200430,000000,10.1964,10.1964,10.0594,10.0892,48393.441114138,0
SFY.US,D,20200501,000000,9.91447,10.0991,9.77847,9.7884,55100.1463083,0
SFY.US,D,20200504,000000,9.6921,9.89462,9.68217,9.89462,55615.891736268,0
SFY.US,D,20200505,000000,9.99191,10.1567,9.95319,9.95319,57609.368693199,0
SFY.US,D,20200506,000000,10.0118,10.0594,9.94326,9.94326,29554.63057926,0
SFY.US,D,20200507,000000,10.0018,10.0991,10.0018,10.0693,36887.88588318,0
SFY.US,D,20200508,000000,10.1865,10.3026,10.1468,10.3026,45418.839065721,0
SFY.US,D,20200511,000000,10.2252,10.3026,10.1865,10.2639,57793.707391086,0
SFY.US,D,20200512,000000,10.2302,10.2729,10.0693,10.0793,56846.831019426,0
SFY.US,D,20200513,000000,10.0594,10.0594,9.80924,9.93333,33302.850769629,0
SFY.US,D,20200514,000000,9.77847,9.96312,9.70898,9.94326,48515.326264107,0
SFY.US,D,20200515,000000,9.87576,10.0018,9.8559,10.0018,42431.141918547,0
SFY.US,D,20200518,000000,10.1964,10.3423,10.1964,10.254,54163.34308953,0
SFY.US,D,20200519,000000,10.2927,10.3622,10.2312,10.2312,37191.087785169,0
SFY.US,D,20200520,000000,10.3225,10.394,10.3026,10.3622,24226.940015739,0
SFY.US,D,20200521,000000,10.3622,10.3622,10.254,10.2699,44565.643015938,0
SFY.US,D,20200522,000000,10.2451,10.3711,10.2451,10.3126,46004.08924863,0
SFY.US,D,20200526,000000,10.5171,10.5459,10.3711,10.4287,52037.90782974,0
SFY.US,D,20200527,000000,10.4873,10.5548,10.3483,10.5518,36611.881493994,0
SFY.US,D,20200528,000000,10.5647,10.6789,10.526,10.526,45267.741772371,0
SFY.US,D,20200529,000000,10.5359,10.6918,10.4972,10.6819,44666.374544838,0
SFY.US,D,20200601,000000,10.6819,10.8069,10.6431,10.8069,53430.017559138,0
SFY.US,D,20200602,000000,10.9241,10.9429,10.7007,10.7752,83341.237750704,0
SFY.US,D,20200603,000000,10.9052,10.9261,10.8467,10.9261,42911.6313114,0
SFY.US,D,20200604,000000,10.8953,10.9241,10.8169,10.8953,41831.789321592,0
SFY.US,D,20200605,000000,11.0214,11.1872,11.0214,11.1574,40657.259694618,0
SFY.US,D,20200608,000000,11.206,11.2934,11.1375,11.2934,72045.204099858,0
SFY.US,D,20200609,000000,11.2259,11.2348,11.1087,11.1872,102904.30797837,0
SFY.US,D,20200610,000000,11.1971,11.2437,11.1415,11.1574,38627.519387283,0
SFY.US,D,20200611,000000,11.1574,11.1574,10.4873,10.5171,66704.41843758,0
SFY.US,D,20200612,000000,10.7593,10.7891,10.4386,10.6431,48741.972204132,0
SFY.US,D,20200615,000000,10.4386,10.7652,10.389,10.7106,63625.055599107,0
SFY.US,D,20200616,000000,11.0025,11.0214,10.7692,10.9132,88366.733727525,0
SFY.US,D,20200617,000000,11.0025,11.0025,10.9122,10.9122,53494.485737634,0
SFY.US,D,20200618,000000,10.8467,10.9529,10.8467,10.9152,82648.204831872,0
SFY.US,D,20200619,000000,11.1574,11.1574,10.9152,10.9152,41386.555963854,0
SFY.US,D,20200622,000000,10.9837,10.9837,10.8824,10.9588,47990.514998538,0
SFY.US,D,20200623,000000,11.0134,11.0522,10.9936,10.9936,35087.813461737,0
SFY.US,D,20200624,000000,10.9638,10.9638,10.6709,10.7484,42296.161669821,0
SFY.US,D,20200625,000000,10.7196,10.8069,10.661,10.8069,35078.747624136,0
SFY.US,D,20200626,000000,10.7583,10.7583,10.6014,10.6034,68482.329922665,0
SFY.US,D,20200629,000000,10.661,10.6997,10.5548,10.6997,62601.623265483,0
SFY.US,D,20200630,000000,10.7285,10.9191,10.7285,10.9052,46842.175569078,0
SFY.US,D,20200701,000000,10.9638,10.9837,10.9191,10.9638,34024.088516553,0
SFY.US,D,20200702,000000,11.1395,11.2567,10.9539,11.0244,64629.34894224,0
SFY.US,D,20200706,000000,11.2467,11.2467,11.1693,11.2467,45335.231896734,0
SFY.US,D,20200707,000000,11.1693,11.3649,11.0522,11.1693,88266.002198625,0
SFY.US,D,20200708,000000,11.1792,11.2567,11.1306,11.2368,36424.52085024,0
SFY.US,D,20200709,000000,11.2467,11.2467,11.0422,11.1891,41286.831750243,0
SFY.US,D,20200710,000000,11.1991,11.2964,11.1206,11.2815,21805.354060983,0
SFY.US,D,20200713,000000,11.4036,11.4721,11.1395,11.1395,36550.435261365,0
SFY.US,D,20200714,000000,11.071,11.2993,11.071,11.2974,71883.026338329,0
SFY.US,D,20200715,000000,11.5515,11.5515,11.3162,11.4334,37294.841259936,0
SFY.US,D,20200716,000000,11.3261,11.3748,11.3063,11.346,73620.645211854,0
SFY.US,D,20200717,000000,11.4135,11.4135,11.3361,11.3946,34065.388443402,0
SFY.US,D,20200720,000000,11.3549,11.5267,11.3549,11.5138,53426.995613271,0
SFY.US,D,20200721,000000,11.5694,11.5694,11.482,11.4919,53460.237017808,0
SFY.US,D,20200722,000000,11.4919,11.5614,11.4234,11.5416,36183.772496169,0
SFY.US,D,20200723,000000,11.5694,11.5991,11.3946,11.4433,63173.778349635,0
SFY.US,D,20200724,000000,11.3748,11.3946,11.2964,11.3649,29573.769569751,0
SFY.US,D,20200727,000000,11.3946,11.4532,11.3857,11.4532,21389.332846626,0
SFY.US,D,20200728,000000,11.4532,11.482,11.3748,11.4135,64470.193126578,0
SFY.US,D,20200729,000000,11.4532,11.5465,11.4532,11.5416,40680.427946265,0
SFY.US,D,20200730,000000,11.482,11.5118,11.3748,11.4721,42809.892467211,0
SFY.US,D,20200731,000000,11.5515,11.5793,11.4046,11.5793,47557.369424268,0
SFY.US,D,20200803,000000,11.6875,11.7074,11.6091,11.6875,51906.95684217,0
SFY.US,D,20200804,000000,11.6875,11.9317,11.6299,11.7173,69381.862475742,0
SFY.US,D,20200805,000000,11.8046,11.8046,11.7659,11.7947,26132.780542527,0
SFY.US,D,20200806,000000,11.7848,11.8543,11.756,11.8543,53723.146308237,0
SFY.US,D,20200807,000000,11.8444,11.8543,11.756,11.8543,37976.793710589,0
SFY.US,D,20200810,000000,11.9714,11.9714,11.7997,11.8642,31372.834675905,0
SFY.US,D,20200811,000000,11.8841,11.9029,11.7074,11.7461,52575.814194066,0
SFY.US,D,20200812,000000,11.8741,11.9218,11.8543,11.9119,45380.561084739,0
SFY.US,D,20200813,000000,11.9119,11.9416,11.9029,11.9119,38148.037309719,0
SFY.US,D,20200814,000000,11.8642,11.9218,11.8642,11.8841,25166.765180376,0
SFY.US,D,20200817,000000,11.9913,11.9913,11.9119,11.9516,32653.132408224,0
SFY.US,D,20200818,000000,12.0399,12.0399,11.9516,12.03,71336.054136402,0
SFY.US,D,20200819,000000,12.0786,12.0786,11.9913,11.9913,29157.748355394,0
SFY.US,D,20200820,000000,11.9119,12.03,11.8841,12.0002,52949.528166285,0
SFY.US,D,20200821,000000,12.0399,12.0548,12.0002,12.0499,16335.632041713,0
SFY.US,D,20200824,000000,12.2444,12.2444,12.0727,12.1382,39604.615217613,0
SFY.US,D,20200825,000000,12.1471,12.2156,12.1471,12.2156,40412.482079391,0
SFY.US,D,20200826,000000,12.2643,12.4549,12.2405,12.3824,35793.941479326,0
SFY.US,D,20200827,000000,12.44,12.4698,12.3328,12.4211,47766.89100438,0
SFY.US,D,20200828,000000,12.5095,12.5095,12.4271,12.4996,27759.594734262,0
SFY.US,D,20200831,000000,12.4499,12.5869,12.4499,12.5293,82196.9275824,0
SFY.US,D,20200901,000000,12.5393,12.6167,12.5393,12.6147,38623.490126127,0
SFY.US,D,20200902,000000,12.6753,12.8222,12.6455,12.8222,50772.719826756,0
SFY.US,D,20200903,000000,12.7051,12.715,12.2941,12.3139,80953.900515774,0
SFY.US,D,20200904,000000,12.3238,12.5075,11.9436,12.1868,99695.001467619,0
SFY.US,D,20200908,000000,11.9814,12.0101,11.8245,11.8444,104303.46891479,0
SFY.US,D,20200909,000000,12.0598,12.2256,12.0022,12.1074,123388.06438019,0
SFY.US,D,20200910,000000,12.2067,12.2355,11.893,11.9158,32525.203366521,0
SFY.US,D,20200911,000000,11.9814,12.0985,11.8046,11.9029,65173.2991983,0
SFY.US,D,20200914,000000,12.0786,12.1471,12.0101,12.0985,62957.2055625,0
SFY.US,D,20200915,000000,12.2355,12.2544,12.1372,12.1968,43297.433067087,0
SFY.US,D,20200916,000000,12.2444,12.2643,12.1322,12.1372,52772.240675421,0
SFY.US,D,20200917,000000,11.9615,12.0499,11.9317,12.0161,34546.885151544,0
SFY.US,D,20200918,000000,11.9814,12.0886,11.8444,11.9029,24168.515728977,0
SFY.US,D,20200921,000000,11.7361,11.7848,11.619,11.7848,39958.182884052,0
SFY.US,D,20200922,000000,11.8841,11.9516,11.7759,11.9516,58692.232628874,0
SFY.US,D,20200923,000000,11.9268,11.9416,11.6389,11.6448,41863.016095551,0
SFY.US,D,20200924,000000,11.619,11.7798,11.5743,11.6776,42003.032920722,0
SFY.US,D,20200925,000000,11.6587,11.8592,11.619,11.8592,29118.463059123,0
SFY.US,D,20200928,000000,12.03,12.0886,12.0002,12.0697,48385.382591826,0
SFY.US,D,20200929,000000,12.304,12.304,12.0002,12.0002,29046.943673604,0
SFY.US,D,20200930,000000,12.03,12.2683,12.03,12.1422,25505.22311748,0
SFY.US,D,20201001,000000,12.167,12.2047,12.1203,12.167,44251.36064577,0
SFY.US,D,20201002,000000,11.9516,12.2097,11.8344,12.0786,82320.827362947,0
SFY.US,D,20201005,000000,12.1372,12.2841,12.1372,12.2841,37505.370155337,0
SFY.US,D,20201006,000000,12.2444,12.3626,12.0796,12.0886,37306.929043404,0
SFY.US,D,20201007,000000,12.167,12.3427,12.167,12.3308,33747.076812078,0
SFY.US,D,20201008,000000,12.4211,12.5393,12.3526,12.4112,23657.806877454,0
SFY.US,D,20201009,000000,12.5194,12.5482,12.4896,12.5095,22098.482810082,0
SFY.US,D,20201012,000000,12.715,12.7626,12.6266,12.715,37352.258231409,0
SFY.US,D,20201013,000000,12.7626,12.7626,12.6167,12.6455,25360.169715864,0
SFY.US,D,20201014,000000,12.6951,12.7051,12.5393,12.5969,50727.390638751,0
SFY.US,D,20201015,000000,12.5194,12.578,12.4301,12.571,33568.782005925,0
SFY.US,D,20201016,000000,12.6753,12.7051,12.5869,12.5969,43312.542796422,0
SFY.US,D,20201019,000000,12.6167,12.6266,12.3725,12.4023,62376.991956036,0
SFY.US,D,20201020,000000,12.4896,12.5194,12.4112,12.4112,44137.534018113,0
SFY.US,D,20201021,000000,12.3725,12.4767,12.3526,12.3526,35014.27944564,0
SFY.US,D,20201022,000000,12.4142,12.445,12.299,12.4112,35324.532554652,0
SFY.US,D,20201023,000000,12.4896,12.4896,12.3973,12.4698,38799.770301702,0
SFY.US,D,20201026,000000,12.3923,12.4023,12.1372,12.2355,47600.683981695,0
SFY.US,D,20201027,000000,12.2444,12.3725,12.2375,12.2544,75122.552307753,0
SFY.US,D,20201028,000000,12.1571,12.1571,11.8245,11.8245,53111.705927814,0
SFY.US,D,20201029,000000,11.8841,12.0201,11.7818,11.9605,87518.574254187,0
SFY.US,D,20201030,000000,12.0201,12.0201,11.6488,11.7759,51138.375276663,0
SFY.US,D,20201102,000000,12.0786,12.1769,11.7947,11.9119,75839.760793521,0
SFY.US,D,20201103,000000,11.9714,12.2593,11.9714,12.1402,76257.796638456,0
SFY.US,D,20201104,000000,12.304,12.5323,12.2762,12.3725,55671.294077163,0
SFY.US,D,20201105,000000,12.6554,12.6703,12.5681,12.6366,56728.975130613,0
SFY.US,D,20201106,000000,12.6852,12.715,12.5681,12.6852,65659.832482887,0
SFY.US,D,20201109,000000,13.7226,13.8884,12.7448,12.7448,96627.726412614,0
SFY.US,D,20201110,000000,12.9006,12.9006,12.5681,12.6951,75729.96342702,0
SFY.US,D,20201111,000000,12.7726,12.8609,12.7726,12.8023,70135.334311914,0
SFY.US,D,20201112,000000,12.7448,12.8321,12.6951,12.6951,34638.550842843,0
SFY.US,D,20201113,000000,12.8421,12.9493,12.7537,12.8808,113547.60132195,0
SFY.US,D,20201116,000000,12.9791,13.0277,12.8907,12.9979,58008.265547643,0
SFY.US,D,20201117,000000,12.9979,13.1945,12.9691,12.988,75347.1836172,0
SFY.US,D,20201118,000000,12.9979,13.0376,12.8421,12.8421,45310.049014509,0
SFY.US,D,20201119,000000,12.8421,12.9393,12.8023,12.9106,32764.944405303,0
SFY.US,D,20201120,000000,12.9493,12.9493,12.8609,12.8609,36999.697880259,0
SFY.US,D,20201123,000000,12.9493,13.0078,12.8619,12.9691,61534.876374432,0
SFY.US,D,20201124,000000,13.1349,13.1647,12.9979,13.1548,79901.256038769,0
SFY.US,D,20201125,000000,13.0952,13.1746,13.0952,13.1647,37414.711779327,0
SFY.US,D,20201127,000000,13.2431,13.2531,13.1746,13.2481,37572.8602797,0
SFY.US,D,20201130,000000,13.536,13.536,13.0476,13.1846,56177.97366753,0
SFY.US,D,20201201,000000,13.3106,13.3106,13.2332,13.2818,59034.719827134,0
SFY.US,D,20201202,000000,13.4099,13.4099,13.1846,13.3305,74338.861012911,0
SFY.US,D,20201203,000000,13.4476,13.4476,13.2431,13.262,68671.705196997,0
SFY.US,D,20201204,000000,13.3206,13.4099,13.2531,13.3702,50584.351867713,0
SFY.US,D,20201207,000000,13.3206,13.4576,13.3206,13.4,68685.807611043,0
SFY.US,D,20201208,000000,13.3503,13.4873,13.3503,13.4675,88750.520852634,0
SFY.US,D,20201209,000000,13.4973,13.5737,13.2431,13.2818,126456.34675048,0
SFY.US,D,20201210,000000,13.2233,13.3305,13.1925,13.2858,38241.717631596,0
SFY.US,D,20201211,000000,13.262,13.2719,13.1339,13.2501,54953.078276106,0
SFY.US,D,20201214,000000,13.3603,13.4188,13.2143,13.2918,88722.316024542,0
SFY.US,D,20201215,000000,13.4675,13.4675,13.2759,13.39,64385.578642302,0
SFY.US,D,20201216,000000,13.4576,13.4576,13.3603,13.4099,51021.526703139,0
SFY.US,D,20201217,000000,13.4576,13.4973,13.4476,13.4913,58663.020485493,0
SFY.US,D,20201218,000000,13.5459,13.5757,13.4,13.4774,59758.979519925,0
SFY.US,D,20201221,000000,13.3206,13.4476,13.2531,13.4,59525.282372877,0
SFY.US,D,20201222,000000,13.4188,13.5072,13.3503,13.4873,50385.91075578,0
SFY.US,D,20201223,000000,13.4377,13.536,13.4327,13.4774,43137.269936136,0
SFY.US,D,20201224,000000,13.5658,13.5658,13.4675,13.5072,51310.626191082,0
SFY.US,D,20201228,000000,13.6253,13.6253,13.5429,13.5757,102160.90929509,0
SFY.US,D,20201229,000000,13.7325,13.7325,13.4774,13.5052,119673.08559436,0
SFY.US,D,20201230,000000,13.5856,13.6472,13.527,13.5856,56674.580105007,0
SFY.US,D,20201231,000000,13.5261,13.6253,13.4675,13.5757,70342.841261448,0
SFY.US,D,20210104,000000,13.6938,13.6938,13.2938,13.4178,125209.2904227,0
SFY.US,D,20210105,000000,13.4178,13.5757,13.3791,13.5032,166335.95904199,0
SFY.US,D,20210106,000000,13.399,13.7038,13.3364,13.536,103601.37015836,0
SFY.US,D,20210107,000000,13.664,13.8785,13.6541,13.8517,179064.3950338,0
SFY.US,D,20210108,000000,14.0582,14.0582,13.7723,13.8705,135046.73153507,0
SFY.US,D,20210111,000000,13.9102,13.9281,13.7623,13.7921,120460.80615035,0
SFY.US,D,20210112,000000,13.7723,13.8705,13.7723,13.8606,119030.41843997,0
SFY.US,D,20210113,000000,13.8705,13.9102,13.7723,13.9003,54338.615949816,0
SFY.US,D,20210114,000000,13.9688,13.9688,13.7921,13.7921,121456.03365589,0
SFY.US,D,20210115,000000,13.7921,13.8467,13.6442,13.6839,112162.54279957,0
SFY.US,D,20210119,000000,13.802,13.8705,13.7137,13.8338,163401.64960513,0
SFY.US,D,20210120,000000,13.9202,14.0383,13.8417,14.0234,180185.53695045,0
SFY.US,D,20210121,000000,14.1068,14.1068,13.9202,14.0085,83364.406002351,0
SFY.US,D,20210122,000000,13.9688,14.0194,13.8805,13.9688,78507.131678793,0
SFY.US,D,20210125,000000,13.94,14.0085,13.812,13.9887,112739.73446017,0
SFY.US,D,20210126,000000,13.9887,14.0482,13.9301,13.94,107191.44184836,0
SFY.US,D,20210127,000000,13.9301,13.9301,13.5658,13.6253,125676.6847168,0
SFY.US,D,20210128,000000,13.664,13.9102,13.664,13.7623,75768.241408002,0
SFY.US,D,20210129,000000,13.7325,13.7325,13.3791,13.5261,142216.80176218,0
SFY.US,D,20210201,000000,13.6541,13.7425,13.5856,13.7325,111157.24214115,0
SFY.US,D,20210202,000000,14.0284,14.0284,13.813,13.94,156541.83248704,0
SFY.US,D,20210203,000000,13.9688,13.9787,13.8705,13.9003,102120.61668353,0
SFY.US,D,20210204,000000,13.9688,14.0969,13.9241,14.0482,132893.09144719,0
SFY.US,D,20210205,000000,14.1654,14.1654,14.077,14.1465,173035.61302913,0
SFY.US,D,20210208,000000,14.2448,14.2488,14.1366,14.215,171036.09218047,0
SFY.US,D,20210209,000000,14.1465,14.2249,14.1465,14.1852,122294.11997633,0
SFY.US,D,20210210,000000,14.3431,14.3431,14.1167,14.1852,140170.94441022,0
SFY.US,D,20210211,000000,14.2646,14.2646,14.1564,14.2448,90367.261891479,0
SFY.US,D,20210212,000000,14.215,14.3034,14.1852,14.2984,130674.98318081,0
SFY.US,D,20210216,000000,14.4314,14.4999,14.2547,14.3034,130640.73446099,0
SFY.US,D,20210217,000000,14.2448,14.2845,14.1564,14.2448,141318.27652439,0
SFY.US,D,20210218,000000,14.2646,14.2646,14.0869,14.2349,74694.443309928,0
SFY.US,D,20210219,000000,14.3232,14.3232,14.1366,14.1564,90783.283105836,0
SFY.US,D,20210222,000000,14.0582,14.1257,14.0284,14.0284,86061.996346293,0
SFY.US,D,20210223,000000,13.8417,14.077,13.7723,13.9986,152146.91588114,0
SFY.US,D,20210224,000000,13.9688,14.1753,13.944,14.1753,120228.11631859,0
SFY.US,D,20210225,000000,14.1366,14.2448,13.7524,13.7822,101339.94733456,0
SFY.US,D,20210226,000000,13.94,13.94,13.6521,13.7673,87968.84418837,0
SFY.US,D,20210301,000000,13.8517,14.0869,13.8517,14.0284,107001.05925874,0
SFY.US,D,20210302,000000,14.077,14.077,13.9589,13.9589,129702.92392693,0
SFY.US,D,20210303,000000,13.9986,13.9986,13.7623,13.7703,88137.065841633,0
SFY.US,D,20210304,000000,13.7623,13.8318,13.3791,13.5658,95240.653259661,0
SFY.US,D,20210305,000000,13.664,13.7772,13.3593,13.7325,84938.839799058,0
SFY.US,D,20210308,000000,13.7325,13.8864,13.6442,13.6442,96880.562550153,0
SFY.US,D,20210309,000000,13.9003,13.9986,13.8517,13.94,113397.51134389,0
SFY.US,D,20210310,000000,14.0582,14.1068,13.9688,14.0284,65243.81126853,0
SFY.US,D,20210311,000000,14.215,14.215,14.0869,14.1753,131372.0453608,0
SFY.US,D,20210312,000000,14.1465,14.1952,14.0383,14.1952,67027.766645349,0
SFY.US,D,20210315,000000,14.2547,14.2646,14.1118,14.2646,99324.309441267,0
SFY.US,D,20210316,000000,14.3133,14.3133,14.1842,14.2478,101947.35845382,0
SFY.US,D,20210317,000000,14.2448,14.2845,14.1167,14.2646,113220.22385302,0
SFY.US,D,20210318,000000,14.2349,14.2349,14.0185,14.0284,78561.526704399,0
SFY.US,D,20210319,000000,14.1068,14.1068,13.9202,14.0582,76538.837604087,0
SFY.US,D,20210322,000000,14.0185,14.2051,14.0185,14.1366,86097.252381408,0
SFY.US,D,20210323,000000,14.1267,14.1862,14.0284,14.077,94862.910026286,0
SFY.US,D,20210324,000000,14.1366,14.1366,13.9688,13.9688,58971.258963927,0
SFY.US,D,20210325,000000,13.9202,14.0284,13.8318,14.0085,59091.129483318,0
SFY.US,D,20210326,000000,14.1068,14.2349,14.0284,14.2349,60048.079007868,0
SFY.US,D,20210329,000000,14.1753,14.2448,14.0582,14.1852,63022.681056285,0
SFY.US,D,20210330,000000,14.1952,14.2051,14.1098,14.2051,101828.49524972,0
SFY.US,D,20210331,000000,14.2249,14.3034,14.1952,14.2646,66965.313097431,0
SFY.US,D,20210401,000000,14.3133,14.4016,14.2845,14.4016,62517.008781207,0
SFY.US,D,20210405,000000,14.5496,14.628,14.4314,14.628,126349.57132985,0
SFY.US,D,20210406,000000,14.6181,14.6379,14.5793,14.5982,119059.63058335,0
SFY.US,D,20210407,000000,14.6379,14.6379,14.5793,14.628,88961.049748035,0
SFY.US,D,20210408,000000,14.6776,14.7074,14.6449,14.6975,121501.36284389,0
SFY.US,D,20210409,000000,14.7074,14.7858,14.6975,14.7858,83544.715439082,0
SFY.US,D,20210412,000000,14.8057,14.8246,14.761,14.8246,69109.887347712,0
SFY.US,D,20210413,000000,14.8643,14.9238,14.8146,14.8841,103479.48500839,0
SFY.US,D,20210414,000000,14.894,14.9338,14.8057,14.8444,99211.490128899,0
SFY.US,D,20210415,000000,14.9338,15.0122,14.9238,15.0023,112508.0519437,0
SFY.US,D,20210416,000000,15.0708,15.0708,15.0023,15.0509,133728.15582177,0
SFY.US,D,20210419,000000,15.031,15.031,14.9139,14.9437,103282.05121175,0
SFY.US,D,20210420,000000,14.9437,14.9437,14.8146,14.8742,99111.765915288,0
SFY.US,D,20210421,000000,14.8444,14.9824,14.8246,14.9625,80540.901247284,0
SFY.US,D,20210422,000000,15.0023,15.0221,14.8394,14.8742,86580.763720128,0
SFY.US,D,20210423,000000,14.9139,15.0509,14.894,15.0122,135224.01902594,0
SFY.US,D,20210426,000000,15.0221,15.0708,15.0221,15.031,85888.738116585,0
SFY.US,D,20210427,000000,15.0807,15.0807,14.9923,15.041,82520.275790169,0
SFY.US,D,20210428,000000,15.0608,15.0708,15.0122,15.031,58853.403075114,0
SFY.US,D,20210429,000000,15.0906,15.1105,14.9725,15.0509,97561.507685517,0
SFY.US,D,20210430,000000,15.031,15.0708,14.9725,14.9923,78766.011708066,0
SFY.US,D,20210503,000000,15.1105,15.1105,15.0122,15.0221,85549.272864192,0
SFY.US,D,20210504,000000,14.9725,14.9725,14.8007,14.9238,150290.43380351,0
SFY.US,D,20210505,000000,14.9725,14.9725,14.8851,14.904,21301.696416483,0
SFY.US,D,20210506,000000,14.9526,15.0023,14.7958,15.0023,88577.262622926,0
SFY.US,D,20210507,000000,15.041,15.1462,15.039,15.0906,83488.305782898,0
SFY.US,D,20210510,000000,15.1105,15.1204,14.8891,14.894,119310.45209032,0
SFY.US,D,20210511,000000,14.6975,14.8246,14.5893,14.7759,103464.37527906,0
SFY.US,D,20210512,000000,14.6478,14.7263,14.4612,14.4612,123037.51865962,0
SFY.US,D,20210513,000000,14.5009,14.6677,14.4622,14.5595,103416.02414518,0
SFY.US,D,20210514,000000,14.6776,14.8434,14.6677,14.8345,101018.61375736,0
SFY.US,D,20210517,000000,14.8057,14.8345,14.7074,14.7958,84967.04462715,0
SFY.US,D,20210518,000000,14.7958,14.8543,14.7124,14.7263,120172.7139777,0
SFY.US,D,20210519,000000,14.5396,14.6637,14.4711,14.6478,100225.85662492,0
SFY.US,D,20210520,000000,14.6975,14.8841,14.6975,14.8643,50514.847112772,0
SFY.US,D,20210521,000000,14.9437,14.9566,14.8444,14.8444,42748.446234582,0
SFY.US,D,20210524,000000,14.9625,15.0608,14.9238,15.0221,96479.651065131,0
SFY.US,D,20210525,000000,15.1303,15.1303,14.9824,15.0122,69619.588883946,0
SFY.US,D,20210526,000000,15.0509,15.0708,14.9923,15.0608,64202.247259704,0
SFY.US,D,20210527,000000,15.0906,15.1005,15.0459,15.0708,53940.726410661,0
SFY.US,D,20210528,000000,15.1303,15.1502,15.0807,15.1005,85881.686909562,0
SFY.US,D,20210601,000000,15.1889,15.1889,15.0221,15.0608,109685.55450392,0
SFY.US,D,20210602,000000,15.0509,15.1154,15.0271,15.0509,141296.11558803,0
SFY.US,D,20210603,000000,14.9526,15.032,14.9238,14.9725,64448.03219022,0
SFY.US,D,20210604,000000,15.031,15.1502,15.031,15.1502,58731.517925145,0
SFY.US,D,20210607,000000,15.1502,15.179,15.1105,15.169,85700.370157542,0
SFY.US,D,20210608,000000,15.2187,15.2187,15.0807,15.169,93714.570596826,0
SFY.US,D,20210609,000000,15.2087,15.2256,15.1502,15.1502,83094.445504899,0
SFY.US,D,20210610,000000,15.1889,15.2663,15.169,15.2574,69916.746894201,0
SFY.US,D,20210611,000000,15.2872,15.307,15.2375,15.307,85150.376009748,0
SFY.US,D,20210614,000000,15.3269,15.3666,15.2683,15.3666,72456.18873777,0
SFY.US,D,20210615,000000,15.3567,15.3567,15.2772,15.2772,91095.550845426,0
SFY.US,D,20210616,000000,15.2772,15.317,15.1402,15.1988,85890.752747163,0
SFY.US,D,20210617,000000,15.1988,15.3467,15.1988,15.317,64150.874179965,0
SFY.US,D,20210618,000000,15.2971,15.2971,15.1303,15.1303,80482.476960522,0
SFY.US,D,20210621,000000,15.1601,15.308,15.1204,15.2782,61922.692760697,0
SFY.US,D,20210622,000000,15.2882,15.4361,15.2882,15.4262,72894.370888485,0
SFY.US,D,20210623,000000,15.4361,15.4857,15.4162,15.446,77675.089250079,0
SFY.US,D,20210624,000000,15.5453,15.5751,15.5155,15.5354,83110.562549523,0
SFY.US,D,20210625,000000,15.5751,15.5751,15.5354,15.5751,74927.133141687,0
SFY.US,D,20210628,000000,15.6138,15.6535,15.585,15.6535,33856.874178579,0
SFY.US,D,20210629,000000,15.6634,15.6932,15.6436,15.6436,127265.22092755,0
SFY.US,D,20210630,000000,15.6237,15.6922,15.6237,15.6733,71952.53109327,0
SFY.US,D,20210701,000000,15.7031,15.723,15.6545,15.723,100911.83833673,0
SFY.US,D,20210702,000000,15.7825,15.861,15.7577,15.851,100314.50037035,0
SFY.US,D,20210706,000000,15.8709,15.8808,15.7428,15.8709,85080.871254807,0
SFY.US,D,20210707,000000,15.9205,15.9404,15.8123,15.9007,143269.44623918,0
SFY.US,D,20210708,000000,15.7131,15.8113,15.6634,15.7925,101839.5757179,0
SFY.US,D,20210709,000000,15.8411,15.9305,15.8024,15.9205,81939.054868416,0
SFY.US,D,20210712,000000,15.9503,15.99,15.9106,15.99,81971.288957664,0
SFY.US,D,20210713,000000,16,16.0297,15.9205,15.9305,147923.24287436,0
SFY.US,D,20210714,000000,16,16,15.8908,15.9106,66993.517925523,0
SFY.US,D,20210715,000000,15.9007,15.9007,15.7677,15.851,64972.843455789,0
SFY.US,D,20210716,000000,15.8808,15.9106,15.723,15.7478,79972.775424288,0
SFY.US,D,20210719,000000,15.5949,15.5949,15.4758,15.5949,99273.943676817,0
SFY.US,D,20210720,000000,15.6336,15.8312,15.6088,15.8024,93233.073888684,0
SFY.US,D,20210721,000000,15.8312,15.9106,15.8312,15.9106,103721.24067775,0
SFY.US,D,20210722,000000,15.9404,15.9801,15.9156,15.9801,55206.921728934,0
SFY.US,D,20210723,000000,16.0585,16.1677,16.0109,16.1578,72228.535482456,0
SFY.US,D,20210726,000000,16.1777,16.1975,16.131,16.1975,88518.838336164,0
SFY.US,D,20210727,000000,16.1777,16.1777,15.9642,16.0883,113026.81931753,0
SFY.US,D,20210728,000000,16.128,16.133,16.0486,16.1082,58579.413316506,0
SFY.US,D,20210729,000000,16.1578,16.2074,16.1479,16.1677,82888.953185943,0
SFY.US,D,20210730,000000,16.0585,16.1151,16.0297,16.0784,106637.41843941,0
SFY.US,D,20210802,000000,16.128,16.1578,16.0387,16.0387,71219.205562878,0
SFY.US,D,20210803,000000,16.0685,16.2074,15.99,16.2074,121696.78200996,0
SFY.US,D,20210804,000000,16.1677,16.1975,16.134,16.1777,51129.309439062,0
SFY.US,D,20210805,000000,16.2074,16.2471,16.1866,16.2273,106519.56255059,0
SFY.US,D,20210806,000000,16.266,16.269,16.2005,16.2273,88148.146309812,0
SFY.US,D,20210809,000000,16.2273,16.2759,16.1995,16.2759,69451.367230683,0
SFY.US,D,20210810,000000,16.2958,16.2958,16.2194,16.2372,78622.972937028,0
SFY.US,D,20210811,000000,16.2471,16.266,16.1777,16.1876,88740.447699744,0
SFY.US,D,20210812,000000,16.1975,16.2958,16.1777,16.2958,68916.482812224,0
SFY.US,D,20210813,000000,16.3156,16.3256,16.266,16.3256,73736.486470089,0
SFY.US,D,20210816,000000,16.3156,16.3256,16.128,16.3256,137325.27871879,0
SFY.US,D,20210817,000000,16.2174,16.2471,16.1082,16.1975,139135.42429312,0
SFY.US,D,20210818,000000,16.1876,16.2362,16.0387,16.0585,99404.894664387,0
SFY.US,D,20210819,000000,16.0198,16.1181,15.9503,16.0784,88667.920998936,0
SFY.US,D,20210820,000000,16.1181,16.2174,16.0824,16.2174,58133.172643479,0
SFY.US,D,20210823,000000,16.2471,16.4149,16.2471,16.3951,88109.86832883,0
SFY.US,D,20210824,000000,16.4348,16.4546,16.408,16.4248,109129.51646439,0
SFY.US,D,20210825,000000,16.4447,16.4705,16.4258,16.4646,65678.971473378,0
SFY.US,D,20210826,000000,16.4646,16.4775,16.3752,16.3851,79986.877838334,0
SFY.US,D,20210827,000000,16.4149,16.5132,16.4,16.5033,85545.243603036,0
SFY.US,D,20210830,000000,16.5231,16.6313,16.5221,16.6125,74348.934165801,0
SFY.US,D,20210831,000000,16.6224,16.6224,16.546,16.5926,120315.75274874,0
SFY.US,D,20210901,000000,16.6323,16.6532,16.5827,16.5827,101826.48061914,0
SFY.US,D,20210902,000000,16.6323,16.682,16.5827,16.6025,112166.57206073,0
SFY.US,D,20210903,000000,16.6125,16.672,16.5827,16.672,77934.976594641,0
SFY.US,D,20210907,000000,16.682,16.682,16.6025,16.6423,136774.27725571,0
SFY.US,D,20210908,000000,16.6224,16.6224,16.5182,16.5926,115167.36430666,0
SFY.US,D,20210909,000000,16.5827,16.6522,16.536,16.543,79302.910757103,0
SFY.US,D,20210910,000000,16.6025,16.6065,16.3851,16.3851,159846.83395025,0
SFY.US,D,20210913,000000,16.4834,16.4933,16.3057,16.3752,110906.42063419,0
SFY.US,D,20210914,000000,16.4348,16.4646,16.3067,16.3156,103984.14996818,0
SFY.US,D,20210915,000000,16.3454,16.4824,16.3057,16.4646,114078.45647925,0
SFY.US,D,20210916,000000,16.4447,16.4834,16.3256,16.4735,81970.281642375,0
SFY.US,D,20210917,000000,16.4546,16.4546,16.3057,16.3256,84102.768109188,0
SFY.US,D,20210920,000000,16.1082,16.136,15.851,16.0585,162224.09803229,0
SFY.US,D,20210921,000000,16.128,16.1578,16.0198,16.0685,170171.8156625,0
SFY.US,D,20210922,000000,16.1181,16.2521,16.0784,16.1975,182893.20044728,0
SFY.US,D,20210923,000000,16.2759,16.4149,16.2759,16.3752,128443.77981568,0
SFY.US,D,20210924,000000,16.3057,16.3941,16.268,16.3941,67126.483543671,0
SFY.US,D,20210927,000000,16.3653,16.3653,16.2779,16.3256,65626.59107835,0
SFY.US,D,20210928,000000,16.2074,16.2074,15.9017,15.9255,171735.16899103,0
SFY.US,D,20210929,000000,15.9801,16.0585,15.9205,15.9404,96384.963427965,0
SFY.US,D,20210930,000000,15.9801,16.0268,15.7726,15.7825,101153.59400609,0
SFY.US,D,20211001,000000,15.8411,15.9692,15.6684,15.9205,82908.092176434,0
SFY.US,D,20211004,000000,15.861,15.861,15.6039,15.6733,139607.85516367,0
SFY.US,D,20211005,000000,15.7528,15.9305,15.7131,15.8411,127219.89173954,0
SFY.US,D,20211006,000000,15.7031,15.9205,15.6535,15.9205,76616.40088134,0
SFY.US,D,20211007,000000,16,16.1777,16,16.0486,165411.24360669,0
SFY.US,D,20211008,000000,16.1181,16.1181,15.991,16.0198,52219.22458176,0
SFY.US,D,20211011,000000,16,16.0982,15.9205,15.9205,101298.64740771,0
SFY.US,D,20211012,000000,15.9602,15.9801,15.861,15.9007,39722.471106426,0
SFY.US,D,20211013,000000,15.9106,16.0099,15.8808,16,132523.40673613,0
SFY.US,D,20211014,000000,16.128,16.2759,16.128,16.2561,94704.761525913,0
SFY.US,D,20211015,000000,16.3355,16.3941,16.3067,16.3752,96378.919536231,0
SFY.US,D,20211018,000000,16.3454,16.4824,16.3017,16.4735,91730.159477496,0
SFY.US,D,20211019,000000,16.5529,16.6025,16.5182,16.6025,131552.35479753,0
SFY.US,D,20211020,000000,16.6323,16.677,16.5926,16.6323,101902.02926582,0
SFY.US,D,20211021,000000,16.6025,16.7306,16.6025,16.7207,145252.85004322,0
SFY.US,D,20211022,000000,16.6621,16.7405,16.5827,16.6522,89153.446968234,0
SFY.US,D,20211025,000000,16.7306,16.8567,16.6542,16.8398,106337.23848328,0
SFY.US,D,20211026,000000,16.8696,16.9877,16.82,16.8398,229484.5545094,0
SFY.US,D,20211027,000000,16.8994,16.9083,16.7703,16.7802,118134.91514805,0
SFY.US,D,20211028,000000,16.82,16.9381,16.82,16.9282,84742.413317703,0
SFY.US,D,20211029,000000,16.8696,17.0076,16.8497,17.0076,88582.299199371,0
SFY.US,D,20211101,000000,17.1168,17.1168,16.9679,17.0771,183040.26847948,0
SFY.US,D,20211102,000000,17.0671,17.1257,17.0473,17.1168,141743.36357635,0
SFY.US,D,20211103,000000,17.1069,17.2647,17.087,17.2448,129359.42941338,0
SFY.US,D,20211104,000000,17.2846,17.363,17.2558,17.3531,111376.83687415,0
SFY.US,D,20211105,000000,17.4523,17.4523,17.2746,17.3531,204136.47257701,0
SFY.US,D,20211108,000000,17.4027,17.4027,17.3153,17.3531,115775.78274121,0
SFY.US,D,20211109,000000,17.4126,17.4126,17.1962,17.2448,437270.53037845,0
SFY.US,D,20211110,000000,17.1952,17.2746,16.9977,17.0969,150732.64521538,0
SFY.US,D,20211111,000000,17.1853,17.1853,17.0969,17.1168,91930.615220007,0
SFY.US,D,20211112,000000,17.1456,17.2627,17.0989,17.2548,89736.682520565,0
SFY.US,D,20211115,000000,17.2945,17.2945,17.1833,17.2448,150300.5069564,0
SFY.US,D,20211116,000000,17.2448,17.3928,17.2448,17.363,156809.77835392,0
SFY.US,D,20211117,000000,17.3729,17.3729,17.3044,17.3431,101372.1814238,0
SFY.US,D,20211118,000000,17.3828,17.4225,17.2846,17.4126,108196.74250678,0
SFY.US,D,20211119,000000,17.4424,17.4811,17.3928,17.4225,108004.34528658,0
SFY.US,D,20211122,000000,17.4821,17.5794,17.2846,17.2846,148477.26628331,0
SFY.US,D,20211123,000000,17.2746,17.3521,17.1049,17.2548,171153.94806928,0
SFY.US,D,20211124,000000,17.1456,17.3243,17.1168,17.3243,108155.44257993,0
SFY.US,D,20211126,000000,17.1168,17.2022,16.948,17.0076,156672.78347461,0
SFY.US,D,20211129,000000,17.2151,17.3044,17.1257,17.2548,166533.39283864,0
SFY.US,D,20211130,000000,17.1952,17.2548,16.8994,16.948,255909.45648574,0
SFY.US,D,20211201,000000,17.1257,17.1952,16.6125,16.6125,143619.99195975,0
SFY.US,D,20211202,000000,16.6025,16.9083,16.6025,16.82,158014.52743956,0
SFY.US,D,20211203,000000,16.8696,16.9381,16.4646,16.6323,183599.32846487,0
SFY.US,D,20211206,000000,16.682,16.8299,16.5231,16.7802,130199.53036441,0
SFY.US,D,20211207,000000,17.0572,17.1952,17.0225,17.1555,186945.62985493,0
SFY.US,D,20211208,000000,17.225,17.2647,17.1327,17.2448,106148.87052424,0
SFY.US,D,20211209,000000,17.2647,17.2647,17.0473,17.0473,153158.26043129,0
SFY.US,D,20211210,000000,17.1853,17.1902,17.0324,17.1754,77929.940018196,0
SFY.US,D,20211213,000000,17.2051,17.2051,17.0026,17.0076,134726.40527317,0
SFY.US,D,20211214,000000,16.8299,16.9381,16.7405,16.8696,176270.10242211,0
SFY.US,D,20211215,000000,16.8894,17.1754,16.7703,17.1754,131985.5003718,0
SFY.US,D,20211216,000000,17.2647,17.2756,16.8795,16.9381,136699.73592432,0
SFY.US,D,20211217,000000,16.8299,16.9977,16.7207,16.8398,150122.21215025,0
SFY.US,D,20211220,000000,16.6025,16.672,16.5132,16.672,213901.38698857,0
SFY.US,D,20211221,000000,16.7902,16.9579,16.672,16.948,149097.77250133,0
SFY.US,D,20211222,000000,16.9778,17.1456,16.948,17.1456,77036.451356853,0
SFY.US,D,20211223,000000,17.225,17.3243,17.1873,17.2647,114281.93416763,0
SFY.US,D,20211227,000000,17.3531,17.502,17.3342,17.492,117141.7022731,0
SFY.US,D,20211228,000000,17.5903,17.5903,17.4424,17.4523,87031.033654311,0
SFY.US,D,20211229,000000,17.5516,17.5516,17.3928,17.4623,208543.47696638,0
SFY.US,D,20211230,000000,17.4623,17.5414,17.4126,17.4225,147467.93636373,0
SFY.US,D,20211231,000000,17.4523,17.4623,17.3431,17.3729,137109.71324695,0
SFY.US,D,20220103,000000,17.492,17.5119,17.3332,17.502,210334.48355022,0
SFY.US,D,20220104,000000,17.5814,17.5814,17.3034,17.4225,292254.39942815,0
SFY.US,D,20220105,000000,17.3729,17.3828,16.9758,16.9857,199554.19532734,0
SFY.US,D,20220106,000000,17.0155,17.0552,16.817,16.9659,152798.64887312,0
SFY.US,D,20220107,000000,16.9957,16.9957,16.7872,16.8368,170451.84931285,0
SFY.US,D,20220110,000000,16.7773,16.8765,16.4596,16.8567,239431.79298828,0
SFY.US,D,20220111,000000,16.8666,17.0255,16.7475,17.0255,193587.8668706,0
SFY.US,D,20220112,000000,17.0751,17.1545,16.9957,17.0652,109433.72568167,0
SFY.US,D,20220113,000000,17.1347,17.1347,16.7276,16.7475,129529.66569722,0
SFY.US,D,20220114,000000,16.6681,16.7803,16.5886,16.7574,178609.08852317,0
SFY.US,D,20220118,000000,16.5986,16.6174,16.4199,16.4794,180528.02414871,0
SFY.US,D,20220119,000000,16.5489,16.5886,16.261,16.3008,271692.07243379,0
SFY.US,D,20220120,000000,16.3008,16.5489,16.0724,16.0824,372117.37748593,0
SFY.US,D,20220121,000000,16.0426,16.1121,15.725,15.7448,249351.83395435,0
SFY.US,D,20220124,000000,15.5066,15.8044,15.0301,15.8028,427276.95539629,0
SFY.US,D,20220125,000000,15.5463,15.7547,15.3378,15.5165,269069.02342123,0
SFY.US,D,20220126,000000,15.7349,15.9136,15.3179,15.4867,230275.29701127,0
SFY.US,D,20220127,000000,15.6257,15.7448,15.2981,15.3676,194902.41332274,0
SFY.US,D,20220128,000000,15.3874,15.7647,15.2236,15.7547,132996.84492196,0
SFY.US,D,20220131,000000,15.7547,16.1717,15.7547,16.1518,173647.05340955,0
SFY.US,D,20220201,000000,16.2015,16.2809,16.0129,16.261,224038.00074178,0
SFY.US,D,20220202,000000,16.4,16.4,16.2015,16.3603,171929.58084181,0
SFY.US,D,20220203,000000,16.0824,16.1618,15.8739,15.9136,170722.81712559,0
SFY.US,D,20220204,000000,15.9831,16.2015,15.8751,16.0923,129721.05560213,0
SFY.US,D,20220207,000000,16.132,16.1618,15.9632,16.0228,120220.05779628,0
SFY.US,D,20220208,000000,16.0129,16.1816,15.9136,16.1713,143073.01975783,0
SFY.US,D,20220209,000000,16.3206,16.4298,16.3106,16.4298,129102.56401468,0
SFY.US,D,20220210,000000,16.2313,16.4298,16.0327,16.1221,157567.27945125,0
SFY.US,D,20220211,000000,16.1221,16.1916,15.6753,15.7349,142562.3109063,0
SFY.US,D,20220214,000000,15.6952,15.8044,15.5661,15.6952,151614.04609326,0
SFY.US,D,20220215,000000,15.9037,16.0029,15.874,16.0029,144789.48501028,0
SFY.US,D,20220216,000000,15.9334,16.0228,15.8143,15.9831,147858.77469586,0
SFY.US,D,20220217,000000,15.9037,15.9037,15.5761,15.6058,164438.17703752,0
SFY.US,D,20220218,000000,15.6257,15.6555,15.3725,15.447,131499.9744025,0
SFY.US,D,20220222,000000,15.3874,15.5165,15.169,15.2882,161215.775428,0
SFY.US,D,20220223,000000,15.3676,15.427,14.9424,14.9506,203915.87052871,0
SFY.US,D,20220224,000000,14.5535,15.2981,14.485,15.2782,333966.31823035,0
SFY.US,D,20220225,000000,15.3279,15.5959,15.2439,15.5959,160870.26628388,0
SFY.US,D,20220228,000000,15.4172,15.6654,15.4073,15.5959,170393.42502608,0
SFY.US,D,20220301,000000,15.5959,15.6257,15.2882,15.3974,153847.26408897,0
SFY.US,D,20220302,000000,15.4271,15.6952,15.3874,15.6356,223115.29993705,0
SFY.US,D,20220303,000000,15.7547,15.7547,15.4371,15.4966,94357.237751208,0
SFY.US,D,20220304,000000,15.3775,15.406,15.198,15.3477,122089.63497267,0
SFY.US,D,20220307,000000,15.2981,15.3178,14.8414,14.8414,174076.16972267,0
SFY.US,D,20220308,000000,14.8017,15.1293,14.6826,14.7521,165513.98976617,0
SFY.US,D,20220309,000000,15.0598,15.2485,14.9903,15.1889,194807.72568558,0
SFY.US,D,20220310,000000,15.0102,15.1194,14.9109,15.0896,84689.025607386,0
SFY.US,D,20220311,000000,15.1988,15.2104,14.8414,14.8514,94850.822242818,0
SFY.US,D,20220314,000000,14.8811,14.9804,14.6728,14.7124,107930.81127048,0
SFY.US,D,20220315,000000,14.7719,15.0896,14.762,15.0698,133248.67374421,0
SFY.US,D,20220316,000000,15.1988,15.4669,15.1293,15.4669,141553.98830201,0
SFY.US,D,20220317,000000,15.3775,15.6952,15.3775,15.6952,95900.444773956,0
SFY.US,D,20220318,000000,15.6853,15.9434,15.6395,15.9334,106800.60351622,0
SFY.US,D,20220321,000000,15.9533,16.0029,15.7746,15.9037,132493.18727746,0
SFY.US,D,20220322,000000,15.9732,16.1816,15.9732,16.1419,108459.65179721,0
SFY.US,D,20220323,000000,16.0526,16.132,15.9334,15.9334,90296.749821249,0
SFY.US,D,20220324,000000,16.0426,16.1916,15.9732,16.1916,112843.48793494,0
SFY.US,D,20220325,000000,16.1916,16.233,16.0824,16.2313,86291.664232185,0
SFY.US,D,20220328,000000,16.261,16.4248,16.1965,16.4199,118239.67593811,0
SFY.US,D,20220329,000000,16.5886,16.669,16.4794,16.6581,134347.65472451,0
SFY.US,D,20220330,000000,16.6284,16.6284,16.4447,16.5092,83409.735190356,0
SFY.US,D,20220331,000000,16.539,16.539,16.2511,16.2511,106710.9524555,0
SFY.US,D,20220401,000000,16.2809,16.3256,16.2015,16.3107,96039.454283838,0
SFY.US,D,20220404,000000,16.3603,16.5291,16.3206,16.5291,139859.68398592,0
SFY.US,D,20220405,000000,16.4695,16.5291,16.2313,16.271,156819.85150681,0
SFY.US,D,20220406,000000,16.1022,16.1221,15.9136,16.0426,113458.95757651,0
SFY.US,D,20220407,000000,16.0228,16.1816,15.9107,16.1022,125008.83468019,0
SFY.US,D,20220408,000000,16.0426,16.132,15.9833,16.0129,112712.53694737,0
SFY.US,D,20220411,000000,15.8937,15.9037,15.6952,15.725,127596.62765763,0
SFY.US,D,20220412,000000,15.8342,15.9038,15.6058,15.6654,117821.64009317,0
SFY.US,D,20220413,000000,15.6753,15.9086,15.6456,15.8838,107057.46891492,0
SFY.US,D,20220414,000000,15.8441,15.8937,15.6356,15.6356,89288.42721696,0
SFY.US,D,20220418,000000,15.6058,15.6803,15.5264,15.6257,110657.61375781,0
SFY.US,D,20220419,000000,15.6356,15.9235,15.6356,15.9136,273674.46892254,0
SFY.US,D,20220420,000000,15.9831,15.9831,15.7837,15.8044,102672.6254619,0
SFY.US,D,20220421,000000,15.9732,16.061,15.5413,15.586,125048.11997646,0
SFY.US,D,20220422,000000,15.5264,15.5363,15.1492,15.1591,143112.3050541,0
SFY.US,D,20220425,000000,15.0995,15.2733,14.9606,15.2683,93568.509879921,0
SFY.US,D,20220426,000000,15.169,15.1714,14.7521,14.7521,143240.2340958,0
SFY.US,D,20220427,000000,14.8216,14.9804,14.7124,14.7819,120407.41844004,0
SFY.US,D,20220428,000000,15.0003,15.2385,14.7819,15.1591,126395.90783314,0
SFY.US,D,20220429,000000,14.9705,15.0598,14.5535,14.5833,207468.67155302,0
SFY.US,D,20220502,000000,14.5932,14.7322,14.3748,14.7024,132420.66057665,0
SFY.US,D,20220503,000000,14.6925,14.8464,14.6627,14.7521,272246.09584274,0
SFY.US,D,20220504,000000,14.7918,15.2187,14.6131,15.1889,129591.11192985,0
SFY.US,D,20220505,000000,15.0301,15.0301,14.4543,14.6032,183258.85589719,0
SFY.US,D,20220506,000000,14.5635,14.623,14.2855,14.5238,125817.70885726,0
SFY.US,D,20220509,000000,14.2954,14.2954,13.8487,13.9182,229506.71544576,0
SFY.US,D,20220510,000000,14.1763,14.216,13.7792,13.9777,199712.34382772,0
SFY.US,D,20220511,000000,13.938,14.1465,13.67,13.6899,190220.41185947,0
SFY.US,D,20220512,000000,13.531,13.8388,13.4417,13.6998,170420.62253889,0
SFY.US,D,20220513,000000,13.9281,14.1664,13.8685,14.1167,161530.05779817,0
SFY.US,D,20220516,000000,14.0175,14.1416,13.9579,13.9976,166430.64667916,0
SFY.US,D,20220517,000000,14.2557,14.3054,14.0869,14.2954,223035.72202922,0
SFY.US,D,20220518,000000,14.1267,14.1564,13.6799,13.7395,200020.58230615,0
SFY.US,D,20220519,000000,13.5906,13.8487,13.5807,13.6899,206509.70739789,0
SFY.US,D,20220520,000000,13.7991,13.8487,13.3214,13.6601,168464.41624765,0
SFY.US,D,20220523,000000,13.7693,13.9182,13.67,13.8884,140290.81492961,0
SFY.US,D,20220524,000000,13.7494,13.7592,13.4913,13.7097,238135.37821133,0
SFY.US,D,20220525,000000,13.6601,13.9728,13.6601,13.8983,124565.61595303,0
SFY.US,D,20220526,000000,13.9579,14.2756,13.9579,14.216,146385.07242806,0
SFY.US,D,20220527,000000,14.3054,14.6032,14.2855,14.6032,94888.092908511,0
SFY.US,D,20220531,000000,14.5932,14.6429,14.4146,14.5138,152277.86686871,0
SFY.US,D,20220601,000000,14.5932,14.6422,14.3054,14.3947,99049.31236737,0
SFY.US,D,20220602,000000,14.3848,14.7124,14.3451,14.7124,186795.53987687,0
SFY.US,D,20220603,000000,14.5039,14.5616,14.4046,14.4344,79188.076814157,0
SFY.US,D,20220606,000000,14.6131,14.643,14.4543,14.484,76256.789323167,0
SFY.US,D,20220607,000000,14.3252,14.6429,14.3252,14.633,99368.631313983,0
SFY.US,D,20220608,000000,14.6131,14.6627,14.494,14.5238,114825.88442369,0
SFY.US,D,20220609,000000,14.484,14.5039,14.1515,14.1564,47504.98902924,0
SFY.US,D,20220610,000000,13.9182,13.9281,13.7097,13.7296,149736.41039456,0
SFY.US,D,20220613,000000,13.3821,13.3821,13.0844,13.1339,256986.27652968,0
SFY.US,D,20220614,000000,13.1836,13.246,12.9949,13.1141,147544.4923257,0
SFY.US,D,20220615,000000,13.2332,13.4317,13.1339,13.3027,197046.98757302,0
SFY.US,D,20220616,000000,13.0148,13.0148,12.707,12.8063,196185.73300093,0
SFY.US,D,20220617,000000,12.8162,12.9552,12.707,12.8361,176926.87199054,0
SFY.US,D,20220621,000000,13.0446,13.2431,13.0446,13.1935,183965.99123007,0
SFY.US,D,20220622,000000,12.985,13.2912,12.985,13.1339,126181.34967658,0
SFY.US,D,20220623,000000,13.2034,13.2928,13.0744,13.2531,112686.34674985,0
SFY.US,D,20220624,000000,13.3623,13.6998,13.3623,13.67,71523.414780156,0
SFY.US,D,20220627,000000,13.77,13.77,13.61,13.65,144982,0
SFY.US,D,20220628,000000,13.74,13.82,13.35,13.36,116132,0
SFY.US,D,20220629,000000,13.39,13.4,13.23,13.31,151468,0
SFY.US,D,20220630,000000,13.18,13.3,13.01,13.18,268536,0
SFY.US,D,20220701,000000,13.17,13.32,13.07,13.32,276577,0
SFY.US,D,20220705,000000,13.15,13.37,13.02,13.37,374597,0
SFY.US,D,20220706,000000,13.39,13.47,13.25,13.37,132301,0
SFY.US,D,20220707,000000,13.49,13.67,13.48,13.64,87591,0
SFY.US,D,20220708,000000,13.59,13.72,13.52,13.64,100377,0
SFY.US,D,20220711,000000,13.55,13.55,13.415,13.43,79096,0
SFY.US,D,20220712,000000,13.43,13.49,13.24,13.31,133277,0
SFY.US,D,20220713,000000,13.1,13.345,13.07,13.25,116877,0
SFY.US,D,20220714,000000,13.09,13.2091,12.95,13.185,269238,0
SFY.US,D,20220715,000000,13.32,13.45,13.2808,13.44,135320,0
SFY.US,D,20220718,000000,13.57,13.62,13.34,13.36,99833,0
SFY.US,D,20220719,000000,13.51,13.76,13.5,13.75,109882,0
SFY.US,D,20220720,000000,13.74,13.91,13.74,13.87,92377,0
SFY.US,D,20220721,000000,13.84,14.04,13.79,14.03,89794,0
SFY.US,D,20220722,000000,14.03,14.108,13.81,13.88,77077,0
SFY.US,D,20220725,000000,13.88,13.9206,13.82,13.9,93201,0
SFY.US,D,20220726,000000,13.81,13.82,13.665,13.68,97803,0
SFY.US,D,20220727,000000,13.81,14.14,13.81,14.09,99423,0
SFY.US,D,20220728,000000,14.1,14.29,13.9916,14.26,83665,0
SFY.US,D,20220729,000000,14.31,14.56,14.3,14.52,92301,0
SFY.US,D,20220801,000000,14.46,14.59,14.4018,14.49,90811,0
SFY.US,D,20220802,000000,14.43,14.61,14.37,14.43,140327,0
SFY.US,D,20220803,000000,14.53,14.72,14.5,14.66,97509,0
SFY.US,D,20220804,000000,14.69,14.6902,14.6,14.66,249603,0
SFY.US,D,20220805,000000,14.5,14.6695,14.5,14.6,81887,0
SFY.US,D,20220808,000000,14.67,14.79,14.57,14.6,139590,0
SFY.US,D,20220809,000000,14.59,14.59,14.47,14.52,205725,0
SFY.US,D,20220810,000000,14.78,14.86,14.7,14.86,102890,0
SFY.US,D,20220811,000000,14.98,15.05,14.83,14.84,119504,0
SFY.US,D,20220812,000000,14.9,15.12,14.885,15.12,129624,0
SFY.US,D,20220815,000000,15.06,15.22,15.04,15.19,125098,0
SFY.US,D,20220816,000000,15.14,15.27,15.095,15.2,162346,0
SFY.US,D,20220817,000000,15.08,15.17,14.99,15.07,177654,0
SFY.US,D,20220818,000000,15.08,15.14,15.04,15.11,124466,0
SFY.US,D,20220819,000000,15.01,15.0194,14.865,14.91,90034,0
SFY.US,D,20220822,000000,14.68,14.71,14.55,14.57,196217,0
SFY.US,D,20220823,000000,14.56,14.6957,14.56,14.6,117984,0
SFY.US,D,20220824,000000,14.585,14.71,14.585,14.65,84668,0
SFY.US,D,20220825,000000,14.7,14.86,14.6901,14.86,115035,0
SFY.US,D,20220826,000000,14.87,14.88,14.37,14.37,82792,0
SFY.US,D,20220829,000000,14.26,14.38,14.235,14.28,121331,0
SFY.US,D,20220830,000000,14.31,14.31,14.02,14.1,205362,0
SFY.US,D,20220831,000000,14.16,14.2,13.99,13.99,171952,0
SFY.US,D,20220901,000000,13.9,14,13.76,13.99,202525,0
SFY.US,D,20220902,000000,14.13,14.19,13.81,13.87,250312,0
SFY.US,D,20220906,000000,13.88,13.92,13.72,13.8,106326,0
SFY.US,D,20220907,000000,13.78,14.09,13.78,14.07,111249,0
SFY.US,D,20220908,000000,13.98,14.18,13.93,14.18,89478,0
SFY.US,D,20220909,000000,14.27,14.4797,14.27,14.44,191062,0
SFY.US,D,20220912,000000,14.52,14.64,14.52,14.6,147815,0
SFY.US,D,20220913,000000,14.26,14.31,13.95,13.99,180756,0
SFY.US,D,20220914,000000,14.04,14.12,13.985,14.09,144963,0
SFY.US,D,20220915,000000,14.02,14.13,13.8894,13.94,134974,0
SFY.US,D,20220916,000000,13.79,13.81,13.6626,13.79,158454,0
SFY.US,D,20220919,000000,13.66,13.89,13.66,13.89,177943,0
SFY.US,D,20220920,000000,13.77,13.8,13.63,13.72,166306,0
SFY.US,D,20220921,000000,13.79,13.91,13.48,13.48,224411,0
SFY.US,D,20220922,000000,13.44,13.47,13.3,13.31,161111,0
SFY.US,D,20220923,000000,13.16,13.16,12.88,13.03,215014,0
SFY.US,D,20220926,000000,12.98,13.13,12.88,12.91,179391,0
SFY.US,D,20220927,000000,13.07,13.1501,12.82,12.92,164960,0
SFY.US,D,20220928,000000,12.94,13.25,12.88,13.19,195869,0
SFY.US,D,20220929,000000,13.06,13.06,12.78,12.9,114970,0
SFY.US,D,20220930,000000,12.87,13.02,12.72,12.73,94702,0
SFY.US,D,20221003,000000,12.85,13.07,12.75,13,130364,0
SFY.US,D,20221004,000000,13.21,13.45,13.2,13.45,252387,0
SFY.US,D,20221005,000000,13.26,13.5,13.19,13.41,126525,0
SFY.US,D,20221006,000000,13.37,13.4947,13.3,13.32,123329,0
SFY.US,D,20221007,000000,13.16,13.16,12.85,12.92,147285,0
SFY.US,D,20221010,000000,12.93,12.96,12.72,12.81,174775,0
SFY.US,D,20221011,000000,12.74,12.89,12.61,12.69,128256,0
SFY.US,D,20221012,000000,12.69,12.76,12.65,12.69,256623,0
SFY.US,D,20221013,000000,12.41,13.04,12.3697,13,205699,0
SFY.US,D,20221014,000000,13.08,13.095,12.64,12.65,114881,0
SFY.US,D,20221017,000000,12.88,13.043,12.88,13,112456,0
SFY.US,D,20221018,000000,13.28,13.33,13.0291,13.15,184680,0
SFY.US,D,20221019,000000,13.06,13.19,12.99,13.09,101606,0
SFY.US,D,20221020,000000,13.06,13.22,12.945,12.97,110274,0
SFY.US,D,20221021,000000,12.96,13.3,12.9133,13.29,91281,0
SFY.US,D,20221024,000000,13.34,13.46,13.2,13.42,145362,0
SFY.US,D,20221025,000000,13.46,13.68,13.44,13.67,153013,0
SFY.US,D,20221026,000000,13.58,13.78,13.55,13.59,102395,0
SFY.US,D,20221027,000000,13.63,13.699,13.52,13.54,89349,0
SFY.US,D,20221028,000000,13.5,13.83,13.5,13.82,95811,0
SFY.US,D,20221031,000000,13.74,13.8,13.6987,13.74,85186,0
SFY.US,D,20221101,000000,13.89,13.9,13.665,13.7,111718,0
SFY.US,D,20221102,000000,13.66,13.805,13.31,13.31,221006,0
SFY.US,D,20221103,000000,13.18,13.31,13.14,13.2,102945,0
SFY.US,D,20221104,000000,13.44,13.46,13.14,13.36,104494,0
SFY.US,D,20221107,000000,13.41,13.4716,13.311,13.45,126432,0
SFY.US,D,20221108,000000,13.49,13.62,13.36,13.5101,114832,0
SFY.US,D,20221109,000000,13.42,13.45,13.17,13.18,95486,0
SFY.US,D,20221110,000000,13.66,13.92,13.61,13.9,157198,0
SFY.US,D,20221111,000000,13.96,14.135,13.89,14.11,120077,0
SFY.US,D,20221114,000000,14.04,14.16,13.97,13.97,101269,0
SFY.US,D,20221115,000000,14.22,14.2496,14.025,14.12,135282,0
SFY.US,D,20221116,000000,14.06,14.07,13.96,13.98,91894,0
SFY.US,D,20221117,000000,13.75,13.931,13.75,13.92,138911,0
SFY.US,D,20221118,000000,14.03,14.03,13.83,13.945,100498,0
SFY.US,D,20221121,000000,13.89,13.9,13.77,13.84,102344,0
SFY.US,D,20221122,000000,13.9,14.055,13.86,14.05,99848,0
SFY.US,D,20221123,000000,14.061,14.17,14.05,14.15,88375,0
SFY.US,D,20221125,000000,14.12,14.17,14.12,14.15,44543,0
SFY.US,D,20221128,000000,14.05,14.09,13.91,13.94,103504,0
SFY.US,D,20221129,000000,13.95,14,13.8715,13.93,118512,0
SFY.US,D,20221130,000000,13.93,14.36,13.88,14.35,154353,0
SFY.US,D,20221201,000000,14.4,14.45,14.27,14.38,130190,0
SFY.US,D,20221202,000000,14.16,14.37,14.16,14.34,184705,0
SFY.US,D,20221205,000000,14.28,14.282,14,14.05,94947,0
SFY.US,D,20221206,000000,14.02,14.05,13.7405,13.83,129586,0
SFY.US,D,20221207,000000,13.8,13.87,13.75,13.79,88194,0
SFY.US,D,20221208,000000,13.87,13.9217,13.8091,13.9,82795,0
SFY.US,D,20221209,000000,13.86,13.9487,13.795,13.8,83904,0
SFY.US,D,20221212,000000,13.8,13.98,13.79,13.98,70666,0
SFY.US,D,20221213,000000,14.36,14.3888,14,14.08,127837,0
SFY.US,D,20221214,000000,14.135,14.2,13.901,14,124044,0
SFY.US,D,20221215,000000,13.81,13.83,13.6017,13.66,104953,0
SFY.US,D,20221216,000000,13.56,13.595,13.4008,13.49,134320,0
SFY.US,D,20221219,000000,13.49,13.49,13.3,13.36,117086,0
SFY.US,D,20221220,000000,13.32,13.44,13.29,13.36,107530,0
SFY.US,D,20221221,000000,13.45,13.6,13.445,13.57,102798,0
SFY.US,D,20221222,000000,13.48,13.48,13.1397,13.33,95926,0
SFY.US,D,20221223,000000,13.29,13.42,13.25,13.42,214918,0
SFY.US,D,20221227,000000,13.28,13.28,13.17,13.2,90007,0
SFY.US,D,20221228,000000,13.22,13.28,13.04,13.06,168486,0
SFY.US,D,20221229,000000,13.16,13.33,13.145,13.3,119856,0
SFY.US,D,20221230,000000,13.19,13.29,13.15,13.29,151742,0
SFY.US,D,20230103,000000,13.34,13.3783,13.09,13.17,270583,0
SFY.US,D,20230104,000000,13.24,13.3633,13.16,13.31,296286,0
SFY.US,D,20230105,000000,13.24,13.24,13.1303,13.16,95540,0
SFY.US,D,20230106,000000,13.27,13.49,13.17,13.46,87627,0
SFY.US,D,20230109,000000,13.53,13.67,13.47,13.47,115944,0
SFY.US,D,20230110,000000,13.48,13.58,13.4315,13.58,137150,0
SFY.US,D,20230111,000000,13.65,13.75,13.6,13.74,123309,0
SFY.US,D,20230112,000000,13.77,13.8599,13.6358,13.82,84247,0
SFY.US,D,20230113,000000,13.7,13.885,13.68,13.88,75357,0
SFY.US,D,20230117,000000,13.88,13.94,13.8515,13.88,118406,0
SFY.US,D,20230118,000000,13.93,13.9828,13.66,13.67,146520,0
SFY.US,D,20230119,000000,13.57,13.65,13.5215,13.58,77400,0
SFY.US,D,20230120,000000,13.62,13.85,13.57,13.85,68154,0
SFY.US,D,20230123,000000,13.89,14.09,13.865,14.05,103287,0
SFY.US,D,20230124,000000,13.97,14.0416,13.94,14.03,87580,0
SFY.US,D,20230125,000000,13.86,14.03,13.789,14.02,99932,0
SFY.US,D,20230126,000000,14.15,14.24,14.05,14.24,96880,0
SFY.US,D,20230127,000000,14.21,14.365,14.2,14.3,79384,0
SFY.US,D,20230130,000000,14.19,14.23,14.06,14.08,76154,0
SFY.US,D,20230131,000000,14.08,14.28,14.08,14.27,104214,0
SFY.US,D,20230201,000000,14.23,14.53,14.17,14.44,86894,0
SFY.US,D,20230202,000000,14.61,14.715,14.5406,14.65,121601,0
SFY.US,D,20230203,000000,14.47,14.67,14.4616,14.49,82849,0
SFY.US,D,20230206,000000,14.39,14.455,14.36,14.41,83487,0
SFY.US,D,20230207,000000,14.39,14.65,14.335,14.62,120495,0
SFY.US,D,20230208,000000,14.54,14.58,14.445,14.47,67685,0
SFY.US,D,20230209,000000,14.58,14.5868,14.34,14.34,65195,0
SFY.US,D,20230210,000000,14.28,14.36,14.26,14.35,100878,0
SFY.US,D,20230213,000000,14.37,14.51,14.34,14.5,91580,0
SFY.US,D,20230214,000000,14.46,14.605,14.39,14.56,112821,0
SFY.US,D,20230215,000000,14.5,14.61,14.47,14.6097,66784,0
SFY.US,D,20230216,000000,14.44,14.5843,14.41,14.41,97006,0
SFY.US,D,20230217,000000,14.33,14.33,14.21,14.33,88609,0
SFY.US,D,20230221,000000,14.16,14.23,14.04,14.04,103697,0
SFY.US,D,20230222,000000,14.06,14.095,13.98,14.03,119527,0
SFY.US,D,20230223,000000,14.16,14.16,13.96,14.12,72996,0
SFY.US,D,20230224,000000,13.93,13.96,13.86,13.94,83092,0
SFY.US,D,20230227,000000,14.06,14.12,14,14.0058,93863,0
SFY.US,D,20230228,000000,14,14.0581,13.97,13.97,89929,0
SFY.US,D,20230301,000000,13.95,13.9766,13.87,13.92,111138,0
SFY.US,D,20230302,000000,13.83,14.03,13.81,14.01,163361,0
SFY.US,D,20230303,000000,14.05,14.26,14.05,14.25,103952,0
SFY.US,D,20230306,000000,14.27,14.34,14.2231,14.24,71930,0
SFY.US,D,20230307,000000,14.22,14.24,14.01,14.01,108727,0
SFY.US,D,20230308,000000,13.99,14.06,13.95,14.02,77068,0
SFY.US,D,20230309,000000,14.04,14.12,13.71,13.73,143120,0
SFY.US,D,20230310,000000,13.7,13.756,13.4799,13.5025,76968,0
SFY.US,D,20230313,000000,13.36,13.63,13.31,13.49,174606,0
SFY.US,D,20230314,000000,13.67,13.8,13.594,13.72,103576,0
SFY.US,D,20230315,000000,13.51,13.62,13.425,13.61,176840,0
SFY.US,D,20230316,000000,13.51,13.87,13.51,13.85,100629,0
SFY.US,D,20230317,000000,13.82,13.85,13.64,13.71,125554,0
SFY.US,D,20230320,000000,13.7,13.85,13.6907,13.84,100100,0
SFY.US,D,20230321,000000,13.98,14.085,13.95,14.07,111827,0
SFY.US,D,20230322,000000,14.06,14.18,13.825,13.83,92436,0
SFY.US,D,20230323,000000,13.91,14.065,13.77,13.84,122264,0
SFY.US,D,20230324,000000,13.77,13.91,13.7,13.91,115654,0
SFY.US,D,20230327,000000,13.98,14.02,13.92,13.93,81646,0
SFY.US,D,20230328,000000,13.91,13.9368,13.8899,13.92,109040,0
SFY.US,D,20230329,000000,14.07,14.145,14.04,14.14,30751,0
SFY.US,D,20230330,000000,14.22,14.24,14.1605,14.21,179421,0
SFY.US,D,20230331,000000,14.25,14.46,14.25,14.45,99352,0
SFY.US,D,20230403,000000,14.44,14.51,14.4001,14.5,123516,0
SFY.US,D,20230404,000000,14.51,14.52,14.36,14.4,175177,0
SFY.US,D,20230405,000000,14.38,14.38,14.275,14.345,51960,0
SFY.US,D,20230406,000000,14.32,14.385,14.2695,14.38,112098,0
SFY.US,D,20230410,000000,14.28,14.405,14.27,14.4,171716,0
SFY.US,D,20230411,000000,14.4307,14.47,14.4,14.4115,142900,0
SFY.US,D,20230412,000000,14.49,14.51,14.325,14.34,111301,0
SFY.US,D,20230413,000000,14.4,14.56,14.4,14.54,115094,0
SFY.US,D,20230414,000000,14.52,14.6001,14.428,14.52,110627,0
SFY.US,D,20230417,000000,14.5,14.54,14.4439,14.54,143383,0
SFY.US,D,20230418,000000,14.59,14.6,14.5198,14.56,175036,0
SFY.US,D,20230419,000000,14.47,14.5601,14.47,14.54,79571,0
SFY.US,D,20230420,000000,14.42,14.485,14.37,14.41,97354,0
SFY.US,D,20230421,000000,14.45,14.45,14.37,14.43,81431,0
SFY.US,D,20230424,000000,14.44,14.45,14.37,14.44,95228,0
SFY.US,D,20230425,000000,14.35,14.365,14.185,14.19,131121,0
SFY.US,D,20230426,000000,14.22,14.235,14.12,14.12,60769,0
SFY.US,D,20230427,000000,14.19,14.38,14.175,14.37,133856,0
SFY.US,D,20230428,000000,14.34,14.5,14.34,14.49,101524,0
SFY.US,D,20230501,000000,14.47,14.535,14.47,14.49,120644,0
SFY.US,D,20230502,000000,14.44,14.44,14.2,14.3,190043,0
SFY.US,D,20230503,000000,14.3,14.374,14.18,14.18,92932,0
SFY.US,D,20230504,000000,14.15,14.18,14.06,14.105,114168,0
SFY.US,D,20230505,000000,14.23,14.41,14.23,14.38,87528,0
SFY.US,D,20230508,000000,14.4,14.425,14.37,14.42,86572,0
SFY.US,D,20230509,000000,14.33,14.405,14.33,14.36,104484,0
SFY.US,D,20230510,000000,14.49,14.49,14.3157,14.44,99595,0
SFY.US,D,20230511,000000,14.39,14.43,14.34,14.43,125577,0
SFY.US,D,20230512,000000,14.48,14.48,14.3,14.39,56881,0
SFY.US,D,20230515,000000,14.39,14.4595,14.35,14.44,81140,0
SFY.US,D,20230516,000000,14.39,14.4159,14.345,14.35,97186,0
SFY.US,D,20230517,000000,14.41,14.57,14.39,14.56,56289,0
SFY.US,D,20230518,000000,14.54,14.725,14.54,14.7,94691,0
SFY.US,D,20230519,000000,14.73,14.76,14.65,14.67,70669,0
SFY.US,D,20230522,000000,14.67,14.74,14.65,14.7,106025,0
SFY.US,D,20230523,000000,14.63,14.7114,14.56,14.56,101290,0
SFY.US,D,20230524,000000,14.49,14.515,14.4315,14.47,83988,0
SFY.US,D,20230525,000000,14.59,14.6,14.48,14.57,77317,0
SFY.US,D,20230526,000000,14.62,14.8284,14.62,14.79,94353,0
SFY.US,D,20230530,000000,14.87,14.9099,14.77,14.81,123392,0
SFY.US,D,20230531,000000,14.75,14.7664,14.6691,14.75,78240,0
SFY.US,D,20230601,000000,14.78,14.9353,14.7,14.88,98154,0
SFY.US,D,20230602,000000,14.99,15.15,14.99,15.12,104138,0
SFY.US,D,20230605,000000,15.14,15.18,15.0797,15.1,94956,0
SFY.US,D,20230606,000000,15.09,15.18,15.07,15.17,102727,0
SFY.US,D,20230607,000000,15.18,15.24,15.0817,15.09,74453,0
SFY.US,D,20230608,000000,15.08,15.22,15.08,15.21,192592,0
SFY.US,D,20230609,000000,15.26,15.35,15.23,15.25,85595,0
SFY.US,D,20230612,000000,15.3,15.405,15.27,15.4,130139,0
SFY.US,D,20230613,000000,15.48,15.54,15.4614,15.52,140151,0
SFY.US,D,20230614,000000,15.52,15.58,15.39,15.52,116109,0
SFY.US,D,20230615,000000,15.48,15.73,15.48,15.69,86310,0
SFY.US,D,20230616,000000,15.79,15.79,15.63,15.65,103992,0
SFY.US,D,20230620,000000,15.56,15.595,15.49,15.57,109161,0
SFY.US,D,20230621,000000,15.53,15.54,15.45,15.45,73784,0
SFY.US,D,20230622,000000,15.41,15.53,15.4035,15.53,70268,0
SFY.US,D,20230623,000000,15.4,15.46,15.37,15.38,75397,0
SFY.US,D,20230626,000000,15.35,15.4522,15.305,15.31,88666,0
SFY.US,D,20230627,000000,15.26,15.42,15.245,15.39,131429,0
SFY.US,D,20230628,000000,15.37,15.4695,15.3514,15.41,79496,0
SFY.US,D,20230629,000000,15.43,15.48,15.41,15.47,97560,0
SFY.US,D,20230630,000000,15.57,15.7,15.57,15.66,80903,0
SFY.US,D,20230703,000000,15.69,15.74,15.69,15.74,148595,0
SFY.US,D,20230705,000000,15.68,15.72,15.67,15.71,198476,0
SFY.US,D,20230706,000000,15.57,15.57,15.4335,15.535,133210,0
SFY.US,D,20230707,000000,15.51,15.6681,15.51,15.53,76400,0
SFY.US,D,20230710,000000,15.52,15.58,15.5,15.58,120426,0
SFY.US,D,20230711,000000,15.62,15.72,15.6,15.71,110749,0
SFY.US,D,20230712,000000,15.86,15.87,15.7704,15.82,132281,0
SFY.US,D,20230713,000000,15.9,15.9962,15.9,15.98,96281,0
SFY.US,D,20230714,000000,15.97,16.0163,15.92,15.94,140143,0
SFY.US,D,20230717,000000,15.93,16.04,15.93,16.01,134329,0
SFY.US,D,20230718,000000,16.01,16.15,15.9904,16.14,151907,0
SFY.US,D,20230719,000000,16.2,16.2382,16.15,16.18,135373,0
SFY.US,D,20230720,000000,16.1,16.1405,15.98,16,128582,0
SFY.US,D,20230721,000000,16.1,16.1,16.0124,16.02,101452,0
SFY.US,D,20230724,000000,16.03,16.1101,16.01,16.08,157305,0
SFY.US,D,20230725,000000,16.09,16.18,16.09,16.13,114018,0
SFY.US,D,20230726,000000,16.06,16.1582,16.05,16.12,99863,0
SFY.US,D,20230727,000000,16.23,16.242,15.9601,15.99,174994,0
SFY.US,D,20230728,000000,16.13,16.1823,16.0899,16.17,110852,0
SFY.US,D,20230731,000000,16.22,16.24,16.19,16.24,115483,0
SFY.US,D,20230801,000000,16.2,16.2,16.1494,16.18,96320,0
SFY.US,D,20230802,000000,16.06,16.06,15.895,15.93,188004,0
SFY.US,D,20230803,000000,15.84,15.9501,15.8286,15.9,100653,0
SFY.US,D,20230804,000000,16,16.1,15.8598,15.87,118532,0
SFY.US,D,20230807,000000,15.94,16.01,15.8923,16.01,134582,0
SFY.US,D,20230808,000000,15.88,15.9118,15.7796,15.91,92958,0
SFY.US,D,20230809,000000,15.94,15.94,15.79,15.8,71009,0
SFY.US,D,20230810,000000,15.9,16.02,15.785,15.82,68947,0
SFY.US,D,20230811,000000,15.75,15.8285,15.7337,15.81,73362,0
SFY.US,D,20230814,000000,15.78,15.89,15.745,15.89,104479,0
SFY.US,D,20230815,000000,15.82,15.8294,15.67,15.68,97625,0
SFY.US,D,20230816,000000,15.67,15.71,15.54,15.54,155777,0
SFY.US,D,20230817,000000,15.58,15.597,15.4,15.42,158614,0
SFY.US,D,20230818,000000,15.29,15.44,15.285,15.42,108311,0
SFY.US,D,20230821,000000,15.47,15.58,15.42,15.56,126189,0
SFY.US,D,20230822,000000,15.64,15.64,15.5,15.52,88675,0
SFY.US,D,20230823,000000,15.54,15.6985,15.5207,15.67,74950,0
SFY.US,D,20230824,000000,15.71,15.71,15.43,15.43,82827,0
SFY.US,D,20230825,000000,15.47,15.6099,15.37,15.56,72859,0
SFY.US,D,20230828,000000,15.63,15.67,15.5846,15.65,110343,0
SFY.US,D,20230829,000000,15.65,15.9,15.6401,15.9,107126,0
SFY.US,D,20230830,000000,15.92,15.98,15.88,15.96,117221,0
SFY.US,D,20230831,000000,16,16.05,15.96,15.96,89860,0
SFY.US,D,20230901,000000,16.07,16.082,15.95,16,70681,0
SFY.US,D,20230905,000000,15.98,16.005,15.9519,15.97,145601,0
SFY.US,D,20230906,000000,15.93,15.94,15.79,15.86,126676,0
SFY.US,D,20230907,000000,15.73,15.86,15.73,15.84,80244,0
SFY.US,D,20230908,000000,15.85,15.9378,15.84,15.89,117520,0
SFY.US,D,20230911,000000,15.97,16.035,15.95,16.03,130014,0
SFY.US,D,20230912,000000,15.98,16.04,15.93,15.95,140513,0
SFY.US,D,20230913,000000,15.93,16,15.915,15.98,125330,0
SFY.US,D,20230914,000000,16.05,16.13,16.01,16.1,108464,0
SFY.US,D,20230915,000000,16.05,16.05,15.88,15.9,126304,0
SFY.US,D,20230918,000000,15.87,15.9289,15.86,15.89,135163,0
SFY.US,D,20230919,000000,15.86,15.87,15.74,15.84,109514,0
SFY.US,D,20230920,000000,15.89,15.9041,15.69,15.69,104693,0
SFY.US,D,20230921,000000,15.58,15.59,15.41,15.41,104930,0
SFY.US,D,20230922,000000,15.47,15.5,15.35,15.36,171608,0
SFY.US,D,20230925,000000,15.28,15.43,15.28,15.42,174170,0
SFY.US,D,20230926,000000,15.3,15.3443,15.1692,15.18,126698,0
SFY.US,D,20230927,000000,15.23,15.27,15.1016,15.21,84024,0
SFY.US,D,20230928,000000,15.2,15.37,15.19,15.3239,69594,0
SFY.US,D,20230929,000000,15.43,15.45,15.25,15.29,118832,0
SFY.US,D,20231002,000000,15.27,15.31,15.17,15.26,137377,0
SFY.US,D,20231003,000000,15.15,15.2281,14.99,15.03,197139,0
SFY.US,D,20231004,000000,15.03,15.165,15,15.14,154127,0
SFY.US,D,20231005,000000,15.11,15.15,15.02,15.13,94811,0
SFY.US,D,20231006,000000,15.03,15.37,15,15.32,159820,0
SFY.US,D,20231009,000000,15.26,15.445,15.2306,15.42,134475,0
SFY.US,D,20231010,000000,15.47,15.6181,15.4518,15.52,105201,0
SFY.US,D,20231011,000000,15.54,15.5886,15.46,15.57,128118,0
SFY.US,D,20231012,000000,15.59,15.6117,15.39,15.48,102231,0
SFY.US,D,20231013,000000,15.52,15.57,15.348,15.39,112530,0
SFY.US,D,20231016,000000,15.47,15.59,15.47,15.56,177246,0
SFY.US,D,20231017,000000,15.44,15.65,15.44,15.5728,129780,0
SFY.US,D,20231018,000000,15.48,15.5188,15.3207,15.35,90596,0
SFY.US,D,20231019,000000,15.36,15.41,15.16,15.19,97447,0
SFY.US,D,20231020,000000,15.18,15.18,14.96,14.97,139844,0
SFY.US,D,20231023,000000,14.91,15.07,14.82,14.93,196844,0
SFY.US,D,20231024,000000,15.02,15.1,14.9447,15.05,155324,0
SFY.US,D,20231025,000000,14.98,14.98,14.78,14.79,110414,0
SFY.US,D,20231026,000000,14.75,14.7961,14.59,14.63,136820,0
SFY.US,D,20231027,000000,14.71,14.72,14.5421,14.59,109664,0
SFY.US,D,20231030,000000,14.68,14.7725,14.62,14.73,151189,0
SFY.US,D,20231031,000000,14.77,14.85,14.7,14.84,140853,0
SFY.US,D,20231101,000000,14.87,15.025,14.87,15,160401,0
SFY.US,D,20231102,000000,15.16,15.32,15.16,15.32,241710,0
SFY.US,D,20231103,000000,15.41,15.5099,15.4,15.46,182560,0
SFY.US,D,20231106,000000,15.5,15.5,15.3901,15.47,262327,0
SFY.US,D,20231107,000000,15.45,15.555,15.435,15.52,199301,0
SFY.US,D,20231108,000000,15.53,15.56,15.445,15.53,177178,0
SFY.US,D,20231109,000000,15.57,15.57,15.37,15.39,122308,0
SFY.US,D,20231110,000000,15.45,15.63,15.41,15.63,117862,0
SFY.US,D,20231113,000000,15.61,15.67,15.56,15.65,226628,0
SFY.US,D,20231114,000000,15.86,16.02,15.86,15.99,152963,0
SFY.US,D,20231115,000000,16.04,16.09,15.98,16.01,142379,0
SFY.US,D,20231116,000000,15.96,15.99,15.9,15.97,186351,0
SFY.US,D,20231117,000000,16,16.05,15.9587,16.02,149187,0
SFY.US,D,20231120,000000,16.03,16.1897,16.02,16.16,189175,0
SFY.US,D,20231121,000000,16.12,16.13,16.0603,16.13,135315,0
SFY.US,D,20231122,000000,16.18,16.215,16.135,16.17,115992,0
SFY.US,D,20231124,000000,16.16,16.2,16.16,16.19,77241,0
SFY.US,D,20231127,000000,16.16,16.21,16.1415,16.18,162110,0
SFY.US,D,20231128,000000,16.16,16.24,16.13,16.21,206133,0
SFY.US,D,20231129,000000,16.3,16.3499,16.2,16.21,160839,0
SFY.US,D,20231130,000000,16.24,16.295,16.18,16.28,117589,0
SFY.US,D,20231201,000000,16.26,16.42,16.2318,16.4,161647,0
SFY.US,D,20231204,000000,16.28,16.315,16.2282,16.3,201209,0
SFY.US,D,20231205,000000,16.24,16.335,16.2301,16.29,117182,0
SFY.US,D,20231206,000000,16.36,16.36,16.205,16.21,106499,0
SFY.US,D,20231207,000000,16.27,16.355,16.27,16.34,110203,0
SFY.US,D,20231208,000000,16.31,16.43,16.31,16.41,118170,0
SFY.US,D,20231211,000000,16.38,16.5,16.38,16.5,188895,0
SFY.US,D,20231212,000000,16.47,16.56,16.42,16.55,155639,0
SFY.US,D,20231213,000000,16.56,16.79,16.53,16.77,201285,0
SFY.US,D,20231214,000000,16.85,16.92,16.78,16.87,154578,0
SFY.US,D,20231215,000000,16.85,16.91,16.835,16.89,202720,0
SFY.US,D,20231218,000000,16.95,17.015,16.94,16.98,197369,0
SFY.US,D,20231219,000000,17.02,17.085,17,17.08,169938,0
SFY.US,D,20231220,000000,17.05,17.12,16.82,16.82,256386,0
SFY.US,D,20231221,000000,16.96,17.02,16.87,17,141254,0
SFY.US,D,20231222,000000,16.94,16.98,16.89,16.91,86311,0
SFY.US,D,20231226,000000,16.96,17.03,16.94,17,235731,0
SFY.US,D,20231227,000000,16.98,17.04,16.975,17.02,251691,0
SFY.US,D,20231228,000000,17.01,17.06,17.0002,17.01,188923,0
SFY.US,D,20231229,000000,16.99,17.0282,16.89,16.94,265952,0
SFY.US,D,20240102,000000,16.85,16.875,16.76,16.83,287739,0
SFY.US,D,20240103,000000,16.74,16.77,16.67,16.68,357964,0
SFY.US,D,20240104,000000,16.65,16.7599,16.61,16.61,153020,0
SFY.US,D,20240105,000000,16.62,16.73,16.6,16.65,181861,0
SFY.US,D,20240108,000000,16.67,16.9,16.655,16.89,247575,0
SFY.US,D,20240109,000000,16.79,16.9,16.77,16.86,282805,0
SFY.US,D,20240110,000000,16.87,16.985,16.8501,16.96,187835,0
SFY.US,D,20240111,000000,16.97,17.01,16.805,16.94,241471,0
SFY.US,D,20240112,000000,16.98,17.0399,16.8943,16.95,146042,0
SFY.US,D,20240116,000000,16.88,16.93,16.81,16.87,187339,0
SFY.US,D,20240117,000000,16.74,16.775,16.66,16.77,211544,0
SFY.US,D,20240118,000000,16.82,16.91,16.76,16.89,135527,0
SFY.US,D,20240119,000000,16.96,17.11,16.9118,17.11,147214,0
SFY.US,D,20240122,000000,17.18,17.22,17.1184,17.15,165154,0
SFY.US,D,20240123,000000,17.17,17.2,17.13,17.19,144862,0
SFY.US,D,20240124,000000,17.29,17.335,17.205,17.21,149975,0
SFY.US,D,20240125,000000,17.26,17.28,17.18,17.26,155935,0
SFY.US,D,20240126,000000,17.25,17.3288,17.23,17.28,163468,0
SFY.US,D,20240129,000000,17.29,17.44,17.275,17.44,191479,0
SFY.US,D,20240130,000000,17.39,17.435,17.38,17.41,203651,0
SFY.US,D,20240131,000000,17.33,17.36,17.13,17.14,178004,0
SFY.US,D,20240201,000000,17.18,17.35,17.15,17.35,198457,0
SFY.US,D,20240202,000000,17.4,17.6,17.38,17.55,189653,0
SFY.US,D,20240205,000000,17.5,17.5,17.35,17.45,278208,0
SFY.US,D,20240206,000000,17.47,17.5194,17.425,17.5,214264,0
SFY.US,D,20240207,000000,17.57,17.68,17.5598,17.66,110384,0
SFY.US,D,20240208,000000,17.65,17.715,17.65,17.7,131091,0
SFY.US,D,20240209,000000,17.74,17.8299,17.72,17.81,144226,0
SFY.US,D,20240212,000000,17.79,17.88,17.77,17.78,184110,0
SFY.US,D,20240213,000000,17.53,17.6,17.41,17.52,248640,0
SFY.US,D,20240214,000000,17.64,17.73,17.55,17.71,158739,0
SFY.US,D,20240215,000000,17.72,17.855,17.72,17.84,135291,0
SFY.US,D,20240216,000000,17.82,17.87,17.74,17.75,169048,0
SFY.US,D,20240220,000000,17.66,17.6922,17.54,17.62,302085,0
SFY.US,D,20240221,000000,17.55,17.62,17.4801,17.62,213564,0
SFY.US,D,20240222,000000,17.86,18.005,17.8184,17.99,128298,0
SFY.US,D,20240223,000000,18.02,18.04,17.945,17.97,175756,0
SFY.US,D,20240226,000000,17.98,18.0275,17.94,17.94,270721,0
SFY.US,D,20240227,000000,17.98,17.99,17.92,17.98,148142,0
SFY.US,D,20240228,000000,17.92,17.99,17.9001,17.95,138565,0
SFY.US,D,20240229,000000,18,18.1,17.94,18.05,145303,0
SFY.US,D,20240301,000000,18.07,18.235,18.07,18.22,161054,0
SFY.US,D,20240304,000000,18.19,18.24,18.17,18.17,188237,0
SFY.US,D,20240305,000000,18.08,18.1,17.885,17.96,256258,0
SFY.US,D,20240306,000000,18.1,18.14,18,18.05,212870,0
SFY.US,D,20240307,000000,18.15,18.275,18.14,18.24,158126,0
SFY.US,D,20240308,000000,18.26,18.35,18.1,18.12,203515,0
SFY.US,D,20240311,000000,18.05,18.125,18.01,18.1,214575,0
SFY.US,D,20240312,000000,18.16,18.3,18.08,18.27,191748,0
SFY.US,D,20240313,000000,18.27,18.315,18.23,18.26,164290,0
SFY.US,D,20240314,000000,18.3,18.304,18.11,18.21,152485,0
SFY.US,D,20240315,000000,18.11,18.16,18.04,18.08,179264,0
SFY.US,D,20240318,000000,18.24,18.27,18.2,18.21,200433,0
SFY.US,D,20240319,000000,18.17,18.3,18.14,18.3,147219,0
SFY.US,D,20240320,000000,18.3,18.48,18.2783,18.46,181521,0
SFY.US,D,20240321,000000,18.57,18.61,18.52,18.52,137271,0
SFY.US,D,20240322,000000,18.55,18.55,18.475,18.49,139460,0
SFY.US,D,20240325,000000,18.46,18.5,18.435,18.46,187058,0
SFY.US,D,20240326,000000,18.51,18.5382,18.425,18.43,166858,0
SFY.US,D,20240327,000000,18.56,18.59,18.465,18.59,194863,0
SFY.US,D,20240328,000000,18.58,18.64,18.58,18.63,144810,0
SFY.US,D,20240401,000000,18.61,18.64,18.5227,18.57,203277,0
SFY.US,D,20240402,000000,18.42,18.465,18.3613,18.45,340551,0
SFY.US,D,20240403,000000,18.43,18.5599,18.43,18.51,259383,0
SFY.US,D,20240404,000000,18.63,18.6675,18.27,18.28,189838,0
SFY.US,D,20240405,000000,18.35,18.56,18.32,18.5,189502,0
SFY.US,D,20240408,000000,18.53,18.57,18.48,18.51,193996,0
SFY.US,D,20240409,000000,18.57,18.5968,18.38,18.55,171785,0
SFY.US,D,20240410,000000,18.34,18.4381,18.2997,18.37,271075,0
SFY.US,D,20240411,000000,18.42,18.55,18.295,18.51,204022,0
SFY.US,D,20240412,000000,18.38,18.42,18.18,18.23,269294,0
SFY.US,D,20240415,000000,18.39,18.39,17.94,17.98,319466,0
SFY.US,D,20240416,000000,17.96,18.025,17.89,17.92,361636,0
SFY.US,D,20240417,000000,18,18.01,17.765,17.82,234398,0
SFY.US,D,20240418,000000,17.87,17.935,17.73,17.76,298065,0
SFY.US,D,20240419,000000,17.73,17.8,17.58,17.63,329145,0
SFY.US,D,20240422,000000,17.69,17.86,17.62,17.76,432386,0
SFY.US,D,20240423,000000,17.83,18.015,17.83,17.99,311918,0
SFY.US,D,20240424,000000,18.06,18.085,17.92,18.02,269083,0
SFY.US,D,20240425,000000,17.78,17.99,17.74,17.97,401895,0
SFY.US,D,20240426,000000,18.05,18.18,18.025,18.12,328469,0
SFY.US,D,20240429,000000,18.21,18.2662,18.14,18.25,473019,0
SFY.US,D,20240430,000000,18.18,18.19,17.885,17.89,566171,0
SFY.US,D,20240501,000000,17.88,18.11,17.8,17.81,587497,0
SFY.US,D,20240502,000000,17.98,18.0701,17.82,18.05,447984,0
SFY.US,D,20240503,000000,18.25,18.32,18.19,18.28,316880,0
SFY.US,D,20240506,000000,18.38,18.55,18.3484,18.55,284344,0
SFY.US,D,20240507,000000,18.52,18.5797,18.475,18.52,1252736,0
SFY.US,D,20240508,000000,18.43,18.53,18.43,18.51,260520,0
SFY.US,D,20240509,000000,18.53,18.585,18.4597,18.57,454727,0
SFY.US,D,20240510,000000,18.66,18.7099,18.555,18.59,371770,0
SFY.US,D,20240513,000000,18.65,18.66,18.55,18.59,372008,0
SFY.US,D,20240514,000000,18.56,18.7,18.55,18.69,220925,0
SFY.US,D,20240515,000000,18.76,18.966,18.75,18.95,299853,0
SFY.US,D,20240516,000000,18.96,19.025,18.89,18.89,283377,0
SFY.US,D,20240517,000000,18.92,18.95,18.83,18.91,349925,0
SFY.US,D,20240520,000000,18.91,19.01,18.91,18.95,218435,0
SFY.US,D,20240521,000000,18.91,19.01,18.88,19.01,259358,0
SFY.US,D,20240522,000000,18.98,19.01,18.85,18.95,245162,0
SFY.US,D,20240523,000000,19.19,19.2,18.9,18.97,950224,0
SFY.US,D,20240524,000000,19.02,19.135,18.99,19.13,146463,0
SFY.US,D,20240528,000000,19.2,19.27,19.15,19.26,468985,0
SFY.US,D,20240529,000000,19.14,19.215,19.08,19.16,322194,0
SFY.US,D,20240530,000000,19.07,19.1,18.85,18.91,476141,0
SFY.US,D,20240531,000000,18.98,19.005,18.68,18.99,547867,0
SFY.US,D,20240603,000000,19.13,19.15,18.9099,19.125,249303,0
SFY.US,D,20240604,000000,19.11,19.1972,19.03,19.17,292963,0
SFY.US,D,20240605,000000,19.28,19.5,19.25,19.5,149413,0
SFY.US,D,20240606,000000,19.56,19.5899,19.41,19.5,240100,0
SFY.US,D,20240607,000000,19.43,19.59,19.38,19.47,253694,0
SFY.US,D,20240610,000000,19.45,19.605,19.4,19.58,276309,0
SFY.US,D,20240611,000000,19.55,19.59,19.44,19.59,272602,0
SFY.US,D,20240612,000000,19.79,19.8899,19.735,19.79,261458,0
SFY.US,D,20240613,000000,19.92,19.92,19.74,19.87,292214,0
SFY.US,D,20240614,000000,19.8,19.91,19.78,19.9,179463,0
SFY.US,D,20240617,000000,19.88,20.0999,19.84,20.02,258494,0
SFY.US,D,20240618,000000,20.04,20.16,20.02,20.15,232711,0
SFY.US,D,20240620,000000,20.27,20.3066,19.97,20.07,335948,0
SFY.US,D,20240621,000000,20.01,20.04,19.865,19.97,243165,0
