<TICKER>,<PER>,<DATE>,<TIME>,<OPEN>,<HIGH>,<LOW>,<CLOSE>,<VOL>,<OPENINT>
SMAY.US,D,20230522,000000,20.16,20.24,20.12,20.21,81026,0
SMAY.US,D,20230523,000000,20.14,20.29,20.14,20.15,56410,0
SMAY.US,D,20230524,000000,20.12,20.12,19.97,20.04,49405,0
SMAY.US,D,20230525,000000,20.02,20.02,19.89,19.93,68039,0
SMAY.US,D,20230526,000000,20.06,20.14,20.05,20.1201,6373,0
SMAY.US,D,20230530,000000,20.19,20.19,20.0134,20.07,18241,0
SMAY.US,D,20230531,000000,19.91,19.98,19.8604,19.96,11056,0
SMAY.US,D,20230601,000000,20.04,20.12,19.949,20.09,35158,0
SMAY.US,D,20230602,000000,20.18,20.47,20.18,20.424,23438,0
SMAY.US,D,20230605,000000,20.3547,20.38,20.2421,20.319,9739,0
SMAY.US,D,20230606,000000,20.31,20.61,20.31,20.5649,24332,0
SMAY.US,D,20230607,000000,20.7,20.76,20.655,20.7487,198318,0
SMAY.US,D,20230608,000000,20.77,20.77,20.64,20.6601,59871,0
SMAY.US,D,20230609,000000,20.71,20.71,20.53,20.55,13225,0
SMAY.US,D,20230612,000000,20.6731,20.7082,20.645,20.6501,61834,0
SMAY.US,D,20230613,000000,20.73,20.82,20.67,20.753,205777,0
SMAY.US,D,20230614,000000,20.79,20.8,20.615,20.6728,10753,0
SMAY.US,D,20230615,000000,20.66,20.78,20.622,20.7339,49111,0
SMAY.US,D,20230616,000000,20.82,20.82,20.6654,20.7,11042,0
SMAY.US,D,20230620,000000,20.67,20.68,20.6,20.66,16525,0
SMAY.US,D,20230621,000000,20.59,20.68,20.57,20.6266,5207,0
SMAY.US,D,20230622,000000,20.54,20.5908,20.51,20.57,29526,0
SMAY.US,D,20230623,000000,20.436,20.4908,20.35,20.438,35830,0
SMAY.US,D,20230626,000000,20.44,20.53,20.44,20.46,21345,0
SMAY.US,D,20230627,000000,20.4144,20.63,20.4144,20.608,34998,0
SMAY.US,D,20230628,000000,20.64,20.66,20.59,20.6153,27595,0
SMAY.US,D,20230629,000000,20.59,20.78,20.59,20.73,14956,0
SMAY.US,D,20230630,000000,20.87,20.88,20.7817,20.81,33853,0
SMAY.US,D,20230703,000000,20.82,20.89,20.815,20.87,4561,0
SMAY.US,D,20230705,000000,20.83,20.83,20.69,20.7137,44323,0
SMAY.US,D,20230706,000000,20.68,20.68,20.44,20.59,18071,0
SMAY.US,D,20230707,000000,20.64,20.77,20.6,20.6602,18197,0
SMAY.US,D,20230710,000000,20.74,20.86,20.74,20.86,90586,0
SMAY.US,D,20230711,000000,20.9,20.95,20.84,20.9,16231,0
SMAY.US,D,20230712,000000,21.0311,21.1,20.99,21.0157,17342,0
SMAY.US,D,20230713,000000,21.01,21.17,21.01,21.1127,119326,0
SMAY.US,D,20230714,000000,21.079,21.079,20.96,21.03,9019,0
SMAY.US,D,20230717,000000,21.13,21.18,21.09,21.1316,9388,0
SMAY.US,D,20230718,000000,21.2102,21.239,21.19,21.2302,5205,0
SMAY.US,D,20230719,000000,21.29,21.3,21.2,21.25,48469,0
SMAY.US,D,20230720,000000,21.3,21.3,21.16,21.18,10960,0
SMAY.US,D,20230721,000000,21.3,21.3,21.14,21.17,13036,0
SMAY.US,D,20230724,000000,21.23,21.23,21.1501,21.23,23163,0
SMAY.US,D,20230725,000000,21.2428,21.27,21.22,21.23,15319,0
SMAY.US,D,20230726,000000,21.23,21.32,21.23,21.29,19830,0
SMAY.US,D,20230727,000000,21.34,21.34,21.12,21.18,26219,0
SMAY.US,D,20230728,000000,21.31,21.32,21.2671,21.285,7664,0
SMAY.US,D,20230731,000000,21.32,21.39,21.32,21.33,7617,0
SMAY.US,D,20230801,000000,21.3,21.36,21.2209,21.36,52921,0
SMAY.US,D,20230802,000000,21.17,21.25,21.1364,21.23,81538,0
SMAY.US,D,20230803,000000,21.1926,21.25,21.17,21.2,32940,0
SMAY.US,D,20230804,000000,21.19,21.29,21.16,21.18,7610,0
SMAY.US,D,20230807,000000,21.11,21.2,21.09,21.2,12231,0
SMAY.US,D,20230808,000000,21.08,21.15,20.98,21.15,25870,0
SMAY.US,D,20230809,000000,21.06,21.1399,20.98,21.0513,106371,0
SMAY.US,D,20230810,000000,21.2,21.2,21,21,3064,0
SMAY.US,D,20230811,000000,20.99,21.07,20.98,20.98,7358,0
SMAY.US,D,20230814,000000,20.98,21.05,20.98,21.05,1676,0
SMAY.US,D,20230815,000000,20.91,20.95,20.87,20.92,162508,0
SMAY.US,D,20230816,000000,20.8997,20.919,20.77,20.8,15914,0
SMAY.US,D,20230817,000000,20.82,20.82,20.62,20.68,105939,0
SMAY.US,D,20230818,000000,20.6,20.76,20.6,20.74,21463,0
SMAY.US,D,20230821,000000,20.74,20.75,20.63,20.73,1830,0
SMAY.US,D,20230822,000000,20.7,20.8,20.65,20.72,6161,0
SMAY.US,D,20230823,000000,20.75,20.85,20.74,20.77,24836,0
SMAY.US,D,20230824,000000,20.8242,20.8242,20.66,20.71,18554,0
SMAY.US,D,20230825,000000,20.64,20.7425,20.56,20.7,4198,0
SMAY.US,D,20230828,000000,20.81,20.88,20.79,20.87,13212,0
SMAY.US,D,20230829,000000,20.87,21.03,20.87,20.98,6547,0
SMAY.US,D,20230830,000000,21.0201,21.0316,21.01,21.01,3738,0
SMAY.US,D,20230831,000000,21,21.0889,20.9879,21.04,9184,0
SMAY.US,D,20230901,000000,21.144,21.17,21.14,21.14,2332,0
SMAY.US,D,20230905,000000,20.97,21.006,20.89,20.89,7450,0
SMAY.US,D,20230906,000000,20.95,20.97,20.82,20.92,3689,0
SMAY.US,D,20230907,000000,20.78,20.78,20.75,20.765,2524,0
SMAY.US,D,20230908,000000,20.84,20.84,20.77,20.81,4872,0
SMAY.US,D,20230911,000000,20.8842,20.8842,20.77,20.77,5690,0
SMAY.US,D,20230912,000000,20.845,20.845,20.75,20.7989,16567,0
SMAY.US,D,20230913,000000,20.78,20.81,20.7,20.77,20711,0
SMAY.US,D,20230914,000000,20.87,20.9299,20.7943,20.91,5389,0
SMAY.US,D,20230915,000000,20.88,20.88,20.68,20.8,29182,0
SMAY.US,D,20230918,000000,20.73,20.77,20.65,20.65,15266,0
SMAY.US,D,20230919,000000,20.71,20.71,20.6437,20.6437,1520,0
SMAY.US,D,20230920,000000,20.725,20.73,20.49,20.49,2305,0
SMAY.US,D,20230921,000000,20.42,20.426,20.38,20.38,1328,0
SMAY.US,D,20230922,000000,20.43,20.43,20.31,20.333,3515,0
SMAY.US,D,20230925,000000,20.29,20.41,20.29,20.41,2396,0
SMAY.US,D,20230926,000000,20.3849,20.3849,20.2,20.2,2089,0
SMAY.US,D,20230927,000000,20.2917,20.31,20.28,20.28,2702,0
SMAY.US,D,20230928,000000,20.3418,20.4785,20.3418,20.4305,5282,0
SMAY.US,D,20230929,000000,20.3759,20.3775,20.32,20.33,21581,0
SMAY.US,D,20231002,000000,20.39,20.41,20.13,20.16,86704,0
SMAY.US,D,20231003,000000,20,20,19.9994,19.9994,400,0
SMAY.US,D,20231004,000000,19.8776,20.06,19.8776,19.99,6336,0
SMAY.US,D,20231005,000000,19.95,20.08,19.95,20.01,68918,0
SMAY.US,D,20231006,000000,20.16,20.16,20.11,20.11,1156,0
SMAY.US,D,20231009,000000,20.11,20.2856,20.11,20.19,3778,0
SMAY.US,D,20231010,000000,20.2,20.43,20.2,20.3797,76446,0
SMAY.US,D,20231011,000000,20.37,20.37,20.23,20.3316,3579,0
SMAY.US,D,20231012,000000,20.1533,20.1533,19.99,20.079,219905,0
SMAY.US,D,20231013,000000,19.96,20.03,19.9,19.9743,5331,0
SMAY.US,D,20231016,000000,20.11,20.21,20.11,20.1716,4456,0
SMAY.US,D,20231017,000000,20.26,20.3308,20.25,20.26,9311,0
SMAY.US,D,20231018,000000,20.172,20.172,20.0298,20.0298,1393,0
SMAY.US,D,20231019,000000,19.94,20.03,19.8668,19.8668,1593,0
SMAY.US,D,20231020,000000,19.87,19.87,19.73,19.74,10116,0
SMAY.US,D,20231023,000000,19.688,19.72,19.6,19.6231,4451,0
SMAY.US,D,20231024,000000,19.7784,19.81,19.62,19.7186,70052,0
SMAY.US,D,20231025,000000,19.62,19.62,19.52,19.54,8707,0
SMAY.US,D,20231026,000000,19.63,19.63,19.54,19.5718,4263,0
SMAY.US,D,20231027,000000,19.54,19.54,19.4389,19.4389,2680,0
SMAY.US,D,20231030,000000,19.5704,19.5704,19.42,19.5205,6919,0
SMAY.US,D,20231031,000000,19.525,19.64,19.5,19.61,27675,0
SMAY.US,D,20231101,000000,19.57,19.69,19.52,19.64,14119,0
SMAY.US,D,20231102,000000,19.87,19.98,19.87,19.92,4806,0
SMAY.US,D,20231103,000000,20.295,20.3,20.2,20.2639,11340,0
SMAY.US,D,20231106,000000,20.1593,20.1699,20.1204,20.1204,730,0
SMAY.US,D,20231107,000000,20.09,20.12,20.03,20.0802,5540,0
SMAY.US,D,20231108,000000,19.93,19.99,19.93,19.9522,1026,0
SMAY.US,D,20231109,000000,20.0099,20.0099,19.7816,19.7816,1944,0
SMAY.US,D,20231110,000000,19.89,19.94,19.73,19.8901,9018,0
SMAY.US,D,20231113,000000,19.87,19.92,19.82,19.9094,5196,0
SMAY.US,D,20231114,000000,20.33,20.56,20.33,20.5234,7830,0
SMAY.US,D,20231115,000000,20.6292,20.73,20.5578,20.5578,3631,0
SMAY.US,D,20231116,000000,20.55,20.55,20.33,20.3804,4096,0
SMAY.US,D,20231117,000000,20.47,20.5483,20.44,20.5298,4538,0
SMAY.US,D,20231120,000000,20.49,20.65,20.49,20.59,7232,0
SMAY.US,D,20231121,000000,20.56,20.56,20.42,20.4425,4229,0
SMAY.US,D,20231122,000000,20.47,20.5456,20.47,20.5102,16481,0
SMAY.US,D,20231124,000000,20.6029,20.6029,20.6029,20.6029,174,0
SMAY.US,D,20231127,000000,20.5589,20.58,20.5589,20.5728,1730,0
SMAY.US,D,20231128,000000,20.5904,20.5904,20.46,20.51,773,0
SMAY.US,D,20231129,000000,20.65,20.7207,20.56,20.5868,4773,0
SMAY.US,D,20231130,000000,20.62,20.6955,20.61,20.6348,1522,0
SMAY.US,D,20231201,000000,20.6,20.9701,20.6,20.9701,4222,0
SMAY.US,D,20231204,000000,21.02,21.14,20.99,21.1179,1533,0
SMAY.US,D,20231205,000000,20.9714,20.9962,20.95,20.9509,3005,0
SMAY.US,D,20231206,000000,21.14,21.17,20.9281,20.9281,2132,0
SMAY.US,D,20231207,000000,20.98,21.04,20.9402,21.0116,2163,0
SMAY.US,D,20231208,000000,21.15,21.15,21.0786,21.1043,1189,0
SMAY.US,D,20231211,000000,21.1057,21.145,21.1057,21.145,434,0
SMAY.US,D,20231212,000000,21.14,21.16,21.06,21.1325,9640,0
SMAY.US,D,20231213,000000,21.081,21.5569,21.081,21.5569,2421,0
SMAY.US,D,20231214,000000,21.7521,21.79,21.7521,21.79,970,0
SMAY.US,D,20231215,000000,21.8157,21.8256,21.67,21.7354,8025,0
SMAY.US,D,20231218,000000,21.7401,21.7555,21.7401,21.7504,668,0
SMAY.US,D,20231219,000000,21.905,21.96,21.8897,21.9001,2666,0
SMAY.US,D,20231220,000000,21.98,21.98,21.72,21.7416,13536,0
SMAY.US,D,20231221,000000,21.9,21.9,21.79,21.8943,5655,0
SMAY.US,D,20231222,000000,21.98,22.02,21.97,21.9795,7806,0
SMAY.US,D,20231226,000000,22.05,22.11,22.05,22.11,3092,0
SMAY.US,D,20231227,000000,22.15,22.15,22.1,22.1471,4927,0
SMAY.US,D,20231228,000000,22.15,22.19,22.1122,22.132,4080,0
SMAY.US,D,20231229,000000,22.14,22.14,22.0164,22.0164,1037,0
SMAY.US,D,20240102,000000,21.98,22.06,21.88,21.9561,13449,0
SMAY.US,D,20240103,000000,21.8,21.8028,21.62,21.645,10257,0
SMAY.US,D,20240104,000000,21.68,21.69,21.6263,21.6263,4736,0
SMAY.US,D,20240105,000000,21.7146,21.7146,21.6,21.6077,12527,0
SMAY.US,D,20240108,000000,21.59,21.81,21.59,21.81,2424,0
SMAY.US,D,20240109,000000,21.67,21.76,21.66,21.7303,3728,0
SMAY.US,D,20240110,000000,21.7,21.7441,21.7,21.7441,385,0
SMAY.US,D,20240111,000000,21.68,21.68,21.5201,21.6589,154684,0
SMAY.US,D,20240112,000000,21.78,21.78,21.6479,21.6479,2782,0
SMAY.US,D,20240116,000000,21.52,21.54,21.475,21.5014,1353,0
SMAY.US,D,20240117,000000,21.28,21.403,21.28,21.403,22056,0
SMAY.US,D,20240118,000000,21.405,21.483,21.405,21.483,4804,0
SMAY.US,D,20240119,000000,21.4272,21.62,21.4,21.57,3622,0
SMAY.US,D,20240122,000000,21.69,21.8593,21.69,21.8593,3389,0
SMAY.US,D,20240123,000000,21.8465,21.8465,21.834,21.834,431,0
SMAY.US,D,20240124,000000,21.94,21.94,21.7239,21.7239,1475,0
SMAY.US,D,20240125,000000,21.865,21.865,21.76,21.805,1333,0
SMAY.US,D,20240126,000000,21.825,21.825,21.825,21.825,17,0
SMAY.US,D,20240129,000000,21.8939,22.0131,21.8939,22.0131,611,0
SMAY.US,D,20240130,000000,21.89,21.93,21.86,21.911,10226,0
SMAY.US,D,20240131,000000,21.87,21.8712,21.6398,21.6398,39710,0
SMAY.US,D,20240201,000000,21.68,21.7779,21.63,21.7779,3849,0
SMAY.US,D,20240202,000000,21.6,21.76,21.6,21.71,16079,0
SMAY.US,D,20240205,000000,21.6,21.64,21.55,21.55,2225,0
SMAY.US,D,20240206,000000,21.48,21.71,21.48,21.68,62082,0
SMAY.US,D,20240207,000000,21.67,21.7056,21.6,21.6369,14916,0
SMAY.US,D,20240208,000000,21.81,21.84,21.8,21.8364,6095,0
SMAY.US,D,20240209,000000,21.86,22.045,21.86,22.01,7500,0
SMAY.US,D,20240212,000000,22.17,22.27,22.17,22.2305,3123,0
SMAY.US,D,20240213,000000,21.91,21.91,21.727,21.727,4715,0
SMAY.US,D,20240214,000000,21.93,22.0337,21.9124,22.0337,4096,0
SMAY.US,D,20240215,000000,22.2137,22.28,22.1908,22.28,1929,0
SMAY.US,D,20240216,000000,22.14,22.2327,22.14,22.1526,5030,0
SMAY.US,D,20240220,000000,22,22.02,21.98,21.98,1989,0
SMAY.US,D,20240221,000000,21.91,21.9446,21.88,21.9446,8119,0
SMAY.US,D,20240222,000000,22.03,22.08,22.0101,22.0567,2733,0
SMAY.US,D,20240223,000000,22.06,22.18,22.06,22.1095,1529,0
SMAY.US,D,20240226,000000,22.1834,22.1875,22.12,22.1875,1255,0
SMAY.US,D,20240227,000000,22.33,22.33,22.31,22.31,2878,0
SMAY.US,D,20240228,000000,22.26,22.26,22.24,22.24,6701,0
SMAY.US,D,20240229,000000,22.443,22.443,22.29,22.3479,5305,0
SMAY.US,D,20240301,000000,22.4402,22.4402,22.4402,22.4402,193,0
SMAY.US,D,20240304,000000,22.5158,22.5217,22.4431,22.4457,3910,0
SMAY.US,D,20240305,000000,22.4261,22.4261,22.35,22.355,3859,0
SMAY.US,D,20240306,000000,22.5,22.5,22.4,22.4252,6121,0
SMAY.US,D,20240307,000000,22.515,22.5599,22.515,22.5258,1739,0
SMAY.US,D,20240308,000000,22.7041,22.7041,22.51,22.5357,3081,0
SMAY.US,D,20240311,000000,22.4732,22.4885,22.4616,22.4642,1529,0
SMAY.US,D,20240312,000000,22.5249,22.5249,22.451,22.5108,1087,0
SMAY.US,D,20240313,000000,22.5617,22.5617,22.5509,22.5509,213,0
SMAY.US,D,20240314,000000,22.39,22.39,22.27,22.3,2706,0
SMAY.US,D,20240315,000000,22.385,22.3891,22.365,22.3891,331,0
SMAY.US,D,20240318,000000,22.4,22.4,22.28,22.3,827,0
SMAY.US,D,20240319,000000,22.37,22.37,22.37,22.37,397,0
SMAY.US,D,20240320,000000,22.5244,22.6359,22.5244,22.6359,360,0
SMAY.US,D,20240321,000000,22.767,22.767,22.75,22.7571,3027,0
SMAY.US,D,20240322,000000,22.69,22.705,22.64,22.64,18007,0
SMAY.US,D,20240325,000000,22.7418,22.7418,22.68,22.6859,2445,0
SMAY.US,D,20240326,000000,22.7138,22.72,22.68,22.6837,2025,0
SMAY.US,D,20240327,000000,22.7906,22.87,22.7906,22.87,400,0
SMAY.US,D,20240328,000000,22.9748,22.9748,22.9,22.9348,1588,0
SMAY.US,D,20240401,000000,22.85,22.8545,22.8234,22.8545,10326,0
SMAY.US,D,20240402,000000,22.69,22.69,22.6425,22.6425,1350,0
SMAY.US,D,20240403,000000,22.62,22.725,22.62,22.715,701,0
SMAY.US,D,20240404,000000,22.82,22.82,22.5942,22.5942,27675,0
SMAY.US,D,20240405,000000,22.68,22.6839,22.67,22.678,2844,0
SMAY.US,D,20240408,000000,22.75,22.78,22.736,22.736,397,0
SMAY.US,D,20240409,000000,22.76,22.7764,22.72,22.7764,5775,0
SMAY.US,D,20240410,000000,22.45,22.5,22.44,22.4678,8600,0
SMAY.US,D,20240411,000000,22.5015,22.5611,22.41,22.5611,2710,0
SMAY.US,D,20240412,000000,22.3122,22.3122,22.3122,22.3122,1,0
SMAY.US,D,20240415,000000,22.4048,22.4048,22.1061,22.1061,15234,0
SMAY.US,D,20240416,000000,22.06,22.06,22.0449,22.0449,181,0
SMAY.US,D,20240417,000000,22.0247,22.0247,21.882,21.882,408,0
SMAY.US,D,20240418,000000,21.87,22.0736,21.8039,21.828,2164,0
SMAY.US,D,20240419,000000,21.73,21.9248,21.73,21.81,1348,0
SMAY.US,D,20240422,000000,21.9654,22.1006,21.921,22.052,1253,0
SMAY.US,D,20240423,000000,22.36,22.36,22.3486,22.3486,573,0
SMAY.US,D,20240424,000000,22.265,22.3093,22.265,22.3093,273,0
SMAY.US,D,20240425,000000,22.055,22.18,22.055,22.1725,2965,0
SMAY.US,D,20240426,000000,22.24,22.4159,22.24,22.379,7082,0
SMAY.US,D,20240429,000000,22.47,22.55,22.47,22.4949,9519,0
SMAY.US,D,20240430,000000,22.36,22.37,22.1456,22.1456,973,0
SMAY.US,D,20240501,000000,22.18,22.1902,22.1,22.1902,6206,0
SMAY.US,D,20240502,000000,22.53,22.56,22.527,22.527,1029,0
SMAY.US,D,20240503,000000,22.7666,22.7666,22.7298,22.7298,320,0
SMAY.US,D,20240506,000000,22.89,22.99,22.89,22.9268,2972,0
SMAY.US,D,20240507,000000,23.04,23.065,22.998,22.998,4721,0
SMAY.US,D,20240508,000000,22.91,22.9343,22.91,22.9343,223,0
SMAY.US,D,20240509,000000,22.93,23.0961,22.93,23.0961,11946,0
SMAY.US,D,20240510,000000,23.15,23.15,22.975,23.0069,3325,0
SMAY.US,D,20240513,000000,23.13,23.13,23.0178,23.0178,2976,0
SMAY.US,D,20240514,000000,23.21,23.21,23.12,23.1877,7580,0
SMAY.US,D,20240515,000000,23.34,23.43,23.34,23.4201,12261,0
SMAY.US,D,20240516,000000,23.42,23.46,23.4107,23.4193,4952,0
SMAY.US,D,20240517,000000,23.47,23.53,23.46,23.53,119502,0
SMAY.US,D,20240520,000000,23.5,23.5999,23.45,23.5249,92665,0
SMAY.US,D,20240521,000000,23.47,23.56,23.47,23.5247,107919,0
SMAY.US,D,20240522,000000,23.5,23.53,23.395,23.432,156550,0
SMAY.US,D,20240523,000000,23.54,23.54,23.15,23.24,51660,0
SMAY.US,D,20240524,000000,23.36,23.4,23.27,23.366,27475,0
SMAY.US,D,20240528,000000,23.4,23.4499,23.3,23.34,56714,0
SMAY.US,D,20240529,000000,23.22,23.23,23.14,23.172,39018,0
SMAY.US,D,20240530,000000,23.25,23.36,23.2299,23.33,60155,0
SMAY.US,D,20240531,000000,23.4,23.43,23.2245,23.43,51683,0
SMAY.US,D,20240603,000000,23.52,23.53,23.27,23.33,19438,0
SMAY.US,D,20240604,000000,23.24,23.28,23.14,23.171,92620,0
SMAY.US,D,20240605,000000,23.28,23.39,23.19,23.3744,36901,0
SMAY.US,D,20240606,000000,23.32,23.3435,23.27,23.2797,27907,0
SMAY.US,D,20240607,000000,23.18,23.245,23.1001,23.18,16242,0
SMAY.US,D,20240610,000000,23.1,23.2,23.05,23.1679,28481,0
SMAY.US,D,20240611,000000,23.1,23.17,23.018,23.1253,26065,0
SMAY.US,D,20240612,000000,23.49,23.5399,23.3302,23.3302,8745,0
SMAY.US,D,20240613,000000,23.31,23.31,23.14,23.2149,26678,0
SMAY.US,D,20240614,000000,23.029,23.04,22.98,23.0103,99247,0
SMAY.US,D,20240617,000000,22.93,23.17,22.93,23.1,24660,0
SMAY.US,D,20240618,000000,23.14,23.209,23.14,23.19,138077,0
SMAY.US,D,20240620,000000,23.16,23.23,23.058,23.0878,46983,0
SMAY.US,D,20240621,000000,23.07,23.17,23.05,23.17,39648,0
