<TICKER>,<PER>,<DATE>,<TIME>,<OPEN>,<HIGH>,<LOW>,<CLOSE>,<VOL>,<OPENINT>
STAX.US,D,20231201,000000,25.2299,25.25,25.2299,25.245,1234,0
STAX.US,D,20231204,000000,25.24,25.245,25.2262,25.245,1986,0
STAX.US,D,20231205,000000,25.2806,25.2806,25.2806,25.2806,3,0
STAX.US,D,20231206,000000,25.295,25.295,25.295,25.295,4,0
STAX.US,D,20231207,000000,25.33,25.33,25.305,25.305,203,0
STAX.US,D,20231208,000000,25.3029,25.3029,25.3029,25.3029,10,0
STAX.US,D,20231211,000000,25.305,25.305,25.305,25.305,4,0
STAX.US,D,20231212,000000,25.305,25.305,25.305,25.305,4,0
STAX.US,D,20231213,000000,25.3772,25.3772,25.3772,25.3772,4,0
STAX.US,D,20231214,000000,25.395,25.395,25.395,25.395,21,0
STAX.US,D,20231215,000000,25.405,25.405,25.405,25.405,4,0
STAX.US,D,20231218,000000,25.395,25.395,25.395,25.395,4,0
STAX.US,D,20231219,000000,25.425,25.425,25.425,25.425,1,0
STAX.US,D,20231220,000000,25.44,25.44,25.44,25.44,4,0
STAX.US,D,20231221,000000,25.425,25.425,25.425,25.425,1,0
STAX.US,D,20231222,000000,25.44,25.44,25.44,25.44,1,0
STAX.US,D,20231226,000000,25.4371,25.4371,25.4371,25.4371,2,0
STAX.US,D,20231227,000000,25.475,25.475,25.475,25.475,50,0
STAX.US,D,20231228,000000,25.45,25.45,25.45,25.45,25,0
STAX.US,D,20231229,000000,25.47,25.47,25.47,25.47,2,0
STAX.US,D,20240102,000000,25.45,25.4636,25.45,25.4636,202,0
STAX.US,D,20240103,000000,25.475,25.475,25.475,25.475,51,0
STAX.US,D,20240104,000000,25.465,25.465,25.465,25.465,50,0
STAX.US,D,20240105,000000,25.452,25.452,25.452,25.452,50,0
STAX.US,D,20240108,000000,25.465,25.465,25.465,25.465,50,0
STAX.US,D,20240109,000000,25.45,25.45,25.45,25.45,50,0
STAX.US,D,20240110,000000,25.425,25.425,25.425,25.425,25,0
STAX.US,D,20240111,000000,25.4359,25.4359,25.4359,25.4359,50,0
STAX.US,D,20240112,000000,25.42,25.42,25.42,25.42,10,0
STAX.US,D,20240116,000000,25.395,25.395,25.395,25.395,5,0
STAX.US,D,20240117,000000,25.375,25.375,25.375,25.375,5,0
STAX.US,D,20240118,000000,25.35,25.35,25.35,25.35,5,0
STAX.US,D,20240119,000000,25.34,25.34,25.34,25.34,15,0
STAX.US,D,20240122,000000,25.355,25.355,25.355,25.355,5,0
STAX.US,D,20240123,000000,25.34,25.34,25.34,25.34,5,0
STAX.US,D,20240124,000000,25.335,25.335,25.335,25.335,5,0
STAX.US,D,20240125,000000,25.37,25.37,25.37,25.37,5,0
STAX.US,D,20240126,000000,25.365,25.365,25.365,25.365,5,0
STAX.US,D,20240129,000000,25.385,25.385,25.385,25.385,5,0
STAX.US,D,20240130,000000,25.395,25.395,25.395,25.395,5,0
STAX.US,D,20240131,000000,25.3203,25.3203,25.3203,25.3203,5,0
STAX.US,D,20240201,000000,25.36,25.365,25.36,25.365,748,0
STAX.US,D,20240202,000000,25.31,25.31,25.31,25.31,50,0
STAX.US,D,20240205,000000,25.266,25.266,25.266,25.266,25,0
STAX.US,D,20240206,000000,25.295,25.295,25.295,25.295,5,0
STAX.US,D,20240207,000000,25.2873,25.2873,25.2873,25.2873,2,0
STAX.US,D,20240208,000000,25.27,25.27,25.27,25.27,2,0
STAX.US,D,20240209,000000,25.285,25.285,25.285,25.285,82,0
STAX.US,D,20240212,000000,25.305,25.305,25.305,25.305,3,0
STAX.US,D,20240213,000000,25.2526,25.2526,25.2526,25.2526,25,0
STAX.US,D,20240214,000000,25.285,25.285,25.285,25.285,1,0
STAX.US,D,20240215,000000,25.3049,25.3049,25.3049,25.3049,1,0
STAX.US,D,20240216,000000,25.295,25.295,25.295,25.295,1,0
STAX.US,D,20240220,000000,25.3049,25.3049,25.3049,25.3049,10,0
STAX.US,D,20240221,000000,25.3049,25.3049,25.3049,25.3049,2,0
STAX.US,D,20240222,000000,25.3001,25.3001,25.3001,25.3001,20,0
STAX.US,D,20240223,000000,25.315,25.315,25.315,25.315,1,0
STAX.US,D,20240226,000000,25.324,25.324,25.324,25.324,1,0
STAX.US,D,20240227,000000,25.3164,25.3164,25.3164,25.3164,1,0
STAX.US,D,20240228,000000,25.335,25.335,25.335,25.335,10,0
STAX.US,D,20240229,000000,25.275,25.275,25.275,25.275,10,0
STAX.US,D,20240301,000000,25.2849,25.2849,25.2849,25.2849,10,0
STAX.US,D,20240304,000000,25.265,25.265,25.265,25.265,1,0
STAX.US,D,20240305,000000,25.27,25.3049,25.26,25.3049,1486,0
STAX.US,D,20240306,000000,25.295,25.295,25.295,25.295,13,0
STAX.US,D,20240307,000000,25.315,25.315,25.315,25.315,1,0
STAX.US,D,20240308,000000,25.315,25.315,25.315,25.315,1,0
STAX.US,D,20240311,000000,25.31,25.31,25.31,25.31,3,0
STAX.US,D,20240312,000000,25.309,25.309,25.309,25.309,2,0
STAX.US,D,20240313,000000,25.3239,25.3239,25.3239,25.3239,1,0
STAX.US,D,20240314,000000,25.29,25.29,25.29,25.29,2,0
STAX.US,D,20240315,000000,25.29,25.29,25.29,25.29,2,0
STAX.US,D,20240318,000000,25.295,25.295,25.295,25.295,2,0
STAX.US,D,20240319,000000,25.305,25.305,25.305,25.305,2,0
STAX.US,D,20240320,000000,25.325,25.325,25.325,25.325,2,0
STAX.US,D,20240321,000000,25.3029,25.31,25.285,25.285,1050,0
STAX.US,D,20240322,000000,25.32,25.33,25.295,25.295,2701,0
STAX.US,D,20240325,000000,25.2824,25.29,25.26,25.265,2500,0
STAX.US,D,20240326,000000,25.27,25.275,25.25,25.275,1100,0
STAX.US,D,20240327,000000,25.27,25.27,25.27,25.27,1,0
STAX.US,D,20240328,000000,25.175,25.175,25.175,25.175,4,0
STAX.US,D,20240401,000000,25.165,25.165,25.165,25.165,4,0
STAX.US,D,20240402,000000,25.135,25.135,25.135,25.135,1,0
STAX.US,D,20240403,000000,25.1,25.1,25.1,25.1,100,0
STAX.US,D,20240404,000000,25.135,25.135,25.135,25.135,4,0
STAX.US,D,20240405,000000,25.1,25.1,25.1,25.1,101,0
STAX.US,D,20240408,000000,25.1,25.1,25.1,25.1,102,0
STAX.US,D,20240409,000000,25.12,25.12,25.12,25.12,101,0
STAX.US,D,20240410,000000,25.04,25.04,25.04,25.04,100,0
STAX.US,D,20240411,000000,25.07,25.07,25.07,25.07,100,0
STAX.US,D,20240412,000000,25.1,25.1,25.1,25.1,102,0
STAX.US,D,20240415,000000,25.1103,25.1103,25.1103,25.1103,1,0
STAX.US,D,20240416,000000,25.095,25.095,25.095,25.095,1,0
STAX.US,D,20240417,000000,25.115,25.115,25.115,25.115,1,0
STAX.US,D,20240418,000000,25.08,25.105,25.08,25.105,228,0
STAX.US,D,20240419,000000,25.1042,25.1042,25.1042,25.1042,250,0
STAX.US,D,20240422,000000,25.115,25.115,25.115,25.115,1,0
STAX.US,D,20240423,000000,25.105,25.105,25.105,25.105,1,0
STAX.US,D,20240424,000000,25.105,25.105,25.105,25.105,1,0
STAX.US,D,20240425,000000,25.085,25.085,25.085,25.085,10,0
STAX.US,D,20240426,000000,25.0862,25.0862,25.0862,25.0862,1,0
STAX.US,D,20240429,000000,25.095,25.095,25.095,25.095,1,0
STAX.US,D,20240430,000000,25.025,25.025,25.025,25.025,1,0
STAX.US,D,20240501,000000,25.0457,25.0457,25.0457,25.0457,1,0
STAX.US,D,20240502,000000,25.055,25.055,25.055,25.055,5,0
STAX.US,D,20240503,000000,25.1,25.11,25.095,25.095,1101,0
STAX.US,D,20240506,000000,25.095,25.095,25.095,25.095,2,0
STAX.US,D,20240507,000000,25.13,25.13,25.13,25.13,1,0
STAX.US,D,20240508,000000,25.135,25.135,25.135,25.135,6,0
STAX.US,D,20240509,000000,25.15,25.15,25.1329,25.135,582,0
STAX.US,D,20240510,000000,25.125,25.125,25.125,25.125,1,0
STAX.US,D,20240513,000000,25.125,25.125,25.125,25.125,1,0
STAX.US,D,20240514,000000,25.135,25.135,25.135,25.135,4,0
STAX.US,D,20240515,000000,25.155,25.155,25.155,25.155,2,0
STAX.US,D,20240516,000000,25.135,25.135,25.135,25.135,7,0
STAX.US,D,20240517,000000,25.1,25.115,25.1,25.115,120,0
STAX.US,D,20240520,000000,25.08,25.1,25.08,25.1,389,0
STAX.US,D,20240521,000000,25.085,25.085,25.085,25.085,1,0
STAX.US,D,20240522,000000,25.06,25.06,25.06,25.06,1,0
STAX.US,D,20240523,000000,25.02,25.02,25.02,25.02,1,0
STAX.US,D,20240524,000000,25,25,25,25,200,0
STAX.US,D,20240528,000000,25.025,25.025,25.025,25.025,5,0
STAX.US,D,20240529,000000,24.995,24.995,24.995,24.995,1,0
STAX.US,D,20240530,000000,24.995,24.995,24.995,24.995,1,0
STAX.US,D,20240531,000000,24.9418,24.9418,24.9418,24.9418,1,0
STAX.US,D,20240603,000000,24.9749,24.9749,24.9749,24.9749,5,0
STAX.US,D,20240604,000000,24.9987,24.9987,24.9987,24.9987,4,0
STAX.US,D,20240605,000000,25.01,25.0329,25.01,25.0329,252,0
STAX.US,D,20240606,000000,25.055,25.055,25.055,25.055,2,0
STAX.US,D,20240607,000000,25.04,25.04,25.04,25.04,1,0
STAX.US,D,20240610,000000,25.045,25.045,25.045,25.045,1,0
STAX.US,D,20240611,000000,25.045,25.045,25.045,25.045,1,0
STAX.US,D,20240612,000000,25.0931,25.0931,25.0931,25.0931,1,0
STAX.US,D,20240613,000000,25.1183,25.1183,25.1183,25.1183,1,0
STAX.US,D,20240614,000000,25.135,25.135,25.135,25.135,1,0
STAX.US,D,20240617,000000,25.13,25.13,25.12,25.12,305,0
STAX.US,D,20240618,000000,25.1412,25.1412,25.1412,25.1412,5,0
STAX.US,D,20240620,000000,25.13,25.13,25.13,25.13,5,0
STAX.US,D,20240621,000000,25.14,25.14,25.14,25.14,5,0
