<TICKER>,<PER>,<DATE>,<TIME>,<OPEN>,<HIGH>,<LOW>,<CLOSE>,<VOL>,<OPENINT>
STCE.US,D,20220805,000000,26.6,27.16,25.0044,25.597,27901,0
STCE.US,D,20220808,000000,27.35,27.35,25.9175,26.24,125466,0
STCE.US,D,20220809,000000,25.96,25.96,25,25.24,50952,0
STCE.US,D,20220810,000000,26.27,26.959,25.91,26.881,53405,0
STCE.US,D,20220811,000000,28.29,28.7086,26.8134,26.9938,76839,0
STCE.US,D,20220812,000000,27.28,28.32,26.6363,28.2355,53004,0
STCE.US,D,20220815,000000,28.36,28.73,27.79,28.249,69370,0
STCE.US,D,20220816,000000,28.27,28.27,26.99,27.51,31674,0
STCE.US,D,20220817,000000,27.23,27.23,26.04,26.21,31584,0
STCE.US,D,20220818,000000,26.52,26.54,25.8651,25.9644,16533,0
STCE.US,D,20220819,000000,24.84,24.84,23.82,23.9073,37614,0
STCE.US,D,20220822,000000,23.45,23.55,23.05,23.126,22319,0
STCE.US,D,20220823,000000,23.29,24.09,23.2299,23.47,12713,0
STCE.US,D,20220824,000000,23.55,23.95,23.55,23.6749,9501,0
STCE.US,D,20220825,000000,23.71,24.09,23.571,23.8408,14923,0
STCE.US,D,20220826,000000,24.15,24.15,22.4691,22.49,29788,0
STCE.US,D,20220829,000000,21.9,22.7909,21.84,22.4559,17486,0
STCE.US,D,20220830,000000,23.5,23.5,21.9,22.2244,42663,0
STCE.US,D,20220831,000000,22.63,22.78,22.1481,22.3804,7415,0
STCE.US,D,20220901,000000,21.9,21.9,21.17,21.8062,12026,0
STCE.US,D,20220902,000000,21.78,22.16,21.43,21.4839,5220,0
STCE.US,D,20220906,000000,21.65,21.68,21.03,21.0541,10671,0
STCE.US,D,20220907,000000,21.12,21.6669,20.84,21.6669,17934,0
STCE.US,D,20220908,000000,21.47,22.7,21.3878,22.692,7514,0
STCE.US,D,20220909,000000,23.87,24.07,23.46,23.9686,43857,0
STCE.US,D,20220912,000000,24.56,24.57,24.04,24.28,8000,0
STCE.US,D,20220913,000000,23.35,23.3824,22.639,22.66,32501,0
STCE.US,D,20220914,000000,22.83,22.83,22.42,22.77,9412,0
STCE.US,D,20220915,000000,22.65,23.33,22.37,22.4085,21926,0
STCE.US,D,20220916,000000,21.52,21.765,21.305,21.3903,20673,0
STCE.US,D,20220919,000000,21.01,21.2042,20.811,21.2042,6389,0
STCE.US,D,20220920,000000,20.8322,20.9501,20.54,20.5652,4500,0
STCE.US,D,20220921,000000,20.55,21.28,20.5466,20.5466,4925,0
STCE.US,D,20220922,000000,20.5,20.5,19.841,20.0713,6377,0
STCE.US,D,20220923,000000,19.49,19.51,19.205,19.4945,22119,0
STCE.US,D,20220926,000000,19.77,19.9,19.35,19.4351,15972,0
STCE.US,D,20220927,000000,20.13,20.13,19.3552,19.5997,2769,0
STCE.US,D,20220928,000000,19.71,20.625,19.71,20.6039,1598,0
STCE.US,D,20220929,000000,19.79,19.95,19.7101,19.95,2175,0
STCE.US,D,20220930,000000,20.42,20.7601,19.9228,19.9228,3978,0
STCE.US,D,20221003,000000,20.19,20.3872,19.9985,20.3872,14302,0
STCE.US,D,20221004,000000,21.2546,21.8173,21.2546,21.8173,27872,0
STCE.US,D,20221005,000000,21.381,21.65,21.038,21.5676,1828,0
STCE.US,D,20221006,000000,21.44,21.9,21.44,21.4983,2962,0
STCE.US,D,20221007,000000,21,21,20.2376,20.2376,6913,0
STCE.US,D,20221010,000000,20.0197,20.02,19.645,19.8771,5249,0
STCE.US,D,20221011,000000,19.85,20.02,19.37,19.6574,3947,0
STCE.US,D,20221012,000000,19.6485,19.71,19.6485,19.709,1249,0
STCE.US,D,20221013,000000,18.86,20.116,18.53,20.116,6795,0
STCE.US,D,20221014,000000,20.3018,20.3018,19.1089,19.1089,1247,0
STCE.US,D,20221017,000000,19.61,20.11,19.61,19.9649,3264,0
STCE.US,D,20221018,000000,20.234,20.234,19.65,19.7904,3045,0
STCE.US,D,20221019,000000,19.75,19.75,19.3896,19.4185,4446,0
STCE.US,D,20221020,000000,19.28,19.5,19.23,19.2714,4790,0
STCE.US,D,20221021,000000,19.09,19.8338,19.09,19.8338,2200,0
STCE.US,D,20221024,000000,20.02,20.16,19.55,20.1053,14365,0
STCE.US,D,20221025,000000,20.21,21.71,20.2,21.6724,7420,0
STCE.US,D,20221026,000000,22.43,22.47,21.5515,21.5515,9463,0
STCE.US,D,20221027,000000,21.57,21.58,21.2174,21.2174,4529,0
STCE.US,D,20221028,000000,21.17,21.709,21.17,21.7002,4138,0
STCE.US,D,20221031,000000,21.65,21.73,21.1737,21.1737,6408,0
STCE.US,D,20221101,000000,21.51,21.53,20.7988,20.7988,9849,0
STCE.US,D,20221102,000000,20.73,20.833,19.8583,19.8583,3333,0
STCE.US,D,20221103,000000,19.7101,20.1,19.5915,19.5915,4761,0
STCE.US,D,20221104,000000,20.28,20.28,19.6001,20.1246,4481,0
STCE.US,D,20221107,000000,20.23,20.23,19.8519,20.0925,3997,0
STCE.US,D,20221108,000000,19.73,20.08,18.5023,18.9201,15648,0
STCE.US,D,20221109,000000,18.32,18.5595,17.6623,17.6623,13019,0
STCE.US,D,20221110,000000,18.64,18.94,18.39,18.7566,15396,0
STCE.US,D,20221111,000000,18.24,19.153,18.18,19.153,5757,0
STCE.US,D,20221114,000000,19.03,19.03,18.61,18.61,6241,0
STCE.US,D,20221115,000000,19.21,19.3846,18.9223,18.9223,4536,0
STCE.US,D,20221116,000000,18.73,18.73,17.9992,18.0689,15910,0
STCE.US,D,20221117,000000,17.76,17.87,17.7,17.87,2829,0
STCE.US,D,20221118,000000,17.7,17.7,17.424,17.492,4698,0
STCE.US,D,20221121,000000,17.22,17.22,16.8136,16.8136,2233,0
STCE.US,D,20221122,000000,16.81,17.1942,16.81,17.1942,4952,0
STCE.US,D,20221123,000000,17.22,17.6408,17.22,17.6408,2384,0
STCE.US,D,20221125,000000,17.63,17.7289,17.6,17.6697,2484,0
STCE.US,D,20221128,000000,17.41,17.57,17.115,17.1878,1269,0
STCE.US,D,20221129,000000,17.28,17.29,17.21,17.2562,3007,0
STCE.US,D,20221130,000000,17.2683,17.9714,17.13,17.9714,1930,0
STCE.US,D,20221201,000000,18.01,18.106,17.91,18.0289,6684,0
STCE.US,D,20221202,000000,17.88,18.2739,17.87,18.2739,2705,0
STCE.US,D,20221205,000000,18.2,18.2,17.5349,17.5349,4920,0
STCE.US,D,20221206,000000,17.2901,17.3034,17.065,17.1535,2239,0
STCE.US,D,20221207,000000,16.85,16.9301,16.72,16.76,4237,0
STCE.US,D,20221208,000000,16.97,17.005,16.8119,16.9913,1131,0
STCE.US,D,20221209,000000,16.96,16.9705,16.7458,16.7458,1542,0
STCE.US,D,20221212,000000,16.73,16.8444,16.61,16.8444,1600,0
STCE.US,D,20221213,000000,17.475,17.475,16.7,16.7966,2769,0
STCE.US,D,20221214,000000,16.946,16.946,16.7256,16.7256,773,0
STCE.US,D,20221215,000000,16.36,16.36,16.071,16.1263,2836,0
STCE.US,D,20221216,000000,15.91,15.99,15.56,15.7675,12649,0
STCE.US,D,20221219,000000,15.6098,15.6098,15.4702,15.5192,4344,0
STCE.US,D,20221220,000000,15.47,15.79,15.47,15.56,3584,0
STCE.US,D,20221221,000000,15.799,15.8,15.685,15.6952,3734,0
STCE.US,D,20221222,000000,15.39,15.4271,15.13,15.4271,7143,0
STCE.US,D,20221223,000000,15.36,15.5,15.278,15.5,5952,0
STCE.US,D,20221227,000000,15.3,15.3,14.95,14.9611,8371,0
STCE.US,D,20221228,000000,14.97,15.04,14.7252,14.7252,7368,0
STCE.US,D,20221229,000000,14.91,15.2703,14.91,15.2703,5134,0
STCE.US,D,20221230,000000,15.11,15.2849,14.95,15.2849,7401,0
STCE.US,D,20230103,000000,15.68,15.68,15.131,15.2782,2780,0
STCE.US,D,20230104,000000,15.52,16.16,15.52,16.16,1397,0
STCE.US,D,20230105,000000,15.42,15.475,15.42,15.465,871,0
STCE.US,D,20230106,000000,15.56,15.87,15.55,15.8161,2012,0
STCE.US,D,20230109,000000,16.03,16.8394,16.03,16.4586,5538,0
STCE.US,D,20230110,000000,16.38,17.2202,16.38,17.2202,10096,0
STCE.US,D,20230111,000000,17.11,17.3198,17.1,17.3198,9230,0
STCE.US,D,20230112,000000,17.33,18.2933,17.09,18.2881,3572,0
STCE.US,D,20230113,000000,18.11,18.735,17.9,18.6279,6811,0
STCE.US,D,20230117,000000,19.53,19.53,18.97,19.2967,11438,0
STCE.US,D,20230118,000000,19.48,19.55,18.393,18.393,9616,0
STCE.US,D,20230119,000000,18.16,18.47,18.16,18.4028,3091,0
STCE.US,D,20230120,000000,18.57,19.3435,18.57,19.3435,2174,0
STCE.US,D,20230123,000000,19.35,20.085,19.35,19.99,9313,0
STCE.US,D,20230124,000000,19.7,20.04,19.6299,19.67,5188,0
STCE.US,D,20230125,000000,19,19.69,18.93,19.6035,3295,0
STCE.US,D,20230126,000000,20.05,20.05,19.5,19.6271,4680,0
STCE.US,D,20230127,000000,19.84,20.21,19.83,20.0482,8298,0
STCE.US,D,20230130,000000,19.87,19.87,19.2481,19.2481,3876,0
STCE.US,D,20230131,000000,19.75,19.76,19.68,19.7551,1622,0
STCE.US,D,20230201,000000,19.75,20.6534,19.57,20.6534,4938,0
STCE.US,D,20230202,000000,21.5499,22.35,21.5499,21.97,34520,0
STCE.US,D,20230203,000000,20.81,22.16,20.81,21.1495,8712,0
STCE.US,D,20230206,000000,20.51,21.11,20.48,21.0574,4293,0
STCE.US,D,20230207,000000,20.55,21.05,20.5499,21.0289,1892,0
STCE.US,D,20230208,000000,20.89,21.0126,20.6859,20.6859,1526,0
STCE.US,D,20230209,000000,20.6,20.6,19.5575,19.5575,6985,0
STCE.US,D,20230210,000000,19.39,19.39,19.1,19.2303,4842,0
STCE.US,D,20230213,000000,19.09,19.23,19,19.2227,3295,0
STCE.US,D,20230214,000000,19.09,19.99,19.06,19.9195,8753,0
STCE.US,D,20230215,000000,20,21.1354,20,21.1354,4209,0
STCE.US,D,20230216,000000,20.95,21.31,20.3776,20.3776,6084,0
STCE.US,D,20230217,000000,20.39,20.5341,19.97,20.5341,5130,0
STCE.US,D,20230221,000000,20.14,20.14,19.725,19.725,8758,0
STCE.US,D,20230222,000000,19.79,19.79,19.5,19.6414,1772,0
STCE.US,D,20230223,000000,19.64,19.8217,19.64,19.8217,420,0
STCE.US,D,20230224,000000,19.57,19.57,19.07,19.2379,4339,0
STCE.US,D,20230227,000000,19.65,19.66,19.36,19.428,5563,0
STCE.US,D,20230228,000000,19.76,19.93,19.6728,19.6728,877,0
STCE.US,D,20230301,000000,19.3715,19.495,19.279,19.3558,1777,0
STCE.US,D,20230302,000000,18.91,18.98,18.581,18.9798,1958,0
STCE.US,D,20230303,000000,19.23,19.33,19.23,19.2441,569,0
STCE.US,D,20230306,000000,19.25,19.56,19.02,19.02,2613,0
STCE.US,D,20230307,000000,19,19,18.6087,18.6087,361,0
STCE.US,D,20230308,000000,18.63,18.7578,18.53,18.7578,447,0
STCE.US,D,20230309,000000,18.31,18.311,17.7409,17.7409,10730,0
STCE.US,D,20230310,000000,17,17.2835,16.85,16.94,3490,0
STCE.US,D,20230313,000000,16.89,17.6,16.77,17.4903,2793,0
STCE.US,D,20230314,000000,18.26,18.4674,18.0337,18.0337,3613,0
STCE.US,D,20230315,000000,17.68,17.85,17.4808,17.7794,5771,0
STCE.US,D,20230316,000000,18.095,18.53,18.095,18.5206,2567,0
STCE.US,D,20230317,000000,18.7899,19.2706,18.7899,19.1302,4920,0
STCE.US,D,20230320,000000,19.61,19.61,19.1,19.21,4878,0
STCE.US,D,20230321,000000,19.4902,20.2,19.4902,20.1492,2569,0
STCE.US,D,20230322,000000,20.26,20.26,19.04,19.05,75055,0
STCE.US,D,20230323,000000,18.78,19.5496,18.78,19.1383,5079,0
STCE.US,D,20230324,000000,18.79,18.88,18.5999,18.77,6080,0
STCE.US,D,20230327,000000,19.03,19.03,18.1225,18.3643,2899,0
STCE.US,D,20230328,000000,18.349,18.4921,18.349,18.4921,2465,0
STCE.US,D,20230329,000000,18.95,19.43,18.8861,19.43,5689,0
STCE.US,D,20230330,000000,19.5616,19.5616,19.3876,19.3876,1988,0
STCE.US,D,20230331,000000,19.52,20.07,19.52,20.0685,2081,0
STCE.US,D,20230403,000000,19.99,20.0486,19.57,19.8644,2198,0
STCE.US,D,20230404,000000,20.01,20.01,19.74,19.7427,1355,0
STCE.US,D,20230405,000000,19.79,19.79,19.13,19.2784,3784,0
STCE.US,D,20230406,000000,19.13,19.48,19.13,19.3907,1778,0
STCE.US,D,20230410,000000,19.37,20.207,19.13,20.207,8061,0
STCE.US,D,20230411,000000,20.8602,21.255,20.79,21.0935,4544,0
STCE.US,D,20230412,000000,21.17,21.3,20.87,20.8749,2085,0
STCE.US,D,20230413,000000,21.15,22,21.15,21.8515,1724,0
STCE.US,D,20230414,000000,21.7636,21.8501,21.5,21.8312,5342,0
STCE.US,D,20230417,000000,21.31,21.4655,21.08,21.4655,2991,0
STCE.US,D,20230418,000000,22.0849,22.24,21.7442,21.7442,3516,0
STCE.US,D,20230419,000000,21.16,21.16,20.3401,20.9971,2404,0
STCE.US,D,20230420,000000,20.735,20.74,20.1099,20.1168,2886,0
STCE.US,D,20230421,000000,20.23,20.23,19.82,19.8322,2225,0
STCE.US,D,20230424,000000,19.94,19.94,19.6,19.6284,1301,0
STCE.US,D,20230425,000000,19.4101,19.61,19.371,19.5431,2128,0
STCE.US,D,20230426,000000,20.0401,20.0401,19.594,19.594,432,0
STCE.US,D,20230427,000000,19.6698,20.2098,19.6698,20.2098,720,0
STCE.US,D,20230428,000000,20.18,20.5084,20.18,20.5084,8832,0
STCE.US,D,20230501,000000,20.36,20.36,19.6464,19.6464,3483,0
STCE.US,D,20230502,000000,19.52,19.97,19.43,19.9668,1646,0
STCE.US,D,20230503,000000,19.8,19.88,19.4224,19.4224,3331,0
STCE.US,D,20230504,000000,19.685,19.685,19.53,19.55,776,0
STCE.US,D,20230505,000000,20.38,20.4589,20.38,20.4589,7816,0
STCE.US,D,20230508,000000,20.08,20.08,19.65,19.7717,8398,0
STCE.US,D,20230509,000000,19.84,19.9533,19.701,19.95,1399,0
STCE.US,D,20230510,000000,20.3,20.57,20.205,20.3153,9744,0
STCE.US,D,20230511,000000,20,20,19.3,19.45,9827,0
STCE.US,D,20230512,000000,19.35,19.35,19.0406,19.0406,1615,0
STCE.US,D,20230515,000000,19.39,19.63,19.19,19.6,3182,0
STCE.US,D,20230516,000000,19.32,19.395,19.17,19.17,3046,0
STCE.US,D,20230517,000000,19.17,19.89,19.17,19.89,2266,0
STCE.US,D,20230518,000000,19.568,19.6164,18.96,19.6164,1097,0
STCE.US,D,20230519,000000,19.75,19.75,19.45,19.4659,5919,0
STCE.US,D,20230522,000000,19.47,20.11,19.47,20.086,2919,0
STCE.US,D,20230523,000000,20.2081,20.23,19.6338,19.6338,3153,0
STCE.US,D,20230524,000000,19.1,19.5029,19.1,19.5029,1142,0
STCE.US,D,20230525,000000,19.82,19.82,19.165,19.367,4535,0
STCE.US,D,20230526,000000,19.52,19.8673,19.4598,19.4598,1925,0
STCE.US,D,20230530,000000,20.1,20.54,19.84,20.0799,5446,0
STCE.US,D,20230531,000000,19.75,20.13,19.6,20.1,9587,0
STCE.US,D,20230601,000000,20.06,20.675,19.9899,20.4478,2736,0
STCE.US,D,20230602,000000,20.76,20.82,20.2574,20.581,3268,0
STCE.US,D,20230605,000000,20.2,20.28,19.721,19.759,1781,0
STCE.US,D,20230606,000000,19.29,20.1791,19.29,20.1791,2841,0
STCE.US,D,20230607,000000,20.19,20.33,19.855,19.9077,3400,0
STCE.US,D,20230608,000000,19.84,20.0288,19.84,20.0288,895,0
STCE.US,D,20230609,000000,20.21,20.21,19.74,19.7883,4759,0
STCE.US,D,20230612,000000,19.68,19.7,19.63,19.6331,5204,0
STCE.US,D,20230613,000000,19.91,20.035,19.8301,19.9742,4789,0
STCE.US,D,20230614,000000,20.1,20.24,19.82,20.0368,6673,0
STCE.US,D,20230615,000000,19.79,20.0843,19.79,20.0843,2946,0
STCE.US,D,20230616,000000,20.19,20.4396,19.95,20.34,21850,0
STCE.US,D,20230620,000000,20.5,21.18,20.33,21.18,5249,0
STCE.US,D,20230621,000000,21.49,21.77,21.35,21.47,5912,0
STCE.US,D,20230622,000000,21.42,21.42,20.8589,21.22,2528,0
STCE.US,D,20230623,000000,20.85,21.5074,20.85,21.34,4397,0
STCE.US,D,20230626,000000,21.26,21.5374,20.69,20.69,9189,0
STCE.US,D,20230627,000000,21.109,21.695,21.109,21.66,5533,0
STCE.US,D,20230628,000000,21.48,22.08,21.48,21.8,5837,0
STCE.US,D,20230629,000000,22.07,22.43,22.03,22.22,5144,0
STCE.US,D,20230630,000000,22.63,22.63,22.0397,22.3988,4125,0
STCE.US,D,20230703,000000,22.41,23.6,22.41,23.5037,4974,0
STCE.US,D,20230705,000000,23.2,23.8,23.01,23.625,5655,0
STCE.US,D,20230706,000000,23.57,23.57,22.76,23.2072,4262,0
STCE.US,D,20230707,000000,23.17,24.2968,23.17,23.8984,3656,0
STCE.US,D,20230710,000000,23.9564,24.79,23.8001,24.79,5144,0
STCE.US,D,20230711,000000,24.79,25.445,24.79,25.4388,6545,0
STCE.US,D,20230712,000000,25.93,26.0199,25.41,25.48,13884,0
STCE.US,D,20230713,000000,25.75,27.78,25.744,27.7306,19026,0
STCE.US,D,20230714,000000,27.54,28.1,26.66,26.94,13936,0
STCE.US,D,20230717,000000,26.99,27.4601,26.7908,26.7908,4826,0
STCE.US,D,20230718,000000,26.61,27.07,26.5885,26.8304,11318,0
STCE.US,D,20230719,000000,27.1,27.38,26.95,27.3737,8452,0
STCE.US,D,20230720,000000,27.31,27.31,26.56,26.59,7287,0
STCE.US,D,20230721,000000,26.81,26.81,26.43,26.5,2566,0
STCE.US,D,20230724,000000,26.2,26.375,26.0968,26.25,2695,0
STCE.US,D,20230725,000000,26.6001,26.81,26.2084,26.2084,4748,0
STCE.US,D,20230726,000000,26.28,26.78,26.28,26.6599,3590,0
STCE.US,D,20230727,000000,27.24,27.24,25.89,25.89,3682,0
STCE.US,D,20230728,000000,26.28,26.58,26.28,26.4864,4057,0
STCE.US,D,20230731,000000,26.78,27.18,26.78,27.0565,5671,0
STCE.US,D,20230801,000000,26.67,26.67,25.9332,26.4629,6884,0
STCE.US,D,20230802,000000,26.19,26.46,25.57,25.8221,7750,0
STCE.US,D,20230803,000000,25.48,25.74,25.39,25.5504,2762,0
STCE.US,D,20230804,000000,25.66,25.66,24.8158,24.8158,5785,0
STCE.US,D,20230807,000000,24.97,24.97,24.1504,24.5835,4115,0
STCE.US,D,20230808,000000,24.67,24.955,24.36,24.8405,4109,0
STCE.US,D,20230809,000000,24.25,24.3,24.0763,24.0763,1996,0
STCE.US,D,20230810,000000,24.27,24.27,23.8292,23.8292,3685,0
STCE.US,D,20230811,000000,23.69,24.14,23.69,23.9084,2355,0
STCE.US,D,20230814,000000,23.69,23.8106,23.2,23.7044,10564,0
STCE.US,D,20230815,000000,23.59,23.59,22.9359,22.9359,6473,0
STCE.US,D,20230816,000000,22.9,22.9,22.5199,22.6326,4379,0
STCE.US,D,20230817,000000,22.54,22.54,21.769,21.769,6251,0
STCE.US,D,20230818,000000,21.09,21.501,21.09,21.3978,7210,0
STCE.US,D,20230821,000000,21.48,21.48,21.02,21.37,3651,0
STCE.US,D,20230822,000000,21.55,21.55,21.0333,21.0333,3061,0
STCE.US,D,20230823,000000,21.07,21.72,21.07,21.6625,3000,0
STCE.US,D,20230824,000000,21.36,21.36,20.9044,20.9044,3936,0
STCE.US,D,20230825,000000,20.8572,21,20.6399,20.958,4462,0
STCE.US,D,20230828,000000,21.15,21.19,21.06,21.0811,1249,0
STCE.US,D,20230829,000000,21.09,22.8,21.09,22.7937,4552,0
STCE.US,D,20230830,000000,22.59,22.695,22.41,22.6758,6378,0
STCE.US,D,20230831,000000,22.67,22.67,22.0997,22.0997,2401,0
STCE.US,D,20230901,000000,22.24,22.24,21.933,21.9577,4511,0
STCE.US,D,20230905,000000,21.88,21.88,21.76,21.8085,2919,0
STCE.US,D,20230906,000000,21.7,21.7138,21.6215,21.6215,839,0
STCE.US,D,20230907,000000,21.34,21.73,21.15,21.7013,2912,0
STCE.US,D,20230908,000000,21.59,21.59,21.17,21.2844,4865,0
STCE.US,D,20230911,000000,21.29,21.3838,20.9519,20.9829,2002,0
STCE.US,D,20230912,000000,21.23,21.69,21.15,21.1694,7079,0
STCE.US,D,20230913,000000,20.98,20.997,20.9446,20.9446,1547,0
STCE.US,D,20230914,000000,21.4003,21.42,21.3676,21.3676,1254,0
STCE.US,D,20230915,000000,21.26,21.26,21.077,21.077,1031,0
STCE.US,D,20230918,000000,21.37,21.37,21.03,21.0345,4208,0
STCE.US,D,20230919,000000,21.03,21.03,20.6839,20.6839,1331,0
STCE.US,D,20230920,000000,20.73,20.8,20.2849,20.2849,7439,0
STCE.US,D,20230921,000000,19.86,19.86,19.6582,19.753,3440,0
STCE.US,D,20230922,000000,19.82,19.82,19.34,19.3589,3175,0
STCE.US,D,20230925,000000,19.17,19.48,19.17,19.4445,5344,0
STCE.US,D,20230926,000000,19.22,19.49,19.0658,19.0745,1565,0
STCE.US,D,20230927,000000,19.31,19.31,18.92,19.0696,3386,0
STCE.US,D,20230928,000000,19.03,19.845,19.03,19.5112,2551,0
STCE.US,D,20230929,000000,19.64,19.64,19.37,19.382,4472,0
STCE.US,D,20231002,000000,19.9,19.9,19.345,19.4098,6302,0
STCE.US,D,20231003,000000,19.19,19.19,18.4199,18.4451,2762,0
STCE.US,D,20231004,000000,18.49,18.82,18.33,18.8199,2466,0
STCE.US,D,20231005,000000,19,19.11,18.8097,19.0186,2839,0
STCE.US,D,20231006,000000,18.79,19.7919,18.79,19.7723,6522,0
STCE.US,D,20231009,000000,19.55,19.8424,19.29,19.8421,1970,0
STCE.US,D,20231010,000000,20,20.36,20,20.0231,4305,0
STCE.US,D,20231011,000000,19.93,19.93,19.4962,19.6683,2183,0
STCE.US,D,20231012,000000,19.42,19.53,19.203,19.203,2408,0
STCE.US,D,20231013,000000,19.24,19.24,18.795,18.8624,4275,0
STCE.US,D,20231016,000000,19.53,19.76,19.3,19.5275,7268,0
STCE.US,D,20231017,000000,19.24,20.02,19.24,19.8374,3833,0
STCE.US,D,20231018,000000,19.64,19.8,19.0434,19.11,2961,0
STCE.US,D,20231019,000000,19.18,19.3401,18.98,18.98,2686,0
STCE.US,D,20231020,000000,19.2,19.39,18.9891,18.9891,3786,0
STCE.US,D,20231023,000000,19.21,20.1,19.21,19.73,8748,0
STCE.US,D,20231024,000000,20.9,21.38,20.58,20.76,10838,0
STCE.US,D,20231025,000000,20.66,20.66,20.241,20.2981,3154,0
STCE.US,D,20231026,000000,20.21,20.4662,19.7738,19.9,3652,0
STCE.US,D,20231027,000000,20.13,20.13,19.5068,19.5068,2108,0
STCE.US,D,20231030,000000,19.94,20.01,19.6599,19.7119,9010,0
STCE.US,D,20231031,000000,19.75,20.0047,19.7499,20.0047,1608,0
STCE.US,D,20231101,000000,20.1284,20.2199,19.945,20.209,2761,0
STCE.US,D,20231102,000000,20.7,21.39,20.68,21.39,5544,0
STCE.US,D,20231103,000000,21.5,21.89,21.4999,21.585,2344,0
STCE.US,D,20231106,000000,21.81,21.81,21.165,21.3761,4029,0
STCE.US,D,20231107,000000,21.24,21.5724,21.1478,21.5724,2581,0
STCE.US,D,20231108,000000,21.43,21.43,20.999,21.1,4706,0
STCE.US,D,20231109,000000,21.82,22.4299,21.19,21.22,8021,0
STCE.US,D,20231110,000000,21.42,21.42,21.225,21.3927,2254,0
STCE.US,D,20231113,000000,21.18,21.2876,20.75,21.11,3284,0
STCE.US,D,20231114,000000,21.45,21.5001,21.055,21.23,3210,0
STCE.US,D,20231115,000000,21.45,22.24,21.4499,22.12,8202,0
STCE.US,D,20231116,000000,21.74,21.84,21.2297,21.39,4865,0
STCE.US,D,20231117,000000,21.53,21.75,21.465,21.69,7799,0
STCE.US,D,20231120,000000,21.86,22.42,21.86,22.36,5431,0
STCE.US,D,20231121,000000,21.8999,22.16,21.8238,22.045,7359,0
STCE.US,D,20231122,000000,22.11,22.5752,22.03,22.5752,3430,0
STCE.US,D,20231124,000000,22.65,23.15,22.55,23.0775,7935,0
STCE.US,D,20231127,000000,22.71,23.32,22.71,23.0491,10539,0
STCE.US,D,20231128,000000,23.35,24.15,23.27,24.15,7799,0
STCE.US,D,20231129,000000,24.32,24.56,24.08,24.3153,8136,0
STCE.US,D,20231130,000000,24.32,24.43,23.855,23.9036,7331,0
STCE.US,D,20231201,000000,24.01,25.7113,23.93,25.7113,9358,0
STCE.US,D,20231204,000000,27,27.3345,26.2,26.7972,22264,0
STCE.US,D,20231205,000000,26.76,27.83,26.72,27.1868,22770,0
STCE.US,D,20231206,000000,27.52,27.61,26.8782,26.9222,12051,0
STCE.US,D,20231207,000000,26.39,27.1923,26.34,27.01,17569,0
STCE.US,D,20231208,000000,27,28.56,27,28.56,44529,0
STCE.US,D,20231211,000000,27.34,27.51,26.54,26.75,18470,0
STCE.US,D,20231212,000000,27.02,27.0896,26.75,26.94,6428,0
STCE.US,D,20231213,000000,27.0099,28.7401,26.73,28.7401,8278,0
STCE.US,D,20231214,000000,29,29.77,28.91,29.5691,18913,0
STCE.US,D,20231215,000000,29.25,29.43,28.965,29.332,6749,0
STCE.US,D,20231218,000000,28.94,30.17,28.91,30.04,13148,0
STCE.US,D,20231219,000000,30.43,31.36,30.2,30.7643,16596,0
STCE.US,D,20231220,000000,31.63,32.0827,30.4957,30.4957,27992,0
STCE.US,D,20231221,000000,31.29,31.8396,30.66,31.7744,13555,0
STCE.US,D,20231222,000000,31.95,33.27,31.7235,32.82,24821,0
STCE.US,D,20231226,000000,32.47,32.9739,32.03,32.9739,28649,0
STCE.US,D,20231227,000000,33.56,35.38,33.12,35.245,28833,0
STCE.US,D,20231228,000000,34.43,34.9459,33.98,34.2672,21247,0
STCE.US,D,20231229,000000,34.69,34.72,31.5199,31.7685,28492,0
STCE.US,D,20240102,000000,33.43,33.81,31.05,31.25,32691,0
STCE.US,D,20240103,000000,29.49,30.75,29.17,30.34,22380,0
STCE.US,D,20240104,000000,30.66,31.4999,30.2,31.157,11123,0
STCE.US,D,20240105,000000,30.8,30.8,29.885,30.17,12489,0
STCE.US,D,20240108,000000,30.55,31.32,29.22,31.18,16940,0
STCE.US,D,20240109,000000,30.84,31.135,30.58,30.64,17994,0
STCE.US,D,20240110,000000,30.14,31.24,29.61,30.43,17055,0
STCE.US,D,20240111,000000,31.62,32,28.38,28.8662,60426,0
STCE.US,D,20240112,000000,28.48,28.48,27.14,27.16,31725,0
STCE.US,D,20240116,000000,26.82,27.035,26.24,26.4267,26849,0
STCE.US,D,20240117,000000,26.08,26.2049,25.855,26.2049,14719,0
STCE.US,D,20240118,000000,26.28,26.429,25.2911,25.38,14069,0
STCE.US,D,20240119,000000,25.5,25.61,24.636,25.61,13346,0
STCE.US,D,20240122,000000,25.52,26.4799,25.5,25.9596,18359,0
STCE.US,D,20240123,000000,25.46,25.8,25.46,25.57,10642,0
STCE.US,D,20240124,000000,26.02,26.05,25.26,25.2691,12967,0
STCE.US,D,20240125,000000,25.47,25.579,25.2599,25.5196,9386,0
STCE.US,D,20240126,000000,26.07,26.79,26.01,26.58,22216,0
STCE.US,D,20240129,000000,26.84,28.02,26.66,27.54,32482,0
STCE.US,D,20240130,000000,27.54,27.7176,27.01,27.09,11942,0
STCE.US,D,20240131,000000,26.59,27.1901,26.352,26.352,6504,0
STCE.US,D,20240201,000000,26.46,26.895,25.9523,26.7354,6975,0
STCE.US,D,20240202,000000,26.45,26.89,26.41,26.6978,10261,0
STCE.US,D,20240205,000000,26.66,26.66,25.6773,25.71,9296,0
STCE.US,D,20240206,000000,25.63,26.22,25.4518,26.22,9462,0
STCE.US,D,20240207,000000,26.28,26.72,25.69,26.6911,5235,0
STCE.US,D,20240208,000000,27.38,28.4984,26.7,28.4984,16055,0
STCE.US,D,20240209,000000,30.1,31.16,29.71,30.95,36913,0
STCE.US,D,20240212,000000,31.07,33.3089,31.07,33.07,23957,0
STCE.US,D,20240213,000000,31.12,32.25,30.7874,31.99,22628,0
STCE.US,D,20240214,000000,34.37,34.85,33.41,34.7841,21733,0
STCE.US,D,20240215,000000,35.35,35.91,33.89,34.18,17248,0
STCE.US,D,20240216,000000,34.74,35.1,33.975,34.46,17361,0
STCE.US,D,20240220,000000,34.5,34.5,32.27,33.3159,16886,0
STCE.US,D,20240221,000000,32.16,32.63,31.75,31.9215,15105,0
STCE.US,D,20240222,000000,32.52,33.5982,32.33,33.34,14428,0
STCE.US,D,20240223,000000,33.12,33.35,32.54,33.02,10909,0
STCE.US,D,20240226,000000,33.06,36.91,33.06,36.52,26515,0
STCE.US,D,20240227,000000,38.76,40,36.975,37.54,25243,0
STCE.US,D,20240228,000000,38.68,38.86,36.65,36.83,30097,0
STCE.US,D,20240229,000000,37.7,37.7,34.925,35.7898,23283,0
STCE.US,D,20240301,000000,35.96,36.7017,34.77,36.7017,17923,0
STCE.US,D,20240304,000000,38.1,38.73,36.7601,37.26,37008,0
STCE.US,D,20240305,000000,36.93,37.21,34.5254,34.5254,26452,0
STCE.US,D,20240306,000000,36.09,36.9919,35.2785,36.39,27304,0
STCE.US,D,20240307,000000,36.6,36.94,35.86,36.86,38146,0
STCE.US,D,20240308,000000,37.17,39.71,37.1,38.68,31508,0
STCE.US,D,20240311,000000,39.92,39.92,37.05,37.21,62829,0
STCE.US,D,20240312,000000,37.59,37.61,36.3,37.46,35999,0
STCE.US,D,20240313,000000,37.73,38.97,37.41,38.37,36280,0
STCE.US,D,20240314,000000,37.89,38.03,35.744,36.79,29534,0
STCE.US,D,20240315,000000,35.71,38.1142,35.71,37.96,19266,0
STCE.US,D,20240318,000000,37.64,37.98,36.5855,37.13,17017,0
STCE.US,D,20240319,000000,35.67,36.45,34.48,36.33,40052,0
STCE.US,D,20240320,000000,36.37,38.93,35.95,38.9218,13549,0
STCE.US,D,20240321,000000,39.34,40.2,38.78,39.47,27378,0
STCE.US,D,20240322,000000,38.78,38.9,38.02,38.15,18647,0
STCE.US,D,20240325,000000,38.97,41.12,38.9,40.98,30131,0
STCE.US,D,20240326,000000,41.21,41.39,40.3,40.72,14064,0
STCE.US,D,20240327,000000,41.59,41.64,40.2201,40.8772,23921,0
STCE.US,D,20240328,000000,41.33,41.82,40.05,40.14,21660,0
STCE.US,D,20240401,000000,39.95,39.95,38.34,38.7173,39683,0
STCE.US,D,20240402,000000,38.3,39.49,36.4601,37.3112,16055,0
STCE.US,D,20240403,000000,37.13,38.16,37.13,37.5117,10010,0
STCE.US,D,20240404,000000,38.25,38.58,36.83,36.9,13487,0
STCE.US,D,20240405,000000,36.25,37.245,36,36,31256,0
STCE.US,D,20240408,000000,37.45,37.71,36.26,36.6377,18090,0
STCE.US,D,20240409,000000,36.37,36.39,35.46,35.91,13198,0
STCE.US,D,20240410,000000,35,36.15,34.9,36.1057,13006,0
STCE.US,D,20240411,000000,36.21,36.5118,35.6,36.5118,18461,0
STCE.US,D,20240412,000000,36.07,36.15,34.6238,34.95,12930,0
STCE.US,D,20240415,000000,35.1,35.1678,33.22,33.25,17729,0
STCE.US,D,20240416,000000,32.92,32.92,32.14,32.55,14848,0
STCE.US,D,20240417,000000,32.89,32.89,31.7499,32.3,10870,0
STCE.US,D,20240418,000000,32.53,33.445,32.24,32.85,6732,0
STCE.US,D,20240419,000000,33.18,33.4609,32.81,33.03,13822,0
STCE.US,D,20240422,000000,33.83,35.21,33.62,35.21,12350,0
STCE.US,D,20240423,000000,34.99,36.5799,34.99,36.18,9878,0
STCE.US,D,20240424,000000,36.21,36.55,35.42,35.44,24224,0
STCE.US,D,20240425,000000,34.39,35.1408,32.53,35.08,18861,0
STCE.US,D,20240426,000000,35.01,35.68,34.87,35.6554,12454,0
STCE.US,D,20240429,000000,35.1,35.1,34.4,34.6424,11333,0
STCE.US,D,20240430,000000,33.81,33.96,32.42,32.4228,9272,0
STCE.US,D,20240501,000000,31.86,33.21,31.5004,32.15,14429,0
STCE.US,D,20240502,000000,32.78,33.45,32.22,33.45,10282,0
STCE.US,D,20240503,000000,34.34,34.671,33.98,34.2529,7288,0
STCE.US,D,20240506,000000,34.87,35.74,34.87,35.48,32097,0
STCE.US,D,20240507,000000,35.2,35.23,34.21,34.32,11334,0
STCE.US,D,20240508,000000,33.7,34.1804,33.46,34.122,5287,0
STCE.US,D,20240509,000000,34.02,34.542,33.88,34.4693,4455,0
STCE.US,D,20240510,000000,34.9,34.9,33.1307,33.1307,5313,0
STCE.US,D,20240513,000000,34,34.73,33.1401,34.19,21284,0
STCE.US,D,20240514,000000,36.01,36.32,35,35.5455,13497,0
STCE.US,D,20240515,000000,36.26,37.15,35.3,37.1,7771,0
STCE.US,D,20240516,000000,36.58,36.6,35.71,35.7117,8751,0
STCE.US,D,20240517,000000,36.14,36.5899,35.68,36.0731,11279,0
STCE.US,D,20240520,000000,36.25,37.97,35.91,37.91,9551,0
STCE.US,D,20240521,000000,37.87,38.08,37.3049,37.4231,26275,0
STCE.US,D,20240522,000000,37.44,38.2585,37.16,37.3363,6887,0
STCE.US,D,20240523,000000,37.69,37.69,35.78,35.97,13872,0
STCE.US,D,20240524,000000,36.13,37.52,36.13,37.52,21077,0
STCE.US,D,20240528,000000,37.6,38.2648,37.115,37.7162,10444,0
STCE.US,D,20240529,000000,37.13,37.315,36.85,36.8597,7188,0
STCE.US,D,20240530,000000,37.26,37.8,36.44,36.59,8719,0
STCE.US,D,20240531,000000,37.09,37.09,35.25,36.23,5799,0
STCE.US,D,20240603,000000,37.76,37.99,36.855,37.1,7079,0
STCE.US,D,20240604,000000,36.93,38.0882,36.93,37.5648,8361,0
STCE.US,D,20240605,000000,37.96,38.55,37.5446,38.54,12530,0
STCE.US,D,20240606,000000,38.53,39.51,38.38,39.2504,13629,0
STCE.US,D,20240607,000000,39.26,39.65,37.5,37.5,14568,0
STCE.US,D,20240610,000000,37.46,38.05,37.46,37.7852,16987,0
STCE.US,D,20240611,000000,37.05,37.84,36.11,37.8244,7314,0
STCE.US,D,20240612,000000,38.7,39.6,38.691,38.691,14120,0
STCE.US,D,20240613,000000,38.66,39.1,38.1,38.64,9149,0
STCE.US,D,20240614,000000,38.74,38.94,37.88,38.37,13263,0
STCE.US,D,20240617,000000,38.08,39.1,37.43,38.68,10263,0
STCE.US,D,20240618,000000,37.96,38.6,37.8,38.38,12768,0
STCE.US,D,20240620,000000,38.8,39.228,37.94,38.59,158959,0
STCE.US,D,20240621,000000,37.61,37.61,36.9901,37.3588,170654,0
