<TICKER>,<PER>,<DATE>,<TIME>,<OPEN>,<HIGH>,<LOW>,<CLOSE>,<VOL>,<OPENINT>
STXG.US,D,20221111,000000,28.73,28.73,26.122,26.4314,4795,0
STXG.US,D,20221114,000000,26.38,26.38,26.1671,26.1671,1392,0
STXG.US,D,20221115,000000,26.45,26.45,26.45,26.45,127,0
STXG.US,D,20221116,000000,26.41,26.41,26.2295,26.2343,3494,0
STXG.US,D,20221117,000000,25.97,26.08,25.89,26.0652,3436,0
STXG.US,D,20221118,000000,26.26,26.26,26.03,26.1622,6208,0
STXG.US,D,20221121,000000,26.03,26.06,25.9793,26.03,2841,0
STXG.US,D,20221122,000000,26,26.3416,26,26.3416,423,0
STXG.US,D,20221123,000000,26.5634,26.5634,26.5634,26.5634,69,0
STXG.US,D,20221125,000000,26.53,26.57,26.53,26.5356,1399,0
STXG.US,D,20221128,000000,26.38,26.38,26.1344,26.1348,7833,0
STXG.US,D,20221129,000000,26,26.04,25.8967,26.018,18282,0
STXG.US,D,20221130,000000,26.08,26.954,25.98,26.954,2870,0
STXG.US,D,20221201,000000,27.15,27.15,26.95,27.0454,9219,0
STXG.US,D,20221202,000000,26.75,27.0098,26.75,27.0098,734,0
STXG.US,D,20221205,000000,26.645,26.645,26.47,26.5151,1648,0
STXG.US,D,20221206,000000,26.18,26.18,25.9999,26.0554,1368,0
STXG.US,D,20221207,000000,25.99,26.0599,25.989,26.007,1009,0
STXG.US,D,20221208,000000,26.25,26.3236,26.14,26.27,12359,0
STXG.US,D,20221209,000000,26.26,26.37,26.0925,26.0925,17491,0
STXG.US,D,20221212,000000,26.2699,26.4363,26.2697,26.4363,550,0
STXG.US,D,20221213,000000,26.51,26.7,26.51,26.6969,3655,0
STXG.US,D,20221214,000000,26.8743,26.8743,26.47,26.5654,3734,0
STXG.US,D,20221215,000000,26.26,26.26,25.729,25.7766,2675,0
STXG.US,D,20221216,000000,25.4,25.5004,25.36,25.5004,3312,0
STXG.US,D,20221219,000000,25.3487,25.3487,25.1,25.175,621,0
STXG.US,D,20221220,000000,25,25.255,25,25.1787,4637,0
STXG.US,D,20221221,000000,25.5574,25.5701,25.55,25.56,3339,0
STXG.US,D,20221222,000000,25.04,25.1362,24.9829,25.1362,1404,0
STXG.US,D,20221223,000000,25.12,25.24,24.9465,25.2262,2221,0
STXG.US,D,20221227,000000,25.25,25.25,25,25.0258,431,0
STXG.US,D,20221228,000000,25.17,25.17,24.7457,24.7457,1362,0
STXG.US,D,20221229,000000,25.2233,25.2233,25.2233,25.2233,22,0
STXG.US,D,20221230,000000,24.95,25.1372,24.8999,25.1372,1117,0
STXG.US,D,20230103,000000,24.88,25.028,24.88,25.028,1279,0
STXG.US,D,20230104,000000,25.03,25.1548,25.03,25.1548,6633,0
STXG.US,D,20230105,000000,25.13,25.13,24.7658,24.7658,935,0
STXG.US,D,20230106,000000,25.01,25.3121,24.75,25.3121,6766,0
STXG.US,D,20230109,000000,25.56,25.81,25.3987,25.3987,7506,0
STXG.US,D,20230110,000000,25.43,25.5874,25.4181,25.5874,6825,0
STXG.US,D,20230111,000000,25.92,26.02,25.92,26.0078,2205,0
STXG.US,D,20230112,000000,25.9902,26.17,25.9902,26.1179,3132,0
STXG.US,D,20230113,000000,25.98,26.25,25.9799,26.2412,2702,0
STXG.US,D,20230117,000000,26.29,26.33,26.24,26.2443,6415,0
STXG.US,D,20230118,000000,26.34,26.34,25.8904,25.8904,5928,0
STXG.US,D,20230119,000000,25.81,25.81,25.6704,25.6704,3559,0
STXG.US,D,20230120,000000,25.77,26.2304,25.7476,26.2304,3479,0
STXG.US,D,20230123,000000,26.38,26.67,26.38,26.6283,4935,0
STXG.US,D,20230124,000000,26.53,26.587,26.53,26.587,2780,0
STXG.US,D,20230125,000000,26.3,26.52,26.05,26.5149,6871,0
STXG.US,D,20230126,000000,26.8509,26.8509,26.8509,26.8509,82,0
STXG.US,D,20230127,000000,26.9699,27.06,26.9699,27.0215,1501,0
STXG.US,D,20230130,000000,26.91,26.91,26.6067,26.6067,4207,0
STXG.US,D,20230131,000000,26.835,27.0316,26.795,27.0316,5266,0
STXG.US,D,20230201,000000,26.99,27.62,26.9899,27.49,8373,0
STXG.US,D,20230202,000000,27.9,28.15,27.875,28.12,4514,0
STXG.US,D,20230203,000000,27.6,28.06,27.6,27.7434,3779,0
STXG.US,D,20230206,000000,27.62,27.62,27.4757,27.5245,11956,0
STXG.US,D,20230207,000000,27.57,28.04,27.4854,27.9557,4884,0
STXG.US,D,20230208,000000,27.9,27.9,27.6,27.601,4638,0
STXG.US,D,20230209,000000,27.86,27.86,27.3,27.3388,2053,0
STXG.US,D,20230210,000000,27.24,27.28,27.2,27.2781,10127,0
STXG.US,D,20230213,000000,27.3421,27.6273,27.34,27.6123,4717,0
STXG.US,D,20230214,000000,27.45,27.712,27.44,27.7027,5559,0
STXG.US,D,20230215,000000,27.64,27.8536,27.5996,27.8536,1242,0
STXG.US,D,20230216,000000,27.55,27.77,27.4235,27.4235,4435,0
STXG.US,D,20230217,000000,27.2209,27.33,27.2209,27.33,3392,0
STXG.US,D,20230221,000000,27.07,27.07,26.7276,26.7276,7377,0
STXG.US,D,20230222,000000,26.7701,26.85,26.6523,26.7042,43770,0
STXG.US,D,20230223,000000,26.935,26.935,26.63,26.9067,7281,0
STXG.US,D,20230224,000000,26.5,26.56,26.4,26.5112,5815,0
STXG.US,D,20230227,000000,26.74,26.75,26.59,26.6191,6356,0
STXG.US,D,20230228,000000,26.64,26.76,26.6,26.61,16842,0
STXG.US,D,20230301,000000,26.4,26.44,26.39,26.415,2633,0
STXG.US,D,20230302,000000,26.37,26.6432,26.37,26.6432,1209,0
STXG.US,D,20230303,000000,26.96,27.145,26.96,27.1376,849,0
STXG.US,D,20230306,000000,27.2292,27.25,27.2,27.2,18910,0
STXG.US,D,20230307,000000,27.21,27.21,26.7915,26.7915,3578,0
STXG.US,D,20230308,000000,26.88,26.9212,26.83,26.8645,1366,0
STXG.US,D,20230309,000000,26.9879,26.9879,26.42,26.42,9924,0
STXG.US,D,20230310,000000,26.36,26.36,25.9614,25.9614,2118,0
STXG.US,D,20230313,000000,25.86,26.2383,25.86,26.0722,1361,0
STXG.US,D,20230314,000000,26.6,26.6,26.3547,26.5687,4716,0
STXG.US,D,20230315,000000,26.29,26.54,26.19,26.54,2328,0
STXG.US,D,20230316,000000,26.51,27.0588,26.47,27.0588,2917,0
STXG.US,D,20230317,000000,26.8599,26.8599,26.82,26.85,3265,0
STXG.US,D,20230320,000000,26.93,27.015,26.859,27.015,4710,0
STXG.US,D,20230321,000000,27.28,27.39,27.16,27.3579,2794,0
STXG.US,D,20230322,000000,27.44,27.44,27.0252,27.0252,1299,0
STXG.US,D,20230323,000000,27.35,27.35,27.1645,27.1645,1298,0
STXG.US,D,20230324,000000,27.16,27.26,27.13,27.2399,2225,0
STXG.US,D,20230327,000000,27.42,27.42,27.182,27.22,1767,0
STXG.US,D,20230328,000000,27.18,27.19,27,27.12,9425,0
STXG.US,D,20230329,000000,27.41,27.49,27.3599,27.46,7429,0
STXG.US,D,20230330,000000,27.66,27.66,27.5499,27.64,4900,0
STXG.US,D,20230331,000000,27.82,28.12,27.8129,28.12,6237,0
STXG.US,D,20230403,000000,28.08,28.15,27.975,28.12,7993,0
STXG.US,D,20230404,000000,28.27,28.27,27.97,28,4473,0
STXG.US,D,20230405,000000,28.05,28.05,27.78,27.8285,381,0
STXG.US,D,20230406,000000,27.72,27.9635,27.7057,27.9635,1946,0
STXG.US,D,20230410,000000,27.84,27.98,27.74,27.98,6719,0
STXG.US,D,20230411,000000,27.95,27.95,27.89,27.92,1415,0
STXG.US,D,20230412,000000,28.16,28.16,27.7781,27.7781,10114,0
STXG.US,D,20230413,000000,28.08,28.28,28.08,28.2398,9969,0
STXG.US,D,20230414,000000,28.0335,28.17,27.96,28.152,2751,0
STXG.US,D,20230417,000000,28.2,28.23,28.04,28.2164,2032,0
STXG.US,D,20230418,000000,28.2887,28.2887,28.21,28.245,8309,0
STXG.US,D,20230419,000000,28.15,28.31,28.15,28.2416,6162,0
STXG.US,D,20230420,000000,28.08,28.28,28.0469,28.0854,2599,0
STXG.US,D,20230421,000000,28.13,28.1533,28.1202,28.1533,3361,0
STXG.US,D,20230424,000000,28.08,28.24,28.01,28.1244,3700,0
STXG.US,D,20230425,000000,28.03,28.03,27.66,27.66,8757,0
STXG.US,D,20230426,000000,27.6947,27.83,27.65,27.65,3651,0
STXG.US,D,20230427,000000,27.87,28.21,27.81,28.1897,5830,0
STXG.US,D,20230428,000000,28.08,28.4,28.08,28.4,3633,0
STXG.US,D,20230501,000000,28.45,28.53,28.4136,28.4359,8034,0
STXG.US,D,20230502,000000,28.44,28.44,28,28.1885,4578,0
STXG.US,D,20230503,000000,28.27,28.36,28.04,28.04,7601,0
STXG.US,D,20230504,000000,28.06,28.06,27.86,27.8903,1928,0
STXG.US,D,20230505,000000,28.205,28.475,28.205,28.3921,9053,0
STXG.US,D,20230508,000000,28.49,28.49,28.3762,28.4463,9683,0
STXG.US,D,20230509,000000,28.346,28.39,28.3174,28.3174,2405,0
STXG.US,D,20230510,000000,28.43,28.61,28.3295,28.5502,3950,0
STXG.US,D,20230511,000000,28.47,28.59,28.47,28.5665,3387,0
STXG.US,D,20230512,000000,28.5,28.53,28.39,28.53,4079,0
STXG.US,D,20230515,000000,28.63,28.63,28.5368,28.5858,7864,0
STXG.US,D,20230516,000000,28.58,28.6163,28.4977,28.4977,2475,0
STXG.US,D,20230517,000000,28.68,28.8109,28.6163,28.8007,12499,0
STXG.US,D,20230518,000000,28.86,29.1675,28.86,29.1675,3241,0
STXG.US,D,20230519,000000,29.24,29.24,29.08,29.1,5144,0
STXG.US,D,20230522,000000,29.21,29.23,29.105,29.1379,19420,0
STXG.US,D,20230523,000000,29.09,29.09,28.7474,28.7474,13076,0
STXG.US,D,20230524,000000,28.56,28.62,28.49,28.5552,2872,0
STXG.US,D,20230525,000000,28.795,28.9581,28.795,28.9581,3115,0
STXG.US,D,20230526,000000,29.11,29.48,29.11,29.45,1115,0
STXG.US,D,20230530,000000,29.76,29.76,29.4299,29.4697,14217,0
STXG.US,D,20230531,000000,29.45,29.45,29.26,29.3471,33863,0
STXG.US,D,20230601,000000,29.39,29.72,29.313,29.67,7600,0
STXG.US,D,20230602,000000,29.9678,30.0699,29.89,30.04,242347,0
STXG.US,D,20230605,000000,30.08,30.17,30,30.0026,9997,0
STXG.US,D,20230606,000000,29.91,30.05,29.91,30.0465,13403,0
STXG.US,D,20230607,000000,30.12,30.15,29.7217,29.7217,6953,0
STXG.US,D,20230608,000000,29.77,29.97,29.77,29.9647,24967,0
STXG.US,D,20230609,000000,30.15,30.1566,29.988,30.0159,5729,0
STXG.US,D,20230612,000000,30.19,30.3713,30.1097,30.3713,14251,0
STXG.US,D,20230613,000000,30.5496,30.62,30.485,30.5834,9212,0
STXG.US,D,20230614,000000,30.65,30.7455,30.4805,30.6697,6890,0
STXG.US,D,20230615,000000,30.68,31.16,30.6187,31.11,12230,0
STXG.US,D,20230616,000000,31.37,31.37,30.95,30.95,3787,0
STXG.US,D,20230620,000000,30.81,30.935,30.71,30.8943,30419,0
STXG.US,D,20230621,000000,30.87,30.87,30.57,30.64,33619,0
STXG.US,D,20230622,000000,30.63,30.87,30.5687,30.8459,10655,0
STXG.US,D,20230623,000000,30.67,30.75,30.6,30.604,14595,0
STXG.US,D,20230626,000000,30.5458,30.58,30.3731,30.3731,3113,0
STXG.US,D,20230627,000000,30.58,30.81,30.54,30.7679,4490,0
STXG.US,D,20230628,000000,30.73,30.874,30.67,30.7325,7417,0
STXG.US,D,20230629,000000,30.83,30.87,30.7657,30.86,12083,0
STXG.US,D,20230630,000000,31.15,31.3,31.139,31.3,5321,0
STXG.US,D,20230703,000000,31.34,31.34,31.2188,31.33,7799,0
STXG.US,D,20230705,000000,31.2,31.27,31.08,31.2319,7802,0
STXG.US,D,20230706,000000,31.01,31.0145,30.795,31.0145,9959,0
STXG.US,D,20230707,000000,30.9645,31.18,30.8825,30.8825,6974,0
STXG.US,D,20230710,000000,30.9,30.97,30.88,30.97,8484,0
STXG.US,D,20230711,000000,31.09,31.14,31,31.1263,4498,0
STXG.US,D,20230712,000000,31.4191,31.49,31.4028,31.41,4402,0
STXG.US,D,20230713,000000,31.6086,31.78,31.595,31.75,7023,0
STXG.US,D,20230714,000000,31.89,31.93,31.786,31.786,3942,0
STXG.US,D,20230717,000000,31.9,32,31.8493,32,6225,0
STXG.US,D,20230718,000000,32.06,32.26,31.949,32.23,7642,0
STXG.US,D,20230719,000000,32.39,32.39,32.1799,32.24,3727,0
STXG.US,D,20230720,000000,32.16,32.17,31.8,31.8194,17976,0
STXG.US,D,20230721,000000,31.97,31.97,31.8277,31.8277,13989,0
STXG.US,D,20230724,000000,31.97,31.97,31.8399,31.8913,24029,0
STXG.US,D,20230725,000000,32,32.15,31.97,32.0588,4864,0
STXG.US,D,20230726,000000,32,32.068,31.88,32.01,13519,0
STXG.US,D,20230727,000000,32.37,32.37,31.7,31.7662,14956,0
STXG.US,D,20230728,000000,32.09,32.19,32.04,32.1459,5488,0
STXG.US,D,20230731,000000,32.26,32.26,32.11,32.1745,7999,0
STXG.US,D,20230801,000000,32.18,32.18,32.05,32.13,11582,0
STXG.US,D,20230802,000000,31.96,31.96,31.539,31.6032,17817,0
STXG.US,D,20230803,000000,31.49,31.61,31.431,31.5291,18389,0
STXG.US,D,20230804,000000,31.72,31.76,31.3093,31.3093,4811,0
STXG.US,D,20230807,000000,31.51,31.59,31.449,31.59,5302,0
STXG.US,D,20230808,000000,31.47,31.47,31.21,31.42,10620,0
STXG.US,D,20230809,000000,31.313,31.313,31.1407,31.1407,7203,0
STXG.US,D,20230810,000000,31.41,31.5447,31.1429,31.17,7780,0
STXG.US,D,20230811,000000,31.09,31.1099,30.99,31.09,6601,0
STXG.US,D,20230814,000000,31.1,31.3267,31.1,31.3267,8103,0
STXG.US,D,20230815,000000,31.34,31.34,31.03,31.0613,28346,0
STXG.US,D,20230816,000000,31.11,31.11,30.81,30.81,7673,0
STXG.US,D,20230817,000000,30.79,30.8163,30.4954,30.51,6173,0
STXG.US,D,20230818,000000,30.33,30.56,30.3093,30.51,9744,0
STXG.US,D,20230821,000000,30.67,30.85,30.53,30.81,9954,0
STXG.US,D,20230822,000000,30.8083,30.85,30.71,30.7697,33276,0
STXG.US,D,20230823,000000,31.11,31.22,31.11,31.1599,2816,0
STXG.US,D,20230824,000000,31.2881,31.2881,30.68,30.68,3216,0
STXG.US,D,20230825,000000,30.69,30.93,30.62,30.93,3537,0
STXG.US,D,20230828,000000,31.16,31.16,30.98,31.1055,8101,0
STXG.US,D,20230829,000000,31.51,31.6289,31.51,31.6289,4491,0
STXG.US,D,20230830,000000,31.74,31.85,31.71,31.83,3062,0
STXG.US,D,20230831,000000,31.93,31.93,31.82,31.82,14027,0
STXG.US,D,20230901,000000,31.87,31.87,31.87,31.87,697,0
STXG.US,D,20230905,000000,31.88,31.88,31.79,31.79,3969,0
STXG.US,D,20230906,000000,31.42,31.53,31.42,31.53,1794,0
STXG.US,D,20230907,000000,31.2,31.42,31.2,31.42,4037,0
STXG.US,D,20230908,000000,31.49,31.55,31.383,31.4076,4090,0
STXG.US,D,20230911,000000,31.7,31.705,31.53,31.6923,4414,0
STXG.US,D,20230912,000000,31.61,31.61,31.39,31.4,2344,0
STXG.US,D,20230913,000000,31.4184,31.5364,31.4,31.4656,3675,0
STXG.US,D,20230914,000000,31.6,31.71,31.6,31.6734,3109,0
STXG.US,D,20230915,000000,31.68,31.68,31.23,31.24,3881,0
STXG.US,D,20230918,000000,31.24,31.2994,31.215,31.25,29495,0
STXG.US,D,20230919,000000,31.21,31.21,30.94,31.1784,12505,0
STXG.US,D,20230920,000000,31.34,31.34,30.82,30.82,60248,0
STXG.US,D,20230921,000000,30.63,30.63,30.24,30.26,41813,0
STXG.US,D,20230922,000000,30.43,30.4986,30.21,30.22,17600,0
STXG.US,D,20230925,000000,30.17,30.34,30.11,30.3242,5130,0
STXG.US,D,20230926,000000,30.2,30.2,29.84,29.87,8598,0
STXG.US,D,20230927,000000,29.99,29.99,29.615,29.8439,34432,0
STXG.US,D,20230928,000000,29.86,30.16,29.85,30.05,8866,0
STXG.US,D,20230929,000000,30.315,30.315,30.04,30.04,3343,0
STXG.US,D,20231002,000000,30.06,30.2617,30,30.18,10888,0
STXG.US,D,20231003,000000,29.91,29.91,29.6273,29.6459,3093,0
STXG.US,D,20231004,000000,29.81,30.07,29.81,30.03,6488,0
STXG.US,D,20231005,000000,30,30.06,29.76,30.04,18256,0
STXG.US,D,20231006,000000,29.88,30.45,29.88,30.45,4092,0
STXG.US,D,20231009,000000,30.34,30.6,30.3246,30.59,3525,0
STXG.US,D,20231010,000000,30.85,30.9257,30.72,30.78,12323,0
STXG.US,D,20231011,000000,30.84,30.95,30.6908,30.94,5070,0
STXG.US,D,20231012,000000,31,31,30.7,30.75,6841,0
STXG.US,D,20231013,000000,30.74,30.74,30.3999,30.47,11429,0
STXG.US,D,20231016,000000,30.48,30.87,30.48,30.81,6767,0
STXG.US,D,20231017,000000,30.42,30.74,30.42,30.74,4280,0
STXG.US,D,20231018,000000,30.595,30.595,30.21,30.2753,4283,0
STXG.US,D,20231019,000000,30.24,30.39,30,30.0224,5475,0
STXG.US,D,20231020,000000,29.94,29.94,29.59,29.6087,6516,0
STXG.US,D,20231023,000000,29.5,29.88,29.5,29.64,6718,0
STXG.US,D,20231024,000000,29.86,29.8937,29.71,29.8853,4734,0
STXG.US,D,20231025,000000,29.4901,29.4901,29.26,29.2898,4216,0
STXG.US,D,20231026,000000,29.25,29.25,28.8422,28.8511,11883,0
STXG.US,D,20231027,000000,28.99,29,28.76,28.8194,7143,0
STXG.US,D,20231030,000000,28.98,29.225,28.98,29.1834,8585,0
STXG.US,D,20231031,000000,29.3,29.38,29.0836,29.37,5718,0
STXG.US,D,20231101,000000,29.49,29.75,29.46,29.75,2242,0
STXG.US,D,20231102,000000,29.97,30.31,29.97,30.31,3898,0
STXG.US,D,20231103,000000,30.51,30.65,30.34,30.6166,4019,0
STXG.US,D,20231106,000000,30.62,30.74,30.615,30.74,3230,0
STXG.US,D,20231107,000000,30.83,31,30.83,30.97,6530,0
STXG.US,D,20231108,000000,31,31.09,30.965,31.07,4601,0
STXG.US,D,20231109,000000,31.06,31.0856,30.7971,30.7971,3982,0
STXG.US,D,20231110,000000,30.95,31.346,30.95,31.346,3523,0
STXG.US,D,20231113,000000,31.34,31.41,31.2457,31.335,4708,0
STXG.US,D,20231114,000000,31.74,32,31.74,31.97,5659,0
STXG.US,D,20231115,000000,32.0301,32.088,31.9855,31.9855,2893,0
STXG.US,D,20231116,000000,32,32.08,31.9,32.08,16998,0
STXG.US,D,20231117,000000,32.17,32.17,31.975,32.071,4849,0
STXG.US,D,20231120,000000,32.12,32.43,32.12,32.4,3965,0
STXG.US,D,20231121,000000,32.3,32.3497,32.2,32.33,6452,0
STXG.US,D,20231122,000000,32.49,32.5581,32.44,32.4493,3934,0
STXG.US,D,20231124,000000,32.51,32.51,32.45,32.45,470,0
STXG.US,D,20231127,000000,32.48,32.48,32.3904,32.3904,6066,0
STXG.US,D,20231128,000000,32.43,32.5,32.3899,32.4498,5524,0
STXG.US,D,20231129,000000,32.7,32.7,32.41,32.4256,7589,0
STXG.US,D,20231130,000000,32.59,32.59,32.275,32.5033,6292,0
STXG.US,D,20231201,000000,32.4887,32.69,32.4887,32.69,1781,0
STXG.US,D,20231204,000000,32.5,32.5,32.2501,32.43,7557,0
STXG.US,D,20231205,000000,32.42,32.52,32.36,32.52,8800,0
STXG.US,D,20231206,000000,32.625,32.625,32.37,32.38,24750,0
STXG.US,D,20231207,000000,32.6099,32.67,32.6,32.66,8430,0
STXG.US,D,20231208,000000,32.56,32.8255,32.56,32.8255,2278,0
STXG.US,D,20231211,000000,32.82,32.91,32.7,32.9088,5448,0
STXG.US,D,20231212,000000,32.93,33.15,32.93,33.1312,3511,0
STXG.US,D,20231213,000000,33.25,33.5536,33.165,33.5536,2731,0
STXG.US,D,20231214,000000,33.6,33.6391,33.43,33.57,7577,0
STXG.US,D,20231215,000000,33.57,33.6999,33.57,33.646,3035,0
STXG.US,D,20231218,000000,33.78,33.9,33.7599,33.86,16126,0
STXG.US,D,20231219,000000,34.0099,34.02,33.9516,34.0131,33831,0
STXG.US,D,20231220,000000,34,34.07,33.46,33.49,6987,0
STXG.US,D,20231221,000000,33.7431,33.8559,33.5898,33.8559,6177,0
STXG.US,D,20231222,000000,33.98,33.98,33.8299,33.8794,5096,0
STXG.US,D,20231226,000000,34,34.08,33.96,34.03,22098,0
STXG.US,D,20231227,000000,34.0899,34.09,33.9977,34.09,7349,0
STXG.US,D,20231228,000000,34.12,34.15,34.096,34.096,12537,0
STXG.US,D,20231229,000000,33.99,34.01,33.85,33.9651,18377,0
STXG.US,D,20240102,000000,33.74,33.74,33.39,33.54,5507,0
STXG.US,D,20240103,000000,33.36,33.36,33.17,33.17,9980,0
STXG.US,D,20240104,000000,33.14,33.19,33.0712,33.0712,8393,0
STXG.US,D,20240105,000000,33.21,33.23,33.019,33.0841,3738,0
STXG.US,D,20240108,000000,33.22,33.4593,33.22,33.4593,8982,0
STXG.US,D,20240109,000000,33.57,33.79,33.57,33.7242,5789,0
STXG.US,D,20240110,000000,33.85,34.129,33.83,33.98,5268,0
STXG.US,D,20240111,000000,34.2,34.2,33.785,34.08,8293,0
STXG.US,D,20240112,000000,34.2,34.2,34.0236,34.0958,1526,0
STXG.US,D,20240116,000000,34.01,34.04,33.94,34.0065,3955,0
STXG.US,D,20240117,000000,34.1,34.1,33.715,33.8892,9638,0
STXG.US,D,20240118,000000,34.06,34.22,33.97,34.2104,14604,0
STXG.US,D,20240119,000000,34.34,34.69,34.34,34.683,8271,0
STXG.US,D,20240122,000000,34.89,35.03,34.8503,34.87,18755,0
STXG.US,D,20240123,000000,35.06,35.06,34.79,34.9658,10598,0
STXG.US,D,20240124,000000,35.1923,35.25,35,35.0008,8621,0
STXG.US,D,20240125,000000,35.35,35.35,34.86,35.013,37103,0
STXG.US,D,20240126,000000,35.35,35.35,34.97,35.0283,9472,0
STXG.US,D,20240129,000000,35.25,35.4138,35.1,35.4138,65759,0
STXG.US,D,20240130,000000,35.55,35.55,35.29,35.34,20616,0
STXG.US,D,20240131,000000,35.4,35.4,34.68,34.7178,11740,0
STXG.US,D,20240201,000000,34.913,35.16,34.913,35.1478,5845,0
STXG.US,D,20240202,000000,35.36,35.74,35.36,35.7266,2157,0
STXG.US,D,20240205,000000,35.76,35.76,35.49,35.661,5912,0
STXG.US,D,20240206,000000,35.7,35.7,35.5857,35.6762,5973,0
STXG.US,D,20240207,000000,35.79,36.11,35.79,36.0871,16485,0
STXG.US,D,20240208,000000,36.0901,36.17,36.09,36.1209,14168,0
STXG.US,D,20240209,000000,36.34,36.51,36.21,36.4528,12925,0
STXG.US,D,20240212,000000,36.47,36.6,36.2827,36.3182,14095,0
STXG.US,D,20240213,000000,36.35,36.35,35.5999,35.79,31719,0
STXG.US,D,20240214,000000,36.06,36.26,35.965,36.26,24716,0
STXG.US,D,20240215,000000,36.2,36.35,36.13,36.29,7219,0
STXG.US,D,20240216,000000,36.3,36.43,36.1584,36.1584,10530,0
STXG.US,D,20240220,000000,36.18,36.18,35.68,35.7889,13716,0
STXG.US,D,20240221,000000,35.65,35.77,35.54,35.75,12248,0
STXG.US,D,20240222,000000,36.5,36.8,36.455,36.7801,9465,0
STXG.US,D,20240223,000000,37,37.01,36.73,36.77,11774,0
STXG.US,D,20240226,000000,37.1,37.1,36.6793,36.6793,21421,0
STXG.US,D,20240227,000000,36.83,36.83,36.5899,36.7069,12999,0
STXG.US,D,20240228,000000,36.76,36.76,36.58,36.65,20044,0
STXG.US,D,20240229,000000,36.74,36.92,36.64,36.9175,5918,0
STXG.US,D,20240301,000000,36.93,37.24,36.8999,37.2256,10920,0
STXG.US,D,20240304,000000,37.33,37.33,37.1,37.11,10608,0
STXG.US,D,20240305,000000,37,37,36.4127,36.58,25206,0
STXG.US,D,20240306,000000,36.85,36.93,36.68,36.7901,13563,0
STXG.US,D,20240307,000000,37.08,37.3,37.07,37.2677,5884,0
STXG.US,D,20240308,000000,37.56,37.56,36.9201,36.9201,15120,0
STXG.US,D,20240311,000000,36.95,36.95,36.64,36.7543,15407,0
STXG.US,D,20240312,000000,36.91,37.275,36.91,37.27,21866,0
STXG.US,D,20240313,000000,37.23,37.25,37.11,37.18,2467,0
STXG.US,D,20240314,000000,37.1801,37.1801,36.93,37.0763,5935,0
STXG.US,D,20240315,000000,36.96,36.96,36.71,36.71,4973,0
STXG.US,D,20240318,000000,37.26,37.26,37,37.01,9261,0
STXG.US,D,20240319,000000,36.95,37.2,36.83,37.1992,7190,0
STXG.US,D,20240320,000000,37.45,37.5561,37.175,37.5541,17159,0
STXG.US,D,20240321,000000,37.91,37.91,37.69,37.7089,9685,0
STXG.US,D,20240322,000000,37.8,37.8,37.56,37.7085,8989,0
STXG.US,D,20240325,000000,37.56,37.63,37.5,37.54,3988,0
STXG.US,D,20240326,000000,37.585,37.61,37.36,37.3704,12421,0
STXG.US,D,20240327,000000,37.5,37.53,37.32,37.3735,3780,0
STXG.US,D,20240328,000000,37.48,37.59,37.48,37.49,6552,0
STXG.US,D,20240401,000000,37.59,37.65,37.3699,37.48,16909,0
STXG.US,D,20240402,000000,37.12,37.16,36.92,37.16,19676,0
STXG.US,D,20240403,000000,37.21,37.39,37.1,37.27,11718,0
STXG.US,D,20240404,000000,37.57,37.62,36.77,36.77,5614,0
STXG.US,D,20240405,000000,36.85,37.325,36.85,37.2689,7812,0
STXG.US,D,20240408,000000,37.225,37.275,37.19,37.2082,2264,0
STXG.US,D,20240409,000000,37.48,37.48,37,37.2338,9308,0
STXG.US,D,20240410,000000,36.71,37.03,36.71,36.91,9483,0
STXG.US,D,20240411,000000,37.07,37.48,36.87,37.42,10402,0
STXG.US,D,20240412,000000,37.1,37.1401,36.7501,36.89,3577,0
STXG.US,D,20240415,000000,37.06,37.13,36.25,36.2581,61582,0
STXG.US,D,20240416,000000,36.27,36.45,36.2297,36.3144,26645,0
STXG.US,D,20240417,000000,36.25,36.25,35.975,36.0068,9823,0
STXG.US,D,20240418,000000,35.93,36.14,35.78,35.81,17371,0
STXG.US,D,20240419,000000,35.68,35.68,35.09,35.17,18439,0
STXG.US,D,20240422,000000,35.41,35.7,35.18,35.4694,46629,0
STXG.US,D,20240423,000000,35.87,36.1,35.73,36.0418,21388,0
STXG.US,D,20240424,000000,36.39,36.39,35.9899,36.088,10062,0
STXG.US,D,20240425,000000,35.8,35.94,35.4101,35.91,9084,0
STXG.US,D,20240426,000000,36.43,36.54,36.43,36.48,4522,0
STXG.US,D,20240429,000000,36.56,36.56,36.4949,36.5463,4282,0
STXG.US,D,20240430,000000,36.61,36.61,35.88,35.88,4134,0
STXG.US,D,20240501,000000,35.9,36.3901,35.77,35.8218,18568,0
STXG.US,D,20240502,000000,36.01,36.2396,35.9,36.2251,13084,0
STXG.US,D,20240503,000000,36.64,36.8325,36.62,36.7301,7484,0
STXG.US,D,20240506,000000,36.9501,37.2019,36.9501,37.2019,3360,0
STXG.US,D,20240507,000000,37.28,37.3325,37.19,37.28,5542,0
STXG.US,D,20240508,000000,37.22,37.25,37.11,37.22,36603,0
STXG.US,D,20240509,000000,37.26,37.38,37.1554,37.36,12481,0
STXG.US,D,20240510,000000,37.48,37.48,37.31,37.4173,7599,0
STXG.US,D,20240513,000000,37.36,37.41,37.29,37.3691,18267,0
STXG.US,D,20240514,000000,37.21,37.57,37.21,37.57,8928,0
STXG.US,D,20240515,000000,37.84,38.16,37.75,38.1491,10982,0
STXG.US,D,20240516,000000,38.3,38.3,38.04,38.0689,9301,0
STXG.US,D,20240517,000000,38.04,38.05,37.97,38.0257,12843,0
STXG.US,D,20240520,000000,38.13,38.27,38.1299,38.196,5492,0
STXG.US,D,20240521,000000,38.09,38.33,38.09,38.33,6895,0
STXG.US,D,20240522,000000,38.47,38.47,38.07,38.26,10313,0
STXG.US,D,20240523,000000,38.59,38.59,37.95,38.06,9803,0
STXG.US,D,20240524,000000,38.22,38.41,38.22,38.3372,19490,0
STXG.US,D,20240528,000000,38.4,38.425,38.2273,38.36,12739,0
STXG.US,D,20240529,000000,38.1,38.2845,38.09,38.1863,12928,0
STXG.US,D,20240530,000000,38.01,38.01,37.74,37.78,8895,0
STXG.US,D,20240531,000000,37.78,37.8459,37.29,37.8459,8892,0
STXG.US,D,20240603,000000,38.07,38.07,37.7,38.02,4624,0
STXG.US,D,20240604,000000,37.92,38.1431,37.881,38.1431,11765,0
STXG.US,D,20240605,000000,38.42,38.6974,38.42,38.6974,3838,0
STXG.US,D,20240606,000000,38.9,38.9,38.6299,38.7466,46004,0
STXG.US,D,20240607,000000,38.63,38.7576,38.63,38.7,4423,0
STXG.US,D,20240610,000000,38.63,38.85,38.63,38.85,3427,0
STXG.US,D,20240611,000000,38.79,39.1,38.7173,39.1,7093,0
STXG.US,D,20240612,000000,39.48,39.83,39.48,39.62,20245,0
STXG.US,D,20240613,000000,39.77,39.77,39.4791,39.747,54656,0
STXG.US,D,20240614,000000,39.6,39.75,39.58,39.75,7764,0
STXG.US,D,20240617,000000,39.75,40.22,39.72,40.0977,8698,0
STXG.US,D,20240618,000000,40.02,40.28,40.02,40.28,7760,0
STXG.US,D,20240620,000000,40.18,40.29,39.89,39.94,12454,0
STXG.US,D,20240621,000000,39.79,40.04,39.79,39.8989,7441,0
