<TICKER>,<PER>,<DATE>,<TIME>,<OPEN>,<HIGH>,<LOW>,<CLOSE>,<VOL>,<OPENINT>
STXK.US,D,20221111,000000,26.21,26.29,26.0699,26.104,6749,0
STXK.US,D,20221114,000000,26.47,26.47,25.8245,25.8245,994,0
STXK.US,D,20221115,000000,26.3,26.3,26.2041,26.2041,525,0
STXK.US,D,20221116,000000,26.15,26.15,25.7003,25.7003,2820,0
STXK.US,D,20221117,000000,25.52,25.53,25.42,25.504,1645,0
STXK.US,D,20221118,000000,25.8499,25.85,25.55,25.6429,8679,0
STXK.US,D,20221121,000000,25.84,25.87,25.4538,25.5014,7568,0
STXK.US,D,20221122,000000,25.565,25.8189,25.565,25.8189,2192,0
STXK.US,D,20221123,000000,26,26,25.75,25.8615,1365,0
STXK.US,D,20221125,000000,25.9542,26,25.9542,25.9633,426,0
STXK.US,D,20221128,000000,26,26,25.4151,25.4151,3675,0
STXK.US,D,20221129,000000,25.6,25.63,25.517,25.517,3180,0
STXK.US,D,20221130,000000,25.53,26.1685,25.36,26.1685,943,0
STXK.US,D,20221201,000000,26.17,26.25,26.1648,26.1648,2346,0
STXK.US,D,20221202,000000,26.13,26.3271,26.03,26.3271,583,0
STXK.US,D,20221205,000000,26,26,25.5788,25.5788,682,0
STXK.US,D,20221206,000000,25.495,25.495,25.16,25.192,2220,0
STXK.US,D,20221207,000000,25.2999,25.2999,25.1244,25.1244,1371,0
STXK.US,D,20221208,000000,25.2897,25.2897,25.2897,25.2897,120,0
STXK.US,D,20221209,000000,25.33,25.33,25.0339,25.0339,21347,0
STXK.US,D,20221212,000000,25.3293,25.3293,25.3293,25.3293,120,0
STXK.US,D,20221213,000000,25.64,25.7,25.5159,25.5159,16017,0
STXK.US,D,20221214,000000,25.95,25.95,25.35,25.4149,2554,0
STXK.US,D,20221215,000000,25,25,24.7198,24.7198,3784,0
STXK.US,D,20221216,000000,24.4342,24.5844,24.39,24.5844,2353,0
STXK.US,D,20221219,000000,24.57,24.57,24.253,24.2675,7303,0
STXK.US,D,20221220,000000,24.45,24.54,24.395,24.395,6022,0
STXK.US,D,20221221,000000,24.87,24.88,24.74,24.7593,5356,0
STXK.US,D,20221222,000000,24.74,24.74,24.09,24.4137,7428,0
STXK.US,D,20221223,000000,24.51,24.58,24.372,24.5273,1495,0
STXK.US,D,20221227,000000,24.38,24.3921,24.38,24.3921,459,0
STXK.US,D,20221228,000000,24.4,24.4,24.0196,24.0196,11995,0
STXK.US,D,20221229,000000,24.6,24.6,24.5281,24.5281,2461,0
STXK.US,D,20221230,000000,24.415,24.4803,24.36,24.4803,1672,0
STXK.US,D,20230103,000000,25.07,25.07,24.36,24.3733,3073,0
STXK.US,D,20230104,000000,24.85,24.86,24.6737,24.6737,3413,0
STXK.US,D,20230105,000000,24.46,24.6,24.34,24.4484,5182,0
STXK.US,D,20230106,000000,24.99,25.03,24.6299,24.9966,1457,0
STXK.US,D,20230109,000000,25.32,25.32,25.0587,25.0587,6695,0
STXK.US,D,20230110,000000,24.9,25.4113,24.9,25.4113,1750,0
STXK.US,D,20230111,000000,25.7221,25.7221,25.7221,25.7221,55,0
STXK.US,D,20230112,000000,25.8746,26.15,25.81,26.15,597,0
STXK.US,D,20230113,000000,26.25,26.315,25.99,26.315,1930,0
STXK.US,D,20230117,000000,26.29,26.328,26.2625,26.2854,1271,0
STXK.US,D,20230118,000000,26.065,26.096,25.8544,25.8544,3394,0
STXK.US,D,20230119,000000,25.89,25.89,25.54,25.6044,1736,0
STXK.US,D,20230120,000000,25.8077,26.0358,25.8077,26.0358,965,0
STXK.US,D,20230123,000000,26.38,26.4648,26.3501,26.3866,2563,0
STXK.US,D,20230124,000000,26.66,26.66,26.08,26.338,3744,0
STXK.US,D,20230125,000000,26.29,26.36,25.92,26.3408,3439,0
STXK.US,D,20230126,000000,26.46,26.5255,26.46,26.5255,372,0
STXK.US,D,20230127,000000,26.55,26.6878,26.55,26.6878,515,0
STXK.US,D,20230130,000000,26.6799,26.7,26.3672,26.3672,4744,0
STXK.US,D,20230131,000000,26.7498,26.9638,26.7498,26.9638,1082,0
STXK.US,D,20230201,000000,26.96,27.52,26.96,27.52,4293,0
STXK.US,D,20230202,000000,27.7504,28.07,27.7,28.07,2673,0
STXK.US,D,20230203,000000,27.68,27.785,27.68,27.7693,1930,0
STXK.US,D,20230206,000000,27.425,27.45,27.339,27.3625,8400,0
STXK.US,D,20230207,000000,27.51,27.6168,27.24,27.6168,1907,0
STXK.US,D,20230208,000000,27.65,27.65,27.24,27.2409,10326,0
STXK.US,D,20230209,000000,27.3385,27.3385,26.875,26.875,988,0
STXK.US,D,20230210,000000,26.91,26.91,26.8,26.8672,949,0
STXK.US,D,20230213,000000,27.23,27.23,26.93,27.1888,5975,0
STXK.US,D,20230214,000000,27.31,27.32,26.9972,27.2359,13091,0
STXK.US,D,20230215,000000,26.99,27.5229,26.99,27.5229,2110,0
STXK.US,D,20230216,000000,27.24,27.52,27.24,27.28,1568,0
STXK.US,D,20230217,000000,27.29,27.29,27.0671,27.25,6012,0
STXK.US,D,20230221,000000,27.31,27.31,26.46,26.46,5620,0
STXK.US,D,20230222,000000,26.66,26.66,26.4568,26.51,22188,0
STXK.US,D,20230223,000000,26.8,26.8,26.4399,26.66,17010,0
STXK.US,D,20230224,000000,26.3,26.5,26.3,26.4523,3590,0
STXK.US,D,20230227,000000,26.74,26.74,26.52,26.52,18311,0
STXK.US,D,20230228,000000,26.67,26.75,26.55,26.56,3294,0
STXK.US,D,20230301,000000,26.615,26.615,26.42,26.5478,7121,0
STXK.US,D,20230302,000000,26.4,26.67,26.4,26.6193,5747,0
STXK.US,D,20230303,000000,26.99,27,26.9322,26.9322,2227,0
STXK.US,D,20230306,000000,26.94,26.94,26.58,26.5962,18966,0
STXK.US,D,20230307,000000,26.5,26.51,26.28,26.28,2478,0
STXK.US,D,20230308,000000,26.34,26.34,26.14,26.2597,6414,0
STXK.US,D,20230309,000000,26.26,26.26,25.5421,25.5421,15137,0
STXK.US,D,20230310,000000,25.325,25.325,24.7,24.7904,9034,0
STXK.US,D,20230313,000000,24.425,24.64,24.3741,24.3741,1715,0
STXK.US,D,20230314,000000,25.17,25.17,24.7477,24.8132,4362,0
STXK.US,D,20230315,000000,24.3011,24.43,24.3011,24.43,6080,0
STXK.US,D,20230316,000000,24.18,24.77,24.1417,24.7629,4901,0
STXK.US,D,20230317,000000,24.86,24.86,24.13,24.1753,3028,0
STXK.US,D,20230320,000000,24.16,24.6,24.16,24.45,3917,0
STXK.US,D,20230321,000000,24.96,24.96,24.86,24.94,985,0
STXK.US,D,20230322,000000,24.9,24.97,24.25,24.25,1983,0
STXK.US,D,20230323,000000,24.5799,24.5799,24,24.13,12322,0
STXK.US,D,20230324,000000,24.1333,24.34,24.1215,24.29,3340,0
STXK.US,D,20230327,000000,24.418,24.59,24.418,24.59,497,0
STXK.US,D,20230328,000000,24.53,24.6,24.53,24.5706,1218,0
STXK.US,D,20230329,000000,24.78,24.84,24.7372,24.8,5160,0
STXK.US,D,20230330,000000,25.08,25.08,24.81,24.81,1742,0
STXK.US,D,20230331,000000,25,25.33,25,25.31,5086,0
STXK.US,D,20230403,000000,25.56,25.56,25.17,25.28,7253,0
STXK.US,D,20230404,000000,25.56,25.56,24.8639,24.8932,3808,0
STXK.US,D,20230405,000000,25,25,24.5667,24.6973,2192,0
STXK.US,D,20230406,000000,24.74,24.74,24.69,24.69,946,0
STXK.US,D,20230410,000000,24.8798,25,24.83,25,2602,0
STXK.US,D,20230411,000000,25.15,25.31,25.12,25.2,2288,0
STXK.US,D,20230412,000000,25.58,25.58,25.02,25.02,9528,0
STXK.US,D,20230413,000000,25.1,25.34,25.09,25.275,932,0
STXK.US,D,20230414,000000,25.42,25.42,25,25.1,2504,0
STXK.US,D,20230417,000000,25.22,25.3625,25.1998,25.3625,1875,0
STXK.US,D,20230418,000000,25.2699,25.3035,25.26,25.3035,2989,0
STXK.US,D,20230419,000000,25.16,25.3568,25.16,25.3568,289,0
STXK.US,D,20230420,000000,25.2895,25.32,25.213,25.213,1244,0
STXK.US,D,20230421,000000,25.27,25.27,25.27,25.27,237,0
STXK.US,D,20230424,000000,25.15,25.24,25.147,25.24,1552,0
STXK.US,D,20230425,000000,25,25,24.66,24.66,9978,0
STXK.US,D,20230426,000000,24.63,24.6899,24.3862,24.44,7858,0
STXK.US,D,20230427,000000,24.6073,24.8098,24.5599,24.7986,1770,0
STXK.US,D,20230428,000000,24.9601,25.03,24.9601,25.03,1320,0
STXK.US,D,20230501,000000,25.2,25.24,25,25.03,6453,0
STXK.US,D,20230502,000000,24.78,24.78,24.34,24.5421,2387,0
STXK.US,D,20230503,000000,24.7,25.08,24.5361,24.5361,2218,0
STXK.US,D,20230504,000000,24.28,24.28,24.1,24.247,3699,0
STXK.US,D,20230505,000000,24.34,24.77,24.34,24.77,6057,0
STXK.US,D,20230508,000000,25.24,25.24,24.705,24.79,4434,0
STXK.US,D,20230509,000000,24.6,24.7,24.6,24.7,574,0
STXK.US,D,20230510,000000,24.82,24.83,24.6,24.74,4707,0
STXK.US,D,20230511,000000,24.63,24.63,24.5,24.54,2144,0
STXK.US,D,20230512,000000,24.49,24.52,24.387,24.52,2164,0
STXK.US,D,20230515,000000,24.71,24.85,24.7099,24.81,7977,0
STXK.US,D,20230516,000000,24.56,24.56,24.4371,24.4371,1315,0
STXK.US,D,20230517,000000,24.7578,24.99,24.7578,24.9419,5451,0
STXK.US,D,20230518,000000,24.74,25.15,24.74,25.1428,1881,0
STXK.US,D,20230519,000000,25.56,25.56,24.8915,24.92,4143,0
STXK.US,D,20230522,000000,24.98,25.29,24.98,25.1822,1743,0
STXK.US,D,20230523,000000,25.225,25.225,25.0203,25.0203,5075,0
STXK.US,D,20230524,000000,25,25,24.6881,24.7088,1408,0
STXK.US,D,20230525,000000,24.6099,24.6099,24.5985,24.5985,597,0
STXK.US,D,20230526,000000,24.815,24.9,24.815,24.83,1088,0
STXK.US,D,20230530,000000,24.84,24.9,24.7899,24.82,5926,0
STXK.US,D,20230531,000000,24.9,24.9,24.4636,24.61,14684,0
STXK.US,D,20230601,000000,24.74,24.8899,24.74,24.85,658,0
STXK.US,D,20230602,000000,25.3019,25.66,25.3019,25.66,236001,0
STXK.US,D,20230605,000000,25.67,25.67,25.3,25.3215,9798,0
STXK.US,D,20230606,000000,25.51,25.9999,25.51,25.927,4739,0
STXK.US,D,20230607,000000,26.21,26.4,26.085,26.3524,8821,0
STXK.US,D,20230608,000000,26.5,26.5,26.165,26.265,16068,0
STXK.US,D,20230609,000000,26.47,26.47,26.0999,26.1016,4372,0
STXK.US,D,20230612,000000,26.26,26.3096,26.18,26.2181,13000,0
STXK.US,D,20230613,000000,26.48,26.57,26.473,26.52,9795,0
STXK.US,D,20230614,000000,26.69,26.73,26.19,26.32,6958,0
STXK.US,D,20230615,000000,26.36,26.55,26.2415,26.54,12600,0
STXK.US,D,20230616,000000,26.71,26.71,26.2154,26.35,10731,0
STXK.US,D,20230620,000000,26.34,26.34,26.06,26.18,39342,0
STXK.US,D,20230621,000000,26.3,26.3,26.03,26.11,27179,0
STXK.US,D,20230622,000000,26.2,26.2,25.85,25.8815,12628,0
STXK.US,D,20230623,000000,25.73,25.74,25.53,25.53,8579,0
STXK.US,D,20230626,000000,25.79,25.809,25.641,25.67,5842,0
STXK.US,D,20230627,000000,25.85,26.15,25.85,26.0775,4735,0
STXK.US,D,20230628,000000,25.86,26.11,25.86,26.08,3560,0
STXK.US,D,20230629,000000,26.3,26.45,26.29,26.4297,13374,0
STXK.US,D,20230630,000000,26.61,26.655,26.5619,26.5794,3664,0
STXK.US,D,20230703,000000,26.68,26.75,26.63,26.71,5745,0
STXK.US,D,20230705,000000,26.67,26.67,26.39,26.39,4601,0
STXK.US,D,20230706,000000,26.36,26.36,25.7644,25.9967,17237,0
STXK.US,D,20230707,000000,26.23,26.47,26.215,26.26,7506,0
STXK.US,D,20230710,000000,26.33,26.66,26.33,26.66,13884,0
STXK.US,D,20230711,000000,26.79,26.9403,26.7698,26.9403,5043,0
STXK.US,D,20230712,000000,27.44,27.44,27.158,27.23,8934,0
STXK.US,D,20230713,000000,27.41,27.45,27.3799,27.43,6182,0
STXK.US,D,20230714,000000,27.41,27.41,27.12,27.18,7196,0
STXK.US,D,20230717,000000,27.35,27.45,27.16,27.3761,7770,0
STXK.US,D,20230718,000000,27.6,27.73,27.6,27.72,9582,0
STXK.US,D,20230719,000000,27.84,27.85,27.71,27.83,6488,0
STXK.US,D,20230720,000000,27.96,27.96,27.5595,27.6,1548,0
STXK.US,D,20230721,000000,27.6,27.64,27.52,27.52,5158,0
STXK.US,D,20230724,000000,27.62,27.62,27.55,27.59,21009,0
STXK.US,D,20230725,000000,27.68,27.7,27.61,27.61,3709,0
STXK.US,D,20230726,000000,27.66,27.8201,27.66,27.8,8377,0
STXK.US,D,20230727,000000,27.87,27.8921,27.41,27.47,6798,0
STXK.US,D,20230728,000000,27.58,27.81,27.58,27.77,2998,0
STXK.US,D,20230731,000000,27.95,28.08,27.95,28.08,10169,0
STXK.US,D,20230801,000000,27.8,27.92,27.7042,27.92,9147,0
STXK.US,D,20230802,000000,27.6065,27.6065,27.4499,27.53,11014,0
STXK.US,D,20230803,000000,27.52,27.52,27.3085,27.4425,5907,0
STXK.US,D,20230804,000000,27.39,27.62,27.3827,27.41,1679,0
STXK.US,D,20230807,000000,27.46,27.52,27.44,27.52,3917,0
STXK.US,D,20230808,000000,27.52,27.52,26.995,27.28,38922,0
STXK.US,D,20230809,000000,27.13,27.175,27.05,27.07,6784,0
STXK.US,D,20230810,000000,27.3,27.3,27.02,27.02,5983,0
STXK.US,D,20230811,000000,26.93,27.06,26.93,27,3922,0
STXK.US,D,20230814,000000,26.96,27.01,26.8101,27.01,2323,0
STXK.US,D,20230815,000000,26.69,26.7297,26.6,26.6,10457,0
STXK.US,D,20230816,000000,26.7199,26.7199,26.32,26.32,6415,0
STXK.US,D,20230817,000000,26.52,26.52,26.03,26.03,891,0
STXK.US,D,20230818,000000,26.13,26.19,26.0479,26.15,3611,0
STXK.US,D,20230821,000000,26.08,26.206,25.965,26.14,15277,0
STXK.US,D,20230822,000000,26.07,26.09,25.98,26.04,24045,0
STXK.US,D,20230823,000000,26.16,26.31,26.1201,26.25,6413,0
STXK.US,D,20230824,000000,26.18,26.18,26,26,2603,0
STXK.US,D,20230825,000000,25.95,26.14,25.95,26.08,25124,0
STXK.US,D,20230828,000000,26.2,26.3861,26.2,26.3265,5533,0
STXK.US,D,20230829,000000,26.39,26.76,26.39,26.7063,25528,0
STXK.US,D,20230830,000000,26.71,26.92,26.71,26.8416,20685,0
STXK.US,D,20230831,000000,26.8,27.0299,26.8,26.87,51334,0
STXK.US,D,20230901,000000,27.16,27.17,27.11,27.13,21321,0
STXK.US,D,20230905,000000,26.71,26.71,26.54,26.54,8806,0
STXK.US,D,20230906,000000,26.64,26.69,26.39,26.44,14112,0
STXK.US,D,20230907,000000,26.131,26.24,26.131,26.19,4849,0
STXK.US,D,20230908,000000,26.28,26.28,26.15,26.15,14963,0
STXK.US,D,20230911,000000,26.38,26.38,26.24,26.24,4058,0
STXK.US,D,20230912,000000,26.21,26.2353,26.19,26.19,5904,0
STXK.US,D,20230913,000000,26.19,26.19,26.01,26.01,2922,0
STXK.US,D,20230914,000000,26.37,26.4,26.3625,26.39,1124,0
STXK.US,D,20230915,000000,26.25,26.25,26.13,26.18,2825,0
STXK.US,D,20230918,000000,26.04,26.15,26.04,26.04,18028,0
STXK.US,D,20230919,000000,25.95,25.98,25.88,25.96,5373,0
STXK.US,D,20230920,000000,26.17,26.17,25.77,25.77,44796,0
STXK.US,D,20230921,000000,25.5,25.5,25.35,25.38,14831,0
STXK.US,D,20230922,000000,25.58,25.58,25.24,25.25,6474,0
STXK.US,D,20230925,000000,25.15,25.33,25.15,25.28,1842,0
STXK.US,D,20230926,000000,25.33,25.33,24.99,24.99,10439,0
STXK.US,D,20230927,000000,25.22,25.22,24.89,25.07,11362,0
STXK.US,D,20230928,000000,25.1793,25.3,25.1793,25.3,1873,0
STXK.US,D,20230929,000000,25.4966,25.4966,25.2,25.2,5865,0
STXK.US,D,20231002,000000,25.19,25.19,24.7,24.79,5085,0
STXK.US,D,20231003,000000,24.57,24.62,24.2733,24.325,8273,0
STXK.US,D,20231004,000000,24.33,24.45,24.13,24.43,14639,0
STXK.US,D,20231005,000000,24.2699,24.43,24.2137,24.38,11354,0
STXK.US,D,20231006,000000,24.15,24.6785,24.15,24.61,6999,0
STXK.US,D,20231009,000000,24.52,24.8,24.52,24.7345,3081,0
STXK.US,D,20231010,000000,24.85,25.17,24.85,25.04,6396,0
STXK.US,D,20231011,000000,24.995,25.07,24.95,25.07,2079,0
STXK.US,D,20231012,000000,24.76,24.76,24.41,24.5274,13102,0
STXK.US,D,20231013,000000,24.495,24.495,24.3,24.3785,3154,0
STXK.US,D,20231016,000000,24.51,24.865,24.51,24.82,14036,0
STXK.US,D,20231017,000000,25.24,25.24,25.09,25.1,1228,0
STXK.US,D,20231018,000000,24.8363,24.8363,24.5601,24.5601,1925,0
STXK.US,D,20231019,000000,24.56,24.63,24.2163,24.2163,5349,0
STXK.US,D,20231020,000000,24.07,24.18,23.9191,23.9191,8336,0
STXK.US,D,20231023,000000,23.98,23.98,23.69,23.69,4910,0
STXK.US,D,20231024,000000,23.93,24.01,23.82,23.89,3830,0
STXK.US,D,20231025,000000,23.7,23.7,23.47,23.47,8780,0
STXK.US,D,20231026,000000,23.61,23.75,23.49,23.57,2485,0
STXK.US,D,20231027,000000,23.7,23.7,23.255,23.3,6018,0
STXK.US,D,20231030,000000,23.37,23.48,23.29,23.39,2976,0
STXK.US,D,20231031,000000,23.48,23.65,23.48,23.65,16661,0
STXK.US,D,20231101,000000,23.62,23.79,23.47,23.78,8854,0
STXK.US,D,20231102,000000,23.9,24.35,23.9,24.35,2813,0
STXK.US,D,20231103,000000,24.68,25.11,24.68,25,3880,0
STXK.US,D,20231106,000000,24.9,24.9,24.62,24.67,4063,0
STXK.US,D,20231107,000000,24.69,24.71,24.62,24.68,4731,0
STXK.US,D,20231108,000000,24.47,24.47,24.372,24.45,2975,0
STXK.US,D,20231109,000000,24.07,24.07,24.07,24.07,238,0
STXK.US,D,20231110,000000,24.05,24.37,24.03,24.34,4304,0
STXK.US,D,20231113,000000,24.28,24.36,24.1301,24.31,16319,0
STXK.US,D,20231114,000000,25.04,25.57,25.04,25.54,5768,0
STXK.US,D,20231115,000000,25.65,26,25.65,25.7,2537,0
STXK.US,D,20231116,000000,25.76,25.77,25.2701,25.35,16692,0
STXK.US,D,20231117,000000,25.61,25.65,25.5699,25.65,5907,0
STXK.US,D,20231120,000000,25.74,25.77,25.59,25.77,9062,0
STXK.US,D,20231121,000000,25.58,25.58,25.44,25.45,5607,0
STXK.US,D,20231122,000000,25.7,25.7,25.59,25.63,7672,0
STXK.US,D,20231124,000000,25.77,25.8,25.7699,25.8,571,0
STXK.US,D,20231127,000000,25.78,25.78,25.67,25.75,3826,0
STXK.US,D,20231128,000000,25.55,25.72,25.55,25.69,2384,0
STXK.US,D,20231129,000000,25.956,25.97,25.8,25.8,5485,0
STXK.US,D,20231130,000000,26.09,26.09,25.94,25.99,1721,0
STXK.US,D,20231201,000000,26.07,26.78,26.07,26.78,5436,0
STXK.US,D,20231204,000000,26.79,27.06,26.773,27.06,2006,0
STXK.US,D,20231205,000000,26.69,26.79,26.6501,26.69,4138,0
STXK.US,D,20231206,000000,26.75,26.93,26.6899,26.69,19402,0
STXK.US,D,20231207,000000,26.82,26.92,26.8199,26.92,2093,0
STXK.US,D,20231208,000000,26.93,27.07,26.915,27.07,7941,0
STXK.US,D,20231211,000000,27.18,27.19,27.1408,27.19,2262,0
STXK.US,D,20231212,000000,27.25,27.25,27,27.13,991,0
STXK.US,D,20231213,000000,27.0788,28.03,27.0788,28.03,8382,0
STXK.US,D,20231214,000000,28.38,28.87,28.38,28.76,16733,0
STXK.US,D,20231215,000000,28.77,28.77,28.4499,28.57,7771,0
STXK.US,D,20231218,000000,28.83,28.83,28.52,28.52,2276,0
STXK.US,D,20231219,000000,28.83,29.09,28.785,29.09,88552,0
STXK.US,D,20231220,000000,28.97,29.1298,28.39,28.39,9769,0
STXK.US,D,20231221,000000,28.7096,28.86,28.59,28.86,12997,0
STXK.US,D,20231222,000000,28.94,29.18,28.94,29.07,8147,0
STXK.US,D,20231226,000000,29.13,29.43,29.13,29.37,11277,0
STXK.US,D,20231227,000000,29.4803,29.5,29.33,29.4374,21900,0
STXK.US,D,20231228,000000,29.38,29.47,29.355,29.42,4710,0
STXK.US,D,20231229,000000,29.42,29.42,29.0136,29.05,24630,0
STXK.US,D,20240102,000000,29.01,29.02,28.72,28.85,44150,0
STXK.US,D,20240103,000000,28.74,28.74,28.02,28.02,7930,0
STXK.US,D,20240104,000000,28.1852,28.19,28.045,28.045,13514,0
STXK.US,D,20240105,000000,27.99,28.3099,27.99,28.0594,12783,0
STXK.US,D,20240108,000000,28.06,28.4,27.9882,28.4,4294,0
STXK.US,D,20240109,000000,28.4,28.45,28.31,28.3653,4225,0
STXK.US,D,20240110,000000,28.45,28.48,28.22,28.42,13693,0
STXK.US,D,20240111,000000,28.37,28.37,27.9291,28.18,4531,0
STXK.US,D,20240112,000000,28.39,28.39,28.0141,28.0877,2102,0
STXK.US,D,20240116,000000,27.82,27.9101,27.6801,27.7784,20115,0
STXK.US,D,20240117,000000,27.57,27.5942,27.4657,27.5942,10737,0
STXK.US,D,20240118,000000,28.24,28.24,27.525,27.7483,8352,0
STXK.US,D,20240119,000000,28.31,28.31,27.6037,27.996,11062,0
STXK.US,D,20240122,000000,28.2,28.6,28.2,28.53,14837,0
STXK.US,D,20240123,000000,28.74,28.74,28.3,28.4159,11129,0
STXK.US,D,20240124,000000,28.58,28.58,28.15,28.15,17105,0
STXK.US,D,20240125,000000,28.71,28.71,28.15,28.2888,19676,0
STXK.US,D,20240126,000000,28.51,28.51,28.33,28.37,8483,0
STXK.US,D,20240129,000000,28.37,28.7462,28.3561,28.7462,12513,0
STXK.US,D,20240130,000000,28.66,28.68,28.54,28.5883,26251,0
STXK.US,D,20240131,000000,28.63,28.63,27.93,27.93,9850,0
STXK.US,D,20240201,000000,27.99,28.19,27.65,28.1715,5878,0
STXK.US,D,20240202,000000,27.8,28.14,27.8,28.1291,6440,0
STXK.US,D,20240205,000000,27.655,27.76,27.6499,27.69,5078,0
STXK.US,D,20240206,000000,27.83,27.91,27.8157,27.8977,4691,0
STXK.US,D,20240207,000000,27.75,28.04,27.75,27.93,10377,0
STXK.US,D,20240208,000000,28.1,28.27,27.88,28.27,15138,0
STXK.US,D,20240209,000000,28.32,28.58,28.3079,28.58,8753,0
STXK.US,D,20240212,000000,28.79,29.08,28.79,29.02,8216,0
STXK.US,D,20240213,000000,28.27,28.27,27.8,27.97,15098,0
STXK.US,D,20240214,000000,28.33,28.57,28.2,28.4,7874,0
STXK.US,D,20240215,000000,28.65,29.1493,28.65,29.1372,9708,0
STXK.US,D,20240216,000000,28.93,29.105,28.8,28.8,8561,0
STXK.US,D,20240220,000000,28.55,28.5914,28.4745,28.51,3132,0
STXK.US,D,20240221,000000,28.42,28.42,28.36,28.4058,11308,0
STXK.US,D,20240222,000000,28.61,28.64,28.47,28.6087,6526,0
STXK.US,D,20240223,000000,28.78,28.78,28.63,28.699,12166,0
STXK.US,D,20240226,000000,28.7,28.86,28.6587,28.74,8583,0
STXK.US,D,20240227,000000,28.93,29.05,28.93,29.045,4423,0
STXK.US,D,20240228,000000,29.05,29.05,28.8428,28.8428,9251,0
STXK.US,D,20240229,000000,29.15,29.15,28.8655,29.0148,2453,0
STXK.US,D,20240301,000000,28.94,29.2,28.91,29.1604,7755,0
STXK.US,D,20240304,000000,29.25,29.32,29.1017,29.1017,5378,0
STXK.US,D,20240305,000000,28.89,29.09,28.84,28.9247,7618,0
STXK.US,D,20240306,000000,29.1,29.14,29.0399,29.0589,5446,0
STXK.US,D,20240307,000000,29.262,29.3257,29.262,29.2871,4832,0
STXK.US,D,20240308,000000,29.615,29.615,29.2648,29.2718,8729,0
STXK.US,D,20240311,000000,29.15,29.15,29.0899,29.1159,3832,0
STXK.US,D,20240312,000000,29.16,29.16,28.9999,29.0807,4040,0
STXK.US,D,20240313,000000,29.24,29.24,29.01,29.09,6701,0
STXK.US,D,20240314,000000,28.75,28.75,28.4203,28.5635,3826,0
STXK.US,D,20240315,000000,28.8,28.8,28.65,28.71,5561,0
STXK.US,D,20240318,000000,28.9,28.9,28.58,28.6101,7501,0
STXK.US,D,20240319,000000,28.76,28.84,28.7499,28.75,7928,0
STXK.US,D,20240320,000000,28.95,29.4,28.762,29.4,7890,0
STXK.US,D,20240321,000000,29.7,29.7,29.6,29.6086,4046,0
STXK.US,D,20240322,000000,29.415,29.415,29.27,29.2757,2620,0
STXK.US,D,20240325,000000,29.38,29.38,29.2391,29.2391,5347,0
STXK.US,D,20240326,000000,29.31,29.31,29.13,29.17,7051,0
STXK.US,D,20240327,000000,29.48,29.78,29.35,29.78,14806,0
STXK.US,D,20240328,000000,29.93,30.12,29.9218,29.9825,4267,0
STXK.US,D,20240401,000000,29.81,29.86,29.63,29.66,7370,0
STXK.US,D,20240402,000000,29.46,29.46,29.05,29.1548,8327,0
STXK.US,D,20240403,000000,29.02,29.33,29.02,29.3,5159,0
STXK.US,D,20240404,000000,29.64,29.64,28.99,28.99,5494,0
STXK.US,D,20240405,000000,29,29.15,28.95,29.1372,3558,0
STXK.US,D,20240408,000000,29.44,29.48,29.29,29.3475,32813,0
STXK.US,D,20240409,000000,29.53,29.57,29.36,29.53,14160,0
STXK.US,D,20240410,000000,28.86,28.9881,28.7,28.76,14653,0
STXK.US,D,20240411,000000,28.96,28.96,28.6404,28.9283,15371,0
STXK.US,D,20240412,000000,28.8,28.83,28.265,28.38,12537,0
STXK.US,D,20240415,000000,28.54,28.57,27.93,28.01,35453,0
STXK.US,D,20240416,000000,27.69,27.99,27.69,27.8684,11059,0
STXK.US,D,20240417,000000,27.9155,27.9155,27.6699,27.679,5167,0
STXK.US,D,20240418,000000,27.67,27.87,27.6181,27.6181,3269,0
STXK.US,D,20240419,000000,27.88,27.88,27.5802,27.83,7541,0
STXK.US,D,20240422,000000,27.94,28.1,27.87,28.0602,3753,0
STXK.US,D,20240423,000000,28.31,28.63,28.31,28.5305,13329,0
STXK.US,D,20240424,000000,28.64,28.64,28.32,28.5184,5673,0
STXK.US,D,20240425,000000,27.96,28.28,27.9373,28.2724,3827,0
STXK.US,D,20240426,000000,28.54,28.55,28.4861,28.4879,4198,0
STXK.US,D,20240429,000000,28.6481,28.74,28.6049,28.6535,1882,0
STXK.US,D,20240430,000000,28.8,28.8,28.17,28.1786,2434,0
STXK.US,D,20240501,000000,28.235,28.3201,28.13,28.2208,6636,0
STXK.US,D,20240502,000000,28.2909,28.68,28.2909,28.6587,9593,0
STXK.US,D,20240503,000000,29.2,29.2,28.8818,28.97,12210,0
STXK.US,D,20240506,000000,29.2058,29.31,29.2058,29.2957,6962,0
STXK.US,D,20240507,000000,29.43,29.43,29.3501,29.3501,1371,0
STXK.US,D,20240508,000000,29.25,29.27,29.1766,29.27,3551,0
STXK.US,D,20240509,000000,29.415,29.6,29.415,29.5633,1580,0
STXK.US,D,20240510,000000,29.36,29.4255,29.35,29.4255,2573,0
STXK.US,D,20240513,000000,29.62,29.731,29.5144,29.5144,1790,0
STXK.US,D,20240514,000000,29.94,29.94,29.7185,29.9186,2104,0
STXK.US,D,20240515,000000,29.97,30.03,29.97,30.02,4212,0
STXK.US,D,20240516,000000,30.06,30.06,29.8486,29.8486,9116,0
STXK.US,D,20240517,000000,29.77,30,29.7577,29.7931,3771,0
STXK.US,D,20240520,000000,29.8699,29.925,29.8,29.8398,3309,0
STXK.US,D,20240521,000000,29.77,29.8,29.73,29.7801,2558,0
STXK.US,D,20240522,000000,29.83,29.83,29.5532,29.5532,4195,0
STXK.US,D,20240523,000000,29.3898,29.3899,29.0077,29.14,9214,0
STXK.US,D,20240524,000000,29.25,29.4,29.25,29.4,8957,0
STXK.US,D,20240528,000000,29.55,29.55,29.27,29.3238,11656,0
STXK.US,D,20240529,000000,28.985,28.985,28.9223,28.9391,3475,0
STXK.US,D,20240530,000000,29.22,29.3099,29.22,29.2864,6304,0
STXK.US,D,20240531,000000,29.45,29.64,29.27,29.64,5665,0
STXK.US,D,20240603,000000,29.99,29.99,29.3801,29.5,2025,0
STXK.US,D,20240604,000000,29.216,29.24,29.12,29.1205,4125,0
STXK.US,D,20240605,000000,29.09,29.4376,29.09,29.4376,5168,0
STXK.US,D,20240606,000000,29.43,29.46,29.27,29.3692,26314,0
STXK.US,D,20240607,000000,29.19,29.19,28.9018,28.97,7055,0
STXK.US,D,20240610,000000,28.89,29.07,28.89,29.0241,4677,0
STXK.US,D,20240611,000000,28.77,28.96,28.7499,28.9349,3901,0
STXK.US,D,20240612,000000,29.68,29.68,29.3,29.399,3707,0
STXK.US,D,20240613,000000,29.34,29.34,28.9006,29.09,10488,0
STXK.US,D,20240614,000000,28.83,28.83,28.52,28.6184,4118,0
STXK.US,D,20240617,000000,28.53,28.85,28.51,28.85,4601,0
STXK.US,D,20240618,000000,28.82,28.94,28.805,28.91,3666,0
STXK.US,D,20240620,000000,28.78,28.9,28.7,28.76,8856,0
STXK.US,D,20240621,000000,28.74,28.806,28.71,28.806,2718,0
