<TICKER>,<PER>,<DATE>,<TIME>,<OPEN>,<HIGH>,<LOW>,<CLOSE>,<VOL>,<OPENINT>
TBFC.US,D,20240117,000000,24.7893,24.7893,24.7893,24.7893,15,0
TBFC.US,D,20240118,000000,24.8758,24.8758,24.8758,24.8758,1,0
TBFC.US,D,20240119,000000,25,25,25,25,11,0
TBFC.US,D,20240122,000000,25.1,25.1,25.0614,25.0614,358,0
TBFC.US,D,20240123,000000,25.03,25.0739,25.03,25.0739,12951,0
TBFC.US,D,20240124,000000,25.07,25.08,25.0554,25.0554,4960,0
TBFC.US,D,20240125,000000,25.14,25.1543,25.14,25.1543,5955,0
TBFC.US,D,20240126,000000,25.18,25.18,25.1403,25.1403,102,0
TBFC.US,D,20240129,000000,25.2,25.26,25.2,25.2572,8949,0
TBFC.US,D,20240130,000000,25.2326,25.25,25.2326,25.24,6021,0
TBFC.US,D,20240131,000000,25.11,25.12,25.1039,25.1039,816,0
TBFC.US,D,20240201,000000,25.2625,25.2625,25.2625,25.2625,3,0
TBFC.US,D,20240202,000000,25.31,25.32,25.3,25.3,3141,0
TBFC.US,D,20240205,000000,25.21,25.22,25.205,25.205,6140,0
TBFC.US,D,20240206,000000,25.22,25.28,25.22,25.28,4096,0
TBFC.US,D,20240207,000000,25.32,25.34,25.3,25.34,6627,0
TBFC.US,D,20240208,000000,25.32,25.34,25.32,25.3381,4403,0
TBFC.US,D,20240209,000000,25.31,25.4,25.31,25.3904,1215,0
TBFC.US,D,20240212,000000,25.37,25.45,25.37,25.415,2948,0
TBFC.US,D,20240213,000000,25.13,25.1366,25.11,25.1366,750,0
TBFC.US,D,20240214,000000,25.27,25.2912,25.27,25.2912,6870,0
TBFC.US,D,20240215,000000,25.36,25.42,25.36,25.4122,3990,0
TBFC.US,D,20240216,000000,25.34,25.34,25.326,25.326,1800,0
TBFC.US,D,20240220,000000,25.2689,25.2689,25.2689,25.2689,5200,0
TBFC.US,D,20240221,000000,25.2628,25.2628,25.2628,25.2628,20,0
TBFC.US,D,20240222,000000,25.41,25.49,25.41,25.4867,3881,0
TBFC.US,D,20240223,000000,25.5093,25.5093,25.5093,25.5093,1,0
TBFC.US,D,20240226,000000,25.47,25.47,25.4635,25.4635,500,0
TBFC.US,D,20240227,000000,25.48,25.48,25.4781,25.4781,802,0
TBFC.US,D,20240228,000000,25.42,25.47,25.42,25.4602,1300,0
TBFC.US,D,20240229,000000,25.53,25.57,25.53,25.5671,2039,0
TBFC.US,D,20240301,000000,25.54,25.69,25.54,25.69,1037,0
TBFC.US,D,20240304,000000,25.6604,25.6604,25.6604,25.6604,44,0
TBFC.US,D,20240305,000000,25.5799,25.5799,25.5799,25.5799,500,0
TBFC.US,D,20240306,000000,25.68,25.68,25.66,25.6624,2718,0
TBFC.US,D,20240307,000000,25.8,25.8,25.79,25.7985,1104,0
TBFC.US,D,20240308,000000,25.81,25.81,25.73,25.744,59009,0
TBFC.US,D,20240311,000000,25.7161,25.7161,25.7161,25.7161,500,0
TBFC.US,D,20240312,000000,25.7911,25.7911,25.7911,25.7911,1500,0
TBFC.US,D,20240313,000000,25.79,25.79,25.7578,25.7578,3304,0
TBFC.US,D,20240314,000000,25.6456,25.6456,25.6456,25.6456,150,0
TBFC.US,D,20240315,000000,25.61,25.61,25.5857,25.5857,330,0
TBFC.US,D,20240318,000000,25.67,25.67,25.6349,25.6349,409,0
TBFC.US,D,20240319,000000,25.7186,25.7186,25.7186,25.7186,379,0
TBFC.US,D,20240320,000000,25.8391,25.8391,25.8391,25.8391,300,0
TBFC.US,D,20240321,000000,25.9058,25.9058,25.9058,25.9058,300,0
TBFC.US,D,20240322,000000,25.9037,25.9037,25.9037,25.9037,128,0
TBFC.US,D,20240325,000000,25.8601,25.8601,25.8495,25.8495,710,0
TBFC.US,D,20240326,000000,25.7521,25.7521,25.7521,25.7521,10,0
TBFC.US,D,20240327,000000,25.8938,25.8938,25.8938,25.8938,10,0
TBFC.US,D,20240328,000000,25.92,25.93,25.9186,25.9186,1301,0
TBFC.US,D,20240401,000000,25.8071,25.8071,25.8071,25.8071,10,0
TBFC.US,D,20240402,000000,25.65,25.7164,25.65,25.7164,250,0
TBFC.US,D,20240403,000000,25.743,25.743,25.743,25.743,10,0
TBFC.US,D,20240404,000000,25.81,25.81,25.6497,25.6497,200,0
TBFC.US,D,20240405,000000,25.7095,25.7095,25.7095,25.7095,10,0
TBFC.US,D,20240408,000000,25.7088,25.7088,25.7088,25.7088,10,0
TBFC.US,D,20240409,000000,25.7493,25.7493,25.7493,25.7493,10,0
TBFC.US,D,20240410,000000,25.5211,25.5211,25.5211,25.5211,10,0
TBFC.US,D,20240411,000000,25.5822,25.5822,25.5822,25.5822,10,0
TBFC.US,D,20240412,000000,25.426,25.426,25.426,25.426,10,0
TBFC.US,D,20240415,000000,25.2691,25.2691,25.2691,25.2691,10,0
TBFC.US,D,20240416,000000,25.1987,25.1987,25.1987,25.1987,10,0
TBFC.US,D,20240417,000000,25.18,25.18,25.18,25.18,10,0
TBFC.US,D,20240418,000000,25.1405,25.1405,25.1405,25.1405,10,0
TBFC.US,D,20240419,000000,25.1101,25.1101,25.1101,25.1101,1,0
TBFC.US,D,20240422,000000,25.2017,25.2017,25.2017,25.2017,1,0
TBFC.US,D,20240423,000000,25.3236,25.3236,25.3236,25.3236,1200,0
TBFC.US,D,20240424,000000,25.31,25.3184,25.31,25.3184,201,0
TBFC.US,D,20240425,000000,25.2579,25.2579,25.2579,25.2579,2,0
TBFC.US,D,20240426,000000,25.3,25.36,25.3,25.3554,9266,0
TBFC.US,D,20240429,000000,25.35,25.42,25.35,25.4089,12400,0
TBFC.US,D,20240430,000000,25.2684,25.2684,25.2681,25.2681,203,0
TBFC.US,D,20240501,000000,25.2405,25.2405,25.2405,25.2405,1,0
TBFC.US,D,20240502,000000,25.3733,25.3733,25.3733,25.3733,1,0
TBFC.US,D,20240503,000000,25.53,25.53,25.529,25.529,100,0
TBFC.US,D,20240506,000000,25.59,25.63,25.58,25.6298,423,0
TBFC.US,D,20240507,000000,25.69,25.7,25.6622,25.6622,2826,0
TBFC.US,D,20240508,000000,25.59,25.65,25.59,25.6395,1978,0
TBFC.US,D,20240509,000000,25.7202,25.7202,25.7202,25.7202,1,0
TBFC.US,D,20240510,000000,25.7124,25.7124,25.7124,25.7124,1,0
TBFC.US,D,20240513,000000,25.7158,25.7158,25.7158,25.7158,1,0
TBFC.US,D,20240514,000000,25.8043,25.8043,25.8043,25.8043,1,0
TBFC.US,D,20240515,000000,25.96,25.981,25.96,25.981,100,0
TBFC.US,D,20240516,000000,25.97,25.97,25.9461,25.9461,279,0
TBFC.US,D,20240517,000000,25.92,25.9404,25.92,25.9404,2500,0
TBFC.US,D,20240520,000000,25.96,25.96,25.9434,25.9434,100,0
TBFC.US,D,20240521,000000,25.9703,25.9703,25.9703,25.9703,1,0
TBFC.US,D,20240522,000000,25.8954,25.8954,25.8954,25.8954,1,0
TBFC.US,D,20240523,000000,25.7751,25.7751,25.7751,25.7751,1,0
TBFC.US,D,20240524,000000,25.8597,25.8597,25.8597,25.8597,1,0
TBFC.US,D,20240528,000000,25.8214,25.8214,25.8214,25.8214,3,0
TBFC.US,D,20240529,000000,25.6972,25.6972,25.6972,25.6972,1,0
TBFC.US,D,20240530,000000,25.7046,25.7046,25.7046,25.7046,1,0
TBFC.US,D,20240531,000000,25.8146,25.8146,25.8146,25.8146,1,0
TBFC.US,D,20240603,000000,25.8513,25.8513,25.8513,25.8513,1,0
TBFC.US,D,20240604,000000,25.85,25.8702,25.85,25.8702,13419,0
TBFC.US,D,20240605,000000,25.95,26.03,25.95,26.03,524,0
TBFC.US,D,20240606,000000,26.02,26.02,26.02,26.02,1,0
TBFC.US,D,20240607,000000,25.9169,25.9169,25.9169,25.9169,2,0
TBFC.US,D,20240610,000000,25.9416,25.9416,25.9416,25.9416,1,0
TBFC.US,D,20240611,000000,25.973,25.973,25.973,25.973,1,0
TBFC.US,D,20240612,000000,26.16,26.21,26.1293,26.1293,3200,0
TBFC.US,D,20240613,000000,26.1575,26.1575,26.1575,26.1575,76,0
TBFC.US,D,20240614,000000,26.1231,26.1231,26.1231,26.1231,1,0
TBFC.US,D,20240617,000000,26.14,26.1806,26.14,26.1806,200,0
TBFC.US,D,20240618,000000,26.2494,26.2494,26.2494,26.2494,1,0
TBFC.US,D,20240620,000000,26.2158,26.2158,26.2158,26.2158,1,0
TBFC.US,D,20240621,000000,26.1978,26.1978,26.1978,26.1978,1,0
