<TICKER>,<PER>,<DATE>,<TIME>,<OPEN>,<HIGH>,<LOW>,<CLOSE>,<VOL>,<OPENINT>
TIME.US,D,20220131,000000,26.6723,26.6723,26.6723,26.6723,36,0
TIME.US,D,20220201,000000,27.0694,27.0694,27.0694,27.0694,77,0
TIME.US,D,20220202,000000,26.5275,26.5275,26.5275,26.5275,30,0
TIME.US,D,20220203,000000,25.1594,25.1594,25.1594,25.1594,1,0
TIME.US,D,20220204,000000,25.9499,26.0219,25.949,25.9758,2291,0
TIME.US,D,20220207,000000,26.2061,26.2061,25.9681,25.9681,100,0
TIME.US,D,20220208,000000,26.31,26.3704,26.2604,26.3704,6500,0
TIME.US,D,20220209,000000,27.0951,27.0951,27.0951,27.0951,4,0
TIME.US,D,20220210,000000,26.86,26.86,26.74,26.7601,4405,0
TIME.US,D,20220211,000000,25.9794,25.9794,25.9794,25.9794,22,0
TIME.US,D,20220214,000000,26.0257,26.0257,26.0257,26.0257,40,0
TIME.US,D,20220215,000000,26.475,26.8448,26.475,26.8448,103,0
TIME.US,D,20220216,000000,26.6788,26.6788,26.6788,26.6788,3,0
TIME.US,D,20220217,000000,25.8599,25.8599,25.8599,25.8599,75,0
TIME.US,D,20220218,000000,25.1644,25.1644,25.1644,25.1644,11,0
TIME.US,D,20220222,000000,24.5621,24.5621,24.5621,24.5621,12,0
TIME.US,D,20220223,000000,23.6412,23.6412,23.6412,23.6412,3,0
TIME.US,D,20220224,000000,24.5772,24.5772,24.5772,24.5772,1,0
TIME.US,D,20220225,000000,25.0401,25.0401,25.0401,25.0401,85,0
TIME.US,D,20220228,000000,25.3097,25.3097,25.3097,25.3097,2,0
TIME.US,D,20220301,000000,24.8124,24.8124,24.8124,24.8124,17,0
TIME.US,D,20220302,000000,25.06,25.3784,25.06,25.3784,9715,0
TIME.US,D,20220303,000000,24.88,24.88,24.6318,24.6318,2051,0
TIME.US,D,20220304,000000,23.8505,23.8505,23.8505,23.8505,230,0
TIME.US,D,20220307,000000,22.7106,22.7106,22.7106,22.7106,1,0
TIME.US,D,20220308,000000,22.86,22.86,22.8017,22.8017,165,0
TIME.US,D,20220309,000000,23.619,23.6918,23.619,23.6918,125,0
TIME.US,D,20220310,000000,23.5631,23.5631,23.5631,23.5631,2,0
TIME.US,D,20220311,000000,22.9355,22.9355,22.9355,22.9355,5,0
TIME.US,D,20220314,000000,22.665,22.7101,22.3013,22.3013,1421,0
TIME.US,D,20220315,000000,22.978,22.978,22.978,22.978,12,0
TIME.US,D,20220316,000000,23.31,24.0617,23.31,24.0617,1521,0
TIME.US,D,20220317,000000,24.7022,24.7022,24.7022,24.7022,66,0
TIME.US,D,20220318,000000,25.34,25.5089,25.34,25.5089,159,0
TIME.US,D,20220321,000000,25.1746,25.1746,25.1746,25.1746,11,0
TIME.US,D,20220322,000000,25.7001,25.788,25.615,25.788,4120,0
TIME.US,D,20220323,000000,25.5433,25.5433,25.5433,25.5433,30,0
TIME.US,D,20220324,000000,25.72,25.8765,25.7192,25.8765,11925,0
TIME.US,D,20220325,000000,25.506,25.5523,25.506,25.5523,3008,0
TIME.US,D,20220328,000000,25.7785,26.0748,25.7785,26.0748,1012,0
TIME.US,D,20220329,000000,26.6749,26.6749,26.6749,26.6749,31,0
TIME.US,D,20220330,000000,26.249,26.249,26.249,26.249,29,0
TIME.US,D,20220331,000000,25.8616,25.8616,25.8616,25.8616,28,0
TIME.US,D,20220401,000000,26.05,26.05,25.8199,25.8199,600,0
TIME.US,D,20220404,000000,26.43,26.54,26.43,26.5185,413,0
TIME.US,D,20220405,000000,26.01,26.06,25.69,25.69,955,0
TIME.US,D,20220406,000000,24.91,24.91,24.8569,24.8569,225,0
TIME.US,D,20220407,000000,24.95,24.95,24.7654,24.7654,207,0
TIME.US,D,20220408,000000,24.585,24.62,24.4504,24.4504,4004,0
TIME.US,D,20220411,000000,24.39,24.42,24.2243,24.2243,8250,0
TIME.US,D,20220412,000000,24.92,24.92,24.1172,24.2051,67330,0
TIME.US,D,20220413,000000,24.655,24.995,24.62,24.9054,1002,0
TIME.US,D,20220414,000000,24.63,24.75,24.4275,24.4275,25449,0
TIME.US,D,20220418,000000,24.28,24.285,24.04,24.1327,2169,0
TIME.US,D,20220419,000000,24.49,24.875,24.49,24.8032,813,0
TIME.US,D,20220420,000000,24.3,24.4,24.0699,24.0699,3941,0
TIME.US,D,20220421,000000,24.4,24.4,23.2319,23.2319,1163,0
TIME.US,D,20220422,000000,23.31,23.31,22.7188,22.7188,1117,0
TIME.US,D,20220425,000000,22.87,23.15,22.81,23.08,2001,0
TIME.US,D,20220426,000000,22.53,22.55,22.36,22.3616,662,0
TIME.US,D,20220427,000000,22.43,22.51,22.0845,22.0845,4127,0
TIME.US,D,20220428,000000,22.57,22.723,22.57,22.723,4418,0
TIME.US,D,20220429,000000,21.6275,21.6275,21.6275,21.6275,5,0
TIME.US,D,20220502,000000,22.0829,22.0829,22.0829,22.0829,84,0
TIME.US,D,20220503,000000,21.8664,21.8664,21.8664,21.8664,1,0
TIME.US,D,20220504,000000,21.61,22.3448,21.61,22.3448,116,0
TIME.US,D,20220505,000000,20.9865,20.9865,20.9865,20.9865,52,0
TIME.US,D,20220506,000000,21.04,21.04,20.5133,20.5133,202,0
TIME.US,D,20220509,000000,19.1752,19.1752,19.1752,19.1752,12,0
TIME.US,D,20220510,000000,19.2405,19.2405,19.2405,19.2405,109,0
TIME.US,D,20220511,000000,18.2006,18.2006,18.2006,18.2006,8,0
TIME.US,D,20220512,000000,18.59,18.59,18.59,18.59,6,0
TIME.US,D,20220513,000000,19.53,19.67,19.3799,19.5654,3619,0
TIME.US,D,20220516,000000,19.49,19.49,18.9433,18.9433,700,0
TIME.US,D,20220517,000000,19.4184,19.4184,19.4184,19.4184,53,0
TIME.US,D,20220518,000000,18.2875,18.2875,18.2875,18.2875,138,0
TIME.US,D,20220519,000000,18.69,18.69,18.5166,18.5166,273,0
TIME.US,D,20220520,000000,18.15,18.2951,18.01,18.2951,638,0
TIME.US,D,20220523,000000,18.25,18.484,18.25,18.484,358,0
TIME.US,D,20220524,000000,17.73,17.73,17.6526,17.6526,148,0
TIME.US,D,20220525,000000,17.95,18.1908,17.925,18.1908,5755,0
TIME.US,D,20220526,000000,18.7423,18.7423,18.7423,18.7423,110,0
TIME.US,D,20220527,000000,19.48,19.48,19.48,19.48,76,0
TIME.US,D,20220531,000000,19.43,19.44,19.3,19.4084,2761,0
TIME.US,D,20220601,000000,19.37,19.37,19.2839,19.2839,182,0
TIME.US,D,20220602,000000,19.76,20.04,19.76,20.0047,2976,0
TIME.US,D,20220603,000000,19.46,19.4615,19.46,19.4615,113,0
TIME.US,D,20220606,000000,19.84,19.84,19.48,19.5552,2600,0
TIME.US,D,20220607,000000,19.62,19.7713,19.62,19.7713,2157,0
TIME.US,D,20220608,000000,19.91,19.91,19.72,19.7221,1702,0
TIME.US,D,20220609,000000,19.46,19.52,19.1086,19.1086,515,0
TIME.US,D,20220610,000000,18.55,18.55,18.26,18.2765,7257,0
TIME.US,D,20220613,000000,17.61,17.61,17.2115,17.2115,804,0
TIME.US,D,20220614,000000,17.32,17.38,17.229,17.229,2514,0
TIME.US,D,20220615,000000,17.55,17.93,17.52,17.7867,5147,0
TIME.US,D,20220616,000000,17.16,17.16,16.8,16.8384,876,0
TIME.US,D,20220617,000000,17.14,17.3344,17.14,17.3344,161,0
TIME.US,D,20220621,000000,17.89,17.94,17.7013,17.7013,7622,0
TIME.US,D,20220622,000000,17.79,17.85,17.6645,17.6645,358,0
TIME.US,D,20220623,000000,17.7,17.9845,17.7,17.9845,155,0
TIME.US,D,20220624,000000,18.6578,18.6578,18.6578,18.6578,2,0
TIME.US,D,20220627,000000,18.4,18.4,18.357,18.357,2106,0
TIME.US,D,20220628,000000,18.02,18.02,17.7433,17.7433,605,0
TIME.US,D,20220629,000000,17.57,17.5909,17.57,17.5909,400,0
TIME.US,D,20220630,000000,17.1489,17.1489,17.1489,17.1489,79,0
TIME.US,D,20220701,000000,17.4813,17.4813,17.4813,17.4813,7,0
TIME.US,D,20220705,000000,17.9658,17.9658,17.9658,17.9658,66,0
TIME.US,D,20220706,000000,17.75,17.7728,17.75,17.7728,287,0
TIME.US,D,20220707,000000,18.19,18.2437,18.19,18.2437,102,0
TIME.US,D,20220708,000000,18.1,18.38,18.1,18.2649,217,0
TIME.US,D,20220711,000000,17.87,17.93,17.782,17.782,307,0
TIME.US,D,20220712,000000,17.51,17.5537,17.51,17.5537,177,0
TIME.US,D,20220713,000000,17.56,17.5636,17.56,17.5636,166,0
TIME.US,D,20220714,000000,17.33,17.3903,17.33,17.3903,623,0
TIME.US,D,20220715,000000,17.81,17.83,17.81,17.83,2068,0
TIME.US,D,20220718,000000,18.2699,18.2699,17.9161,17.9161,551,0
TIME.US,D,20220719,000000,18.17,18.3549,18.17,18.3549,703,0
TIME.US,D,20220720,000000,18.87,18.91,18.87,18.91,183,0
TIME.US,D,20220721,000000,18.9201,19.1525,18.9201,19.1525,407,0
TIME.US,D,20220722,000000,18.76,18.76,18.66,18.7141,7802,0
TIME.US,D,20220725,000000,18.54,18.66,18.531,18.5978,2023,0
TIME.US,D,20220726,000000,18.0401,18.0401,17.83,17.83,679,0
TIME.US,D,20220727,000000,18.51,18.7198,18.51,18.7198,155,0
TIME.US,D,20220728,000000,18.959,18.959,18.959,18.959,63,0
TIME.US,D,20220729,000000,19.0956,19.52,19.0956,19.4926,4509,0
TIME.US,D,20220801,000000,19.79,19.79,19.5834,19.5834,235,0
TIME.US,D,20220802,000000,19.73,19.93,19.729,19.8627,553,0
TIME.US,D,20220803,000000,20.27,20.3825,20.27,20.3825,118,0
TIME.US,D,20220804,000000,20.59,20.59,20.5851,20.5851,159,0
TIME.US,D,20220805,000000,20.4178,20.4178,20.4178,20.4178,44,0
TIME.US,D,20220808,000000,20.3689,20.41,20.3689,20.3743,586,0
TIME.US,D,20220809,000000,19.9886,19.9886,19.9886,19.9886,80,0
TIME.US,D,20220810,000000,20.7065,20.7065,20.7065,20.7065,23,0
TIME.US,D,20220811,000000,20.55,20.558,20.55,20.558,197,0
TIME.US,D,20220812,000000,20.8575,20.8575,20.8575,20.8575,4,0
TIME.US,D,20220815,000000,20.9465,20.99,20.9465,20.9465,514,0
TIME.US,D,20220816,000000,21.03,21.03,20.9978,20.9978,211,0
TIME.US,D,20220817,000000,20.4936,20.4936,20.4936,20.4936,57,0
TIME.US,D,20220818,000000,20.36,20.4864,20.3533,20.4864,2028,0
TIME.US,D,20220819,000000,20,20,19.9804,19.9804,182,0
TIME.US,D,20220822,000000,19.5801,19.5801,19.51,19.51,200,0
TIME.US,D,20220823,000000,19.7547,19.7547,19.7547,19.7547,12,0
TIME.US,D,20220824,000000,19.9087,19.9087,19.9087,19.9087,4,0
TIME.US,D,20220825,000000,20.4209,20.4209,20.4209,20.4209,2,0
TIME.US,D,20220826,000000,20.3995,20.3995,19.7941,19.7941,111,0
TIME.US,D,20220829,000000,19.5899,19.5899,19.5899,19.5899,14,0
TIME.US,D,20220830,000000,19.5,19.5,19.2899,19.4061,2195,0
TIME.US,D,20220831,000000,19.1301,19.1613,19.1301,19.1613,110,0
TIME.US,D,20220901,000000,18.7033,18.7033,18.7033,18.7033,16,0
TIME.US,D,20220902,000000,18.5654,18.5654,18.5654,18.5654,123,0
TIME.US,D,20220906,000000,18.45,18.45,18.4134,18.4134,508,0
TIME.US,D,20220907,000000,18.8382,18.8382,18.8382,18.8382,5,0
TIME.US,D,20220908,000000,19.0823,19.0823,19.0823,19.0823,3,0
TIME.US,D,20220909,000000,19.5911,19.5911,19.5911,19.5911,12,0
TIME.US,D,20220912,000000,19.8542,19.8542,19.8542,19.8542,72,0
TIME.US,D,20220913,000000,18.45,19.0185,18.45,19.0185,2,0
TIME.US,D,20220914,000000,19.2494,19.2494,19.2494,19.2494,11,0
TIME.US,D,20220915,000000,19.1066,19.1066,19.1066,19.1066,3,0
TIME.US,D,20220916,000000,18.6832,18.6832,18.6832,18.6832,39,0
TIME.US,D,20220919,000000,18.8,18.8001,18.8,18.8001,830,0
TIME.US,D,20220920,000000,18.6175,18.6175,18.6175,18.6175,4,0
TIME.US,D,20220921,000000,18.2863,18.2863,18.2863,18.2863,3,0
TIME.US,D,20220922,000000,17.93,17.93,17.7551,17.7551,359,0
TIME.US,D,20220923,000000,17.3399,17.3993,17.3,17.3993,6935,0
TIME.US,D,20220926,000000,17.32,17.37,17.3132,17.3132,265,0
TIME.US,D,20220927,000000,17.34,17.4631,17.34,17.4631,100,0
TIME.US,D,20220928,000000,17.86,17.8696,17.86,17.8696,100,0
TIME.US,D,20220929,000000,17.3311,17.3311,17.3311,17.3311,1,0
TIME.US,D,20220930,000000,17.28,17.28,17.1434,17.1434,101,0
TIME.US,D,20221003,000000,17.3152,17.3152,17.3152,17.3152,47,0
TIME.US,D,20221004,000000,18.01,18.01,17.9885,17.9885,117,0
TIME.US,D,20221005,000000,17.77,17.956,17.77,17.956,134,0
TIME.US,D,20221006,000000,17.98,17.98,17.9413,17.9413,187,0
TIME.US,D,20221007,000000,17.209,17.209,17.209,17.209,10,0
TIME.US,D,20221010,000000,16.945,16.945,16.945,16.945,2,0
TIME.US,D,20221011,000000,16.62,16.62,16.5,16.5513,428,0
TIME.US,D,20221012,000000,16.68,16.7,16.59,16.6976,65659,0
TIME.US,D,20221013,000000,16.76,16.76,16.76,16.76,10,0
TIME.US,D,20221014,000000,16.54,16.93,16.3,16.4184,345288,0
TIME.US,D,20221017,000000,16.74,16.9,16.71,16.8616,10328,0
TIME.US,D,20221018,000000,17.1,17.1,17.077,17.077,333,0
TIME.US,D,20221019,000000,17.07,17.16,17,17.13,24196,0
TIME.US,D,20221020,000000,17.03,17.28,16.97,17.0211,37353,0
TIME.US,D,20221021,000000,17,17.74,16.94,17.29,159735,0
TIME.US,D,20221024,000000,17.145,17.79,17.145,17.2557,69325,0
TIME.US,D,20221025,000000,17.54,17.63,17.42,17.54,32853,0
TIME.US,D,20221026,000000,17.4,17.44,17.24,17.25,46500,0
TIME.US,D,20221027,000000,17.31,17.31,17.04,17.08,74764,0
TIME.US,D,20221028,000000,16.93,17.14,16.9199,17.1325,10718,0
TIME.US,D,20221031,000000,17.05,17.09,17.0025,17.0025,3448,0
TIME.US,D,20221101,000000,16.9691,16.9691,16.9691,16.9691,64,0
TIME.US,D,20221102,000000,16.85,16.85,16.3551,16.3551,648,0
TIME.US,D,20221103,000000,16.25,16.3,16.1385,16.1385,468,0
TIME.US,D,20221104,000000,15.98,15.98,15.89,15.9575,209,0
TIME.US,D,20221107,000000,15.9299,15.93,15.923,15.923,278,0
TIME.US,D,20221108,000000,15.92,16.0394,15.92,16.0394,807,0
TIME.US,D,20221109,000000,15.9,15.9,15.6494,15.6494,4911,0
TIME.US,D,20221110,000000,16.5734,16.7834,16.5734,16.7834,201,0
TIME.US,D,20221111,000000,17.2256,17.2256,17.2256,17.2256,117,0
TIME.US,D,20221114,000000,17.21,17.21,17.0549,17.0549,758,0
TIME.US,D,20221115,000000,17.48,17.48,17.3576,17.3576,1368,0
TIME.US,D,20221116,000000,16.9709,16.9709,16.9709,16.9709,95,0
TIME.US,D,20221117,000000,16.69,16.7101,16.69,16.7101,203,0
TIME.US,D,20221118,000000,16.733,16.733,16.733,16.733,34,0
TIME.US,D,20221121,000000,16.61,16.6681,16.5296,16.5296,3573,0
TIME.US,D,20221122,000000,16.8229,16.8229,16.8229,16.8229,47,0
TIME.US,D,20221123,000000,17.1227,17.1227,17.1227,17.1227,23,0
TIME.US,D,20221125,000000,17.0624,17.0624,17.0624,17.0624,41,0
TIME.US,D,20221128,000000,16.94,16.94,16.7945,16.7945,106,0
TIME.US,D,20221129,000000,16.7151,16.7151,16.7151,16.7151,91,0
TIME.US,D,20221130,000000,16.6,17.3218,16.6,17.3218,863,0
TIME.US,D,20221201,000000,17.41,17.4958,17.41,17.4958,127,0
TIME.US,D,20221202,000000,17.44,17.4479,17.44,17.4479,1216,0
TIME.US,D,20221205,000000,17.09,17.09,17.05,17.0746,1294086,0
TIME.US,D,20221206,000000,16.7,16.7,16.6823,16.6823,912,0
TIME.US,D,20221207,000000,16.6041,16.6041,16.6041,16.6041,155,0
TIME.US,D,20221208,000000,16.74,16.7812,16.74,16.7812,156319,0
TIME.US,D,20221209,000000,16.9083,16.94,16.7804,16.7804,39612,0
TIME.US,D,20221212,000000,16.8501,16.98,16.8501,16.9691,48518,0
TIME.US,D,20221213,000000,17.21,17.26,17.13,17.19,182970,0
TIME.US,D,20221214,000000,17.29,17.34,17.1434,17.19,7585,0
TIME.US,D,20221215,000000,16.58,16.66,16.58,16.5895,7516,0
TIME.US,D,20221216,000000,16.4322,16.5144,16.4251,16.5144,499,0
TIME.US,D,20221219,000000,16.2158,16.2158,16.2158,16.2158,1,0
TIME.US,D,20221220,000000,16.16,16.2199,16.14,16.2169,23774,0
TIME.US,D,20221221,000000,16.4297,16.4297,16.405,16.4151,237,0
TIME.US,D,20221222,000000,16.1266,16.1266,16.1266,16.1266,1,0
TIME.US,D,20221223,000000,16.115,16.1161,16.115,16.1161,203,0
TIME.US,D,20221227,000000,15.93,15.95,15.9074,15.9074,11697,0
TIME.US,D,20221228,000000,15.7699,15.77,15.7233,15.7233,200,0
TIME.US,D,20221229,000000,16.05,16.1385,16.05,16.11,353276,0
TIME.US,D,20221230,000000,15.96,16.0646,15.86,16.0646,21725,0
TIME.US,D,20230103,000000,16.14,16.14,16.13,16.1303,2130,0
TIME.US,D,20230104,000000,16.29,16.29,16.22,16.2867,1843,0
TIME.US,D,20230105,000000,16.13,16.1301,16.0491,16.0491,978,0
TIME.US,D,20230106,000000,16.28,16.4768,16.28,16.4743,1914,0
TIME.US,D,20230109,000000,16.7901,16.83,16.6804,16.6972,13746,0
TIME.US,D,20230110,000000,16.81,16.9437,16.81,16.9437,2015,0
TIME.US,D,20230111,000000,17.05,17.19,17.05,17.1899,3519,0
TIME.US,D,20230112,000000,17.2001,17.2989,17.2,17.2633,31726,0
TIME.US,D,20230113,000000,17.3927,17.42,17.39,17.4007,3153,0
TIME.US,D,20230117,000000,17.4102,17.4102,17.3085,17.3102,1029,0
TIME.US,D,20230118,000000,17.3,17.3,17.2166,17.2364,1663,0
TIME.US,D,20230119,000000,17.05,17.2399,17.0372,17.1515,1616,0
TIME.US,D,20230120,000000,17.24,17.4461,17.24,17.4461,3920,0
TIME.US,D,20230123,000000,17.6562,17.6562,17.6562,17.6562,65,0
TIME.US,D,20230124,000000,17.71,17.74,17.5023,17.5927,13586,0
TIME.US,D,20230125,000000,17.4064,17.59,17.4064,17.5772,16151,0
TIME.US,D,20230126,000000,17.6101,17.756,17.6101,17.756,33629,0
TIME.US,D,20230127,000000,17.93,18.0001,17.9299,17.9843,26004,0
TIME.US,D,20230130,000000,17.85,17.85,17.75,17.76,2300,0
TIME.US,D,20230131,000000,18.0236,18.05,18.0152,18.0444,1600,0
TIME.US,D,20230201,000000,17.95,18.2896,17.95,18.2896,700,0
TIME.US,D,20230202,000000,18.83,18.9599,18.75,18.9069,16790,0
TIME.US,D,20230203,000000,18.94,18.9799,18.6605,18.6605,3965,0
TIME.US,D,20230206,000000,18.62,18.6222,18.61,18.6222,2339,0
TIME.US,D,20230207,000000,18.585,18.8256,18.57,18.8256,3067,0
TIME.US,D,20230208,000000,18.8347,18.85,18.68,18.6985,5479,0
TIME.US,D,20230209,000000,18.82,18.82,18.5483,18.5483,145,0
TIME.US,D,20230210,000000,18.37,18.51,18.37,18.51,39324,0
TIME.US,D,20230213,000000,18.575,18.575,18.5201,18.5479,7250,0
TIME.US,D,20230214,000000,18.6,18.72,18.6,18.714,8448,0
TIME.US,D,20230215,000000,18.7846,18.8876,18.78,18.8876,905,0
TIME.US,D,20230216,000000,18.6475,18.6475,18.6475,18.6475,92,0
TIME.US,D,20230217,000000,18.48,18.4989,18.4587,18.4989,3177,0
TIME.US,D,20230221,000000,18.2001,18.26,18.14,18.1656,3972,0
TIME.US,D,20230222,000000,18.2808,18.2808,18.2808,18.2808,31,0
TIME.US,D,20230223,000000,18.25,18.3655,18.175,18.3555,10900,0
TIME.US,D,20230224,000000,18.07,18.1883,17.6,18.1883,13498,0
TIME.US,D,20230227,000000,18.2799,18.41,18.24,18.2492,55846,0
TIME.US,D,20230228,000000,18.3407,18.42,18.3166,18.3166,11321,0
TIME.US,D,20230301,000000,18.23,18.24,18.2011,18.2251,5420,0
TIME.US,D,20230302,000000,18.14,18.2923,18.14,18.2923,138,0
TIME.US,D,20230303,000000,18.53,18.685,18.53,18.6579,5910,0
TIME.US,D,20230306,000000,18.695,18.89,18.56,18.5835,78120,0
TIME.US,D,20230307,000000,18.61,18.88,18.49,18.49,27825,0
TIME.US,D,20230308,000000,18.48,18.63,18.43,18.5414,94349,0
TIME.US,D,20230309,000000,18.6199,18.69,18.2383,18.2383,57158,0
TIME.US,D,20230310,000000,18.1,18.1,17.9258,17.9258,1456,0
TIME.US,D,20230313,000000,17.85,18.11,17.78,17.8714,97570,0
TIME.US,D,20230314,000000,18.1824,18.3554,18.1824,18.3554,5304,0
TIME.US,D,20230315,000000,18.25,18.37,18.21,18.3198,5924,0
TIME.US,D,20230316,000000,18.4,18.8443,18.4,18.8443,8967,0
TIME.US,D,20230317,000000,18.85,18.85,18.6289,18.6289,4277,0
TIME.US,D,20230320,000000,18.62,18.7031,18.55,18.7031,8343,0
TIME.US,D,20230321,000000,18.98,19.11,18.96,19.0568,4295,0
TIME.US,D,20230322,000000,19.09,19.17,18.8512,18.8512,651,0
TIME.US,D,20230323,000000,18.9661,18.9661,18.9661,18.9661,82,0
TIME.US,D,20230324,000000,18.7001,18.88,18.7,18.8565,9025,0
TIME.US,D,20230327,000000,18.9601,18.975,18.8201,18.83,6938,0
TIME.US,D,20230328,000000,18.71,18.725,18.62,18.7175,9719,0
TIME.US,D,20230329,000000,18.91,18.99,18.91,18.9761,19986,0
TIME.US,D,20230330,000000,19.1501,19.1501,19.1384,19.1384,160,0
TIME.US,D,20230331,000000,19.4411,19.4917,19.4201,19.4917,3576,0
TIME.US,D,20230403,000000,19.31,19.52,19.31,19.4832,15219,0
TIME.US,D,20230404,000000,19.3955,19.3955,19.3303,19.3398,905,0
TIME.US,D,20230405,000000,19.025,19.0702,19.025,19.0702,1357,0
TIME.US,D,20230406,000000,18.9,19.16,18.9,19.0982,7889,0
TIME.US,D,20230410,000000,19.1,19.24,19.0801,19.24,26068,0
TIME.US,D,20230411,000000,19.1901,19.25,19.1266,19.1266,7800,0
TIME.US,D,20230412,000000,19.2003,19.2003,19.0041,19.0041,24172,0
TIME.US,D,20230413,000000,19.36,19.3926,19.3401,19.3466,15122,0
TIME.US,D,20230414,000000,19.4,19.42,19.2541,19.3556,1756,0
TIME.US,D,20230417,000000,19.36,19.4067,19.3,19.4067,453,0
TIME.US,D,20230418,000000,19.49,19.52,19.44,19.482,26995,0
TIME.US,D,20230419,000000,19.4,19.5083,19.39,19.4608,25607,0
TIME.US,D,20230420,000000,19.25,19.25,19.195,19.195,113,0
TIME.US,D,20230421,000000,19.2699,19.34,19.265,19.3157,2833,0
TIME.US,D,20230424,000000,19.17,19.2297,19.14,19.2073,9266,0
TIME.US,D,20230425,000000,18.99,19,18.8047,18.8047,32245,0
TIME.US,D,20230426,000000,18.97,19,18.75,18.8,13561,0
TIME.US,D,20230427,000000,19.11,19.25,19.11,19.213,17629,0
TIME.US,D,20230428,000000,19.19,19.24,19.19,19.2162,2383,0
TIME.US,D,20230501,000000,19.3011,19.42,19.235,19.41,38055,0
TIME.US,D,20230502,000000,19.17,19.3,19.17,19.2584,15697,0
TIME.US,D,20230503,000000,19.2625,19.3532,19.2175,19.2175,801,0
TIME.US,D,20230504,000000,19.18,19.22,19.12,19.21,15455,0
TIME.US,D,20230505,000000,19.51,19.51,19.4714,19.4714,2102,0
TIME.US,D,20230508,000000,19.75,19.83,19.75,19.83,5797,0
TIME.US,D,20230509,000000,19.7,19.72,19.6713,19.6713,5105,0
TIME.US,D,20230510,000000,19.69,19.8118,19.6899,19.8118,1736,0
TIME.US,D,20230511,000000,19.74,19.7928,19.74,19.7853,588,0
TIME.US,D,20230512,000000,19.6671,19.6801,19.49,19.6801,17658,0
TIME.US,D,20230515,000000,19.8385,19.8385,19.8385,19.8385,40,0
TIME.US,D,20230516,000000,19.85,19.88,19.829,19.829,1050,0
TIME.US,D,20230517,000000,19.94,20.15,19.94,20.1219,6166,0
TIME.US,D,20230518,000000,20.5179,20.5179,20.5179,20.5179,38,0
TIME.US,D,20230519,000000,20.41,20.4405,20.4099,20.4405,6394,0
TIME.US,D,20230522,000000,20.5551,20.5551,20.5551,20.5551,51,0
TIME.US,D,20230523,000000,20.56,20.61,20.3667,20.3667,8928,0
TIME.US,D,20230524,000000,20.37,20.3707,20.37,20.3707,1172,0
TIME.US,D,20230525,000000,20.6601,20.7399,20.66,20.6983,3772,0
TIME.US,D,20230526,000000,21.1613,21.1613,21.1613,21.1613,147,0
TIME.US,D,20230530,000000,21.31,21.32,21.2264,21.2264,5848,0
TIME.US,D,20230531,000000,21.04,21.199,21.04,21.199,145,0
TIME.US,D,20230601,000000,21.3401,21.4264,21.3401,21.4264,5590,0
TIME.US,D,20230602,000000,21.6873,21.755,21.6344,21.6344,14939,0
TIME.US,D,20230605,000000,21.72,21.85,21.63,21.7774,3647,0
TIME.US,D,20230606,000000,21.8,21.925,21.8,21.8303,4174,0
TIME.US,D,20230607,000000,21.8882,21.8882,21.4259,21.4259,3495,0
TIME.US,D,20230608,000000,21.5001,21.6841,21.5001,21.6841,1598,0
TIME.US,D,20230609,000000,21.73,21.8199,21.69,21.7538,4174,0
TIME.US,D,20230612,000000,22.0727,22.0727,22.0727,22.0727,30,0
TIME.US,D,20230613,000000,22.21,22.2142,22.13,22.13,4813,0
TIME.US,D,20230614,000000,22.4399,22.47,22.25,22.4265,17934,0
TIME.US,D,20230615,000000,22.5633,22.7296,22.5633,22.7296,926,0
TIME.US,D,20230616,000000,22.77,22.79,22.6618,22.6618,2082,0
TIME.US,D,20230620,000000,22.59,22.59,22.5301,22.5685,11238,0
TIME.US,D,20230621,000000,22.405,22.49,22.25,22.3548,11895,0
TIME.US,D,20230622,000000,22.536,22.536,22.536,22.536,1,0
TIME.US,D,20230623,000000,22.44,22.54,22.4085,22.4085,7780,0
TIME.US,D,20230626,000000,22.4101,22.4101,22.1933,22.1933,4193,0
TIME.US,D,20230627,000000,22.3,22.52,22.3,22.4688,3097,0
TIME.US,D,20230628,000000,22.59,22.59,22.52,22.5211,2968,0
TIME.US,D,20230629,000000,22.47,22.47,22.41,22.4438,2324,0
TIME.US,D,20230630,000000,22.7075,22.75,22.6946,22.6946,2554,0
TIME.US,D,20230703,000000,22.7099,22.71,22.6935,22.6935,1025,0
TIME.US,D,20230705,000000,22.7501,22.79,22.75,22.7584,3837,0
TIME.US,D,20230706,000000,22.41,22.515,22.41,22.5077,6700,0
TIME.US,D,20230707,000000,22.63,22.6301,22.5415,22.5415,5331,0
TIME.US,D,20230710,000000,22.5855,22.5855,22.57,22.5848,5769,0
TIME.US,D,20230711,000000,22.67,22.84,22.67,22.8137,130945,0
TIME.US,D,20230712,000000,22.9,23.02,22.9,23.0006,9479,0
TIME.US,D,20230713,000000,23.4,23.4144,23.3924,23.3924,2802,0
TIME.US,D,20230714,000000,23.525,23.5398,23.3625,23.3625,2515,0
TIME.US,D,20230717,000000,23.43,23.58,23.42,23.52,4739,0
TIME.US,D,20230718,000000,23.51,23.8191,23.51,23.7566,1000,0
TIME.US,D,20230719,000000,23.84,23.9499,23.81,23.8285,7747,0
TIME.US,D,20230720,000000,23.56,23.67,23.33,23.3695,2150,0
TIME.US,D,20230721,000000,23.414,23.414,23.3262,23.3262,6042,0
TIME.US,D,20230724,000000,23.3397,23.34,23.23,23.2885,11045,0
TIME.US,D,20230725,000000,23.32,23.32,23.2852,23.2852,3977,0
TIME.US,D,20230726,000000,23.2599,23.3,23.1855,23.2505,17116,0
TIME.US,D,20230727,000000,23.09,23.09,23.0782,23.0782,3724,0
TIME.US,D,20230728,000000,23.2899,23.5,23.2899,23.4703,18864,0
TIME.US,D,20230731,000000,23.5277,23.5696,23.5,23.5696,2323,0
TIME.US,D,20230801,000000,23.44,23.5268,23.415,23.5262,9524,0
TIME.US,D,20230802,000000,23.12,23.12,22.89,22.9055,5984,0
TIME.US,D,20230803,000000,22.64,22.8804,22.64,22.8804,671,0
TIME.US,D,20230804,000000,23.13,23.1996,22.9102,22.9102,12623,0
TIME.US,D,20230807,000000,23.01,23.0792,23.01,23.0792,8588,0
TIME.US,D,20230808,000000,22.79,22.8681,22.735,22.8681,4285,0
TIME.US,D,20230809,000000,22.68,22.7263,22.605,22.619,7094,0
TIME.US,D,20230810,000000,22.7117,22.72,22.61,22.6121,877245,0
TIME.US,D,20230811,000000,22.55,22.55,22.4758,22.4758,203,0
TIME.US,D,20230814,000000,22.44,22.7158,22.44,22.7158,3033,0
TIME.US,D,20230815,000000,22.536,22.54,22.4729,22.4729,1405,0
TIME.US,D,20230816,000000,22.355,22.38,22.2733,22.2733,110335,0
TIME.US,D,20230817,000000,22.13,22.1597,22.115,22.1355,2746,0
TIME.US,D,20230818,000000,21.9316,22.0775,21.9316,22.0775,1109,0
TIME.US,D,20230821,000000,22.3,22.41,22.17,22.3698,17236,0
TIME.US,D,20230822,000000,22.4,22.4675,22.27,22.3114,9376,0
TIME.US,D,20230823,000000,22.4715,22.6199,22.47,22.5937,9341,0
TIME.US,D,20230824,000000,22.59,22.6277,22.2207,22.2207,2575,0
TIME.US,D,20230825,000000,22.06,22.2569,22,22.2569,4875,0
TIME.US,D,20230828,000000,22.32,22.3784,22.32,22.3784,3087,0
TIME.US,D,20230829,000000,22.46,22.796,22.45,22.796,1151977,0
TIME.US,D,20230830,000000,22.8901,22.94,22.82,22.8803,22236,0
TIME.US,D,20230831,000000,22.87,23.04,22.87,23.0206,7304,0
TIME.US,D,20230901,000000,22.9593,22.9597,22.9593,22.9597,1106,0
TIME.US,D,20230905,000000,23.07,23.085,23.0315,23.0315,4121,0
TIME.US,D,20230906,000000,22.7699,22.8664,22.7699,22.8664,711,0
TIME.US,D,20230907,000000,22.89,22.89,22.87,22.8775,1196,0
TIME.US,D,20230908,000000,22.9409,22.9409,22.855,22.9024,965,0
TIME.US,D,20230911,000000,23.12,23.1647,23.12,23.1647,2792,0
TIME.US,D,20230912,000000,23.1684,23.1684,22.94,22.94,3985,0
TIME.US,D,20230913,000000,22.9699,23.0296,22.9699,23.0296,3637,0
TIME.US,D,20230914,000000,23.1599,23.1603,23.1599,23.1603,2232,0
TIME.US,D,20230915,000000,22.85,22.85,22.8465,22.8465,3244,0
TIME.US,D,20230918,000000,22.77,22.8099,22.77,22.7903,4946,0
TIME.US,D,20230919,000000,22.58,22.7635,22.58,22.7635,1986,0
TIME.US,D,20230920,000000,22.79,22.79,22.5,22.529,4922,0
TIME.US,D,20230921,000000,22.065,22.11,22.02,22.04,3040,0
TIME.US,D,20230922,000000,22.08,22.09,21.9693,21.9693,10195,0
TIME.US,D,20230925,000000,22.04,22.054,22.03,22.054,2254,0
TIME.US,D,20230926,000000,21.77,21.77,21.7539,21.7539,908,0
TIME.US,D,20230927,000000,21.83,21.88,21.8101,21.88,6592,0
TIME.US,D,20230928,000000,22.0348,22.0348,22.0348,22.0348,15,0
TIME.US,D,20230929,000000,22.0305,22.0305,22.0305,22.0305,2,0
TIME.US,D,20231002,000000,22.09,22.1189,22.04,22.1189,2388,0
TIME.US,D,20231003,000000,21.9,21.9,21.7304,21.7304,1214,0
TIME.US,D,20231004,000000,21.9165,22,21.88,22,2617,0
TIME.US,D,20231005,000000,21.8697,21.8697,21.8697,21.8697,81,0
TIME.US,D,20231006,000000,22.1201,22.1615,22.1201,22.1615,316,0
TIME.US,D,20231009,000000,22.08,22.25,22.08,22.21,3343,0
TIME.US,D,20231010,000000,22.49,22.49,22.3896,22.3896,628,0
TIME.US,D,20231011,000000,22.54,22.54,22.4263,22.4263,398,0
TIME.US,D,20231012,000000,22.3387,22.3387,22.3387,22.3387,65,0
TIME.US,D,20231013,000000,22.16,22.16,22.0094,22.0094,339,0
TIME.US,D,20231016,000000,22.27,22.286,22.19,22.286,948,0
TIME.US,D,20231017,000000,22.2574,22.2574,22.2574,22.2574,224,0
TIME.US,D,20231018,000000,21.99,21.99,21.8503,21.8503,205,0
TIME.US,D,20231019,000000,21.8399,21.84,21.6665,21.6665,526,0
TIME.US,D,20231020,000000,21.57,21.57,21.41,21.41,1070,0
TIME.US,D,20231023,000000,21.4945,21.4945,21.4945,21.4945,5,0
TIME.US,D,20231024,000000,21.7692,21.7692,21.7692,21.7692,202,0
TIME.US,D,20231025,000000,21.5,21.5,21.2272,21.2272,1447,0
TIME.US,D,20231026,000000,20.8842,20.8842,20.8842,20.8842,220,0
TIME.US,D,20231027,000000,20.99,20.99,20.9549,20.9549,468,0
TIME.US,D,20231030,000000,21.25,21.2633,21.2299,21.2339,5788,0
TIME.US,D,20231031,000000,21.31,21.431,21.31,21.431,3823,0
TIME.US,D,20231101,000000,21.51,21.62,21.51,21.62,508,0
TIME.US,D,20231102,000000,21.95,21.9677,21.95,21.9677,115,0
TIME.US,D,20231103,000000,22.2095,22.2095,22.2095,22.2095,6,0
TIME.US,D,20231106,000000,22.1913,22.1913,22.1913,22.1913,88,0
TIME.US,D,20231107,000000,22.5062,22.5062,22.5062,22.5062,176,0
TIME.US,D,20231108,000000,22.5653,22.5653,22.5653,22.5653,159,0
TIME.US,D,20231109,000000,22.5072,22.5072,22.5072,22.5072,56,0
TIME.US,D,20231110,000000,22.8867,22.8867,22.8867,22.8867,9,0
TIME.US,D,20231113,000000,22.78,22.99,22.77,22.9861,21282,0
TIME.US,D,20231114,000000,23.29,23.3798,23.29,23.3798,370,0
TIME.US,D,20231115,000000,23.46,23.46,23.29,23.3538,497,0
TIME.US,D,20231116,000000,23.278,23.3085,23.278,23.3085,104,0
TIME.US,D,20231117,000000,23.28,23.3729,23.28,23.3729,415,0
TIME.US,D,20231120,000000,23.6703,23.7,23.6665,23.6665,650,0
TIME.US,D,20231121,000000,23.4999,23.64,23.4999,23.6187,2037,0
TIME.US,D,20231122,000000,23.65,23.73,23.65,23.7219,3350,0
TIME.US,D,20231124,000000,23.69,23.7073,23.69,23.7073,1903,0
TIME.US,D,20231127,000000,23.865,23.865,23.73,23.7351,2019,0
TIME.US,D,20231128,000000,23.77,23.92,23.77,23.92,309,0
TIME.US,D,20231129,000000,24.07,24.07,23.99,23.99,2355,0
TIME.US,D,20231130,000000,23.92,23.98,23.87,23.98,1410,0
TIME.US,D,20231201,000000,23.98,24.09,23.98,24.09,1053,0
TIME.US,D,20231204,000000,24.08,24.23,24.05,24.05,2193,0
TIME.US,D,20231205,000000,24.13,24.18,24.07,24.15,4050,0
TIME.US,D,20231206,000000,24.35,24.35,24.02,24.02,2841,0
TIME.US,D,20231207,000000,24.19,24.34,24.19,24.31,4938,0
TIME.US,D,20231208,000000,24.24,24.598,24.24,24.598,2727,0
TIME.US,D,20231211,000000,24.56,24.6547,24.56,24.6439,2048,0
TIME.US,D,20231212,000000,24.62,24.8367,24.62,24.8367,2348,0
TIME.US,D,20231213,000000,24.87,25.09,24.81,25.08,5385,0
TIME.US,D,20231214,000000,25.16,25.16,25.04,25.051,1856,0
TIME.US,D,20231215,000000,25.24,25.25,25.18,25.1984,3354,0
TIME.US,D,20231218,000000,25.3091,25.42,25.3091,25.3896,7749,0
TIME.US,D,20231219,000000,25.52,25.52,25.44,25.495,6999,0
TIME.US,D,20231220,000000,25.57,25.57,25.15,25.1686,6342,0
TIME.US,D,20231221,000000,25.52,25.52,25.3,25.4525,5700,0
TIME.US,D,20231222,000000,25.57,25.57,25.42,25.42,3675,0
TIME.US,D,20231226,000000,25.56,25.56,25.49,25.5422,4225,0
TIME.US,D,20231227,000000,21.26,21.26,21.17,21.2234,20811,0
TIME.US,D,20231228,000000,21.28,21.28,21.2106,21.2106,1783,0
TIME.US,D,20231229,000000,21.235,21.235,20.9799,21,4834,0
TIME.US,D,20240102,000000,20.71,20.75,20.569,20.638,1760,0
TIME.US,D,20240103,000000,20.4,20.565,20.4,20.47,9505,0
TIME.US,D,20240104,000000,20.62,20.62,20.5314,20.5314,1430,0
TIME.US,D,20240105,000000,20.47,20.68,20.47,20.68,1969,0
TIME.US,D,20240108,000000,20.96,21.0885,20.96,21.0885,23592,0
TIME.US,D,20240109,000000,21.139,21.15,21.1199,21.1315,2265,0
TIME.US,D,20240110,000000,21.34,21.35,21.3127,21.35,1129,0
TIME.US,D,20240111,000000,21.46,21.48,21.14,21.2679,604,0
TIME.US,D,20240112,000000,21.31,21.3599,21.2,21.2108,1244,0
TIME.US,D,20240116,000000,21.24,21.3,21.11,21.237,2386,0
TIME.US,D,20240117,000000,21.15,21.168,20.89,21.168,2429,0
TIME.US,D,20240118,000000,21.28,21.2969,21.28,21.2969,9103,0
TIME.US,D,20240119,000000,21.37,21.68,21.37,21.6562,5834,0
TIME.US,D,20240122,000000,21.82,21.92,21.76,21.7989,81476,0
TIME.US,D,20240123,000000,21.91,22.01,21.85,21.9476,20696,0
TIME.US,D,20240124,000000,22.3,22.31,22.0622,22.0622,4571,0
TIME.US,D,20240125,000000,22.111,22.19,22.05,22.19,22821,0
TIME.US,D,20240126,000000,22.08,22.17,21.9,22.17,51422,0
TIME.US,D,20240129,000000,22.14,22.32,22.14,22.26,3362,0
TIME.US,D,20240130,000000,22.39,22.39,22.05,22.05,55831,0
TIME.US,D,20240131,000000,21.92,21.95,21.75,21.7799,3388,0
TIME.US,D,20240201,000000,21.83,22.08,21.83,22.04,13004,0
TIME.US,D,20240202,000000,22.29,22.66,22.29,22.62,6864,0
TIME.US,D,20240205,000000,22.66,22.66,22.32,22.5906,5930,0
TIME.US,D,20240206,000000,22.52,22.5371,22.38,22.5371,3210,0
TIME.US,D,20240207,000000,22.66,22.95,22.66,22.8744,3280,0
TIME.US,D,20240208,000000,22.94,23.13,22.94,23.13,1630,0
TIME.US,D,20240209,000000,23.3,23.42,23.3,23.42,1350,0
TIME.US,D,20240212,000000,23.41,23.61,23.3394,23.3394,2950,0
TIME.US,D,20240213,000000,22.85,23.04,22.7201,22.9994,4869,0
TIME.US,D,20240214,000000,23.54,23.7253,23.48,23.7253,3592,0
TIME.US,D,20240215,000000,23.94,24.0116,23.8192,24.0115,5012,0
TIME.US,D,20240216,000000,24.16,24.16,23.72,23.75,6718,0
TIME.US,D,20240220,000000,23.54,23.54,23.0999,23.3655,768,0
TIME.US,D,20240221,000000,23,23.11,23,23.11,823,0
TIME.US,D,20240222,000000,23.59,23.95,23.59,23.9434,18901,0
TIME.US,D,20240223,000000,24.01,24.09,23.8,23.8995,7472,0
TIME.US,D,20240226,000000,23.99,24.18,23.9499,24.1768,6181,0
TIME.US,D,20240227,000000,24.31,24.33,24.2,24.2653,2059,0
TIME.US,D,20240228,000000,24.25,24.345,24.24,24.2421,3769,0
TIME.US,D,20240229,000000,24.48,24.6057,24.37,24.6057,9525,0
TIME.US,D,20240301,000000,24.75,25,24.75,24.9817,6634,0
TIME.US,D,20240304,000000,25.28,25.6195,25.28,25.51,9964,0
TIME.US,D,20240305,000000,25.145,25.23,24.8899,24.9272,2579,0
TIME.US,D,20240306,000000,25.27,25.36,25.22,25.35,3617,0
TIME.US,D,20240307,000000,25.46,25.58,25.33,25.5682,6987,0
TIME.US,D,20240308,000000,25.855,25.98,25.3828,25.3828,6276,0
TIME.US,D,20240311,000000,25.3195,25.3195,25.1128,25.1128,2605,0
TIME.US,D,20240312,000000,25.34,25.59,25.23,25.59,1957,0
TIME.US,D,20240313,000000,25.51,25.536,25.51,25.53,771,0
TIME.US,D,20240314,000000,25.43,25.43,25.2,25.2,7197,0
TIME.US,D,20240315,000000,25.13,25.2101,25.0954,25.0954,1101,0
TIME.US,D,20240318,000000,25.03,25.0316,25,25.0316,1148,0
TIME.US,D,20240319,000000,24.6501,25.0265,24.65,25.0265,8239,0
TIME.US,D,20240320,000000,25.03,25.39,25.03,25.39,1098,0
TIME.US,D,20240321,000000,25.82,25.82,25.71,25.7534,3039,0
TIME.US,D,20240322,000000,25.73,25.81,25.73,25.78,4890,0
TIME.US,D,20240325,000000,25.79,26.015,25.77,25.902,12388,0
TIME.US,D,20240326,000000,26.0462,26.07,25.86,25.86,4925,0
TIME.US,D,20240327,000000,25.97,26.02,25.56,25.61,2798,0
TIME.US,D,20240328,000000,25.72,25.83,25.6,25.6532,20284,0
TIME.US,D,20240401,000000,25.71,25.85,25.67,25.7672,9214,0
TIME.US,D,20240402,000000,25.45,25.6662,25.3869,25.6662,14509,0
TIME.US,D,20240403,000000,25.9599,26.07,25.94,26.05,9525,0
TIME.US,D,20240404,000000,26.34,26.34,25.64,25.64,10290,0
TIME.US,D,20240405,000000,26.1,26.16,26.0602,26.0774,8092,0
TIME.US,D,20240408,000000,26.27,26.27,26.04,26.04,1842,0
TIME.US,D,20240409,000000,26.12,26.12,25.53,25.6993,1361,0
TIME.US,D,20240410,000000,25.46,25.77,25.46,25.77,11310,0
TIME.US,D,20240411,000000,25.68,25.9646,25.68,25.9646,8568,0
TIME.US,D,20240412,000000,25.83,25.83,25.425,25.477,3060,0
TIME.US,D,20240415,000000,25.61,25.715,25.05,25.05,7919,0
TIME.US,D,20240416,000000,25.1,25.3,25.1,25.3,1398,0
TIME.US,D,20240417,000000,25.05,25.1001,25.02,25.02,5908,0
TIME.US,D,20240418,000000,25.1376,25.1376,24.9,24.9166,2729,0
TIME.US,D,20240419,000000,24.32,24.32,24.32,24.32,388,0
TIME.US,D,20240422,000000,24.42,24.48,24.3,24.4,6413,0
TIME.US,D,20240423,000000,24.755,24.95,24.755,24.88,1457,0
TIME.US,D,20240424,000000,25.17,25.17,24.77,24.8416,11780,0
TIME.US,D,20240425,000000,24.7189,25,24.7189,24.9603,2802,0
TIME.US,D,20240426,000000,25.12,25.24,25.12,25.2085,10821,0
TIME.US,D,20240429,000000,25.13,25.34,25.13,25.3044,8491,0
TIME.US,D,20240430,000000,25.2,25.29,24.879,24.879,3561,0
TIME.US,D,20240501,000000,24.713,24.95,24.52,24.6317,11427,0
TIME.US,D,20240502,000000,24.74,24.9599,24.72,24.954,2637,0
TIME.US,D,20240503,000000,25.33,25.33,25.2315,25.33,4811,0
TIME.US,D,20240506,000000,25.51,25.79,25.5,25.79,19035,0
TIME.US,D,20240507,000000,25.7,25.91,25.7,25.7584,21306,0
TIME.US,D,20240508,000000,25.44,25.6963,25.44,25.6963,1856,0
TIME.US,D,20240509,000000,25.82,25.82,25.6758,25.7192,2363,0
TIME.US,D,20240510,000000,25.97,25.97,25.65,25.694,3456,0
TIME.US,D,20240513,000000,25.73,25.73,25.51,25.5302,5686,0
TIME.US,D,20240514,000000,25.57,25.756,25.57,25.756,4073,0
TIME.US,D,20240515,000000,25.85,26.33,25.85,26.33,13650,0
TIME.US,D,20240516,000000,26.29,26.29,26.03,26.0348,3107,0
TIME.US,D,20240517,000000,26.15,26.25,26.0999,26.25,3704,0
TIME.US,D,20240520,000000,26.26,26.43,26.26,26.3762,1466,0
TIME.US,D,20240521,000000,26.29,26.4722,26.28,26.4604,3834,0
TIME.US,D,20240522,000000,26.49,26.49,26.1799,26.25,6306,0
TIME.US,D,20240523,000000,26.58,26.59,25.98,26.1498,4769,0
TIME.US,D,20240524,000000,26.56,26.59,26.56,26.572,1593,0
TIME.US,D,20240528,000000,26.78,26.82,26.7,26.7439,8935,0
TIME.US,D,20240529,000000,26.57,26.73,26.57,26.621,2450,0
TIME.US,D,20240530,000000,26.67,26.67,26.5699,26.5699,730,0
TIME.US,D,20240531,000000,26.51,26.51,26.07,26.3191,7433,0
TIME.US,D,20240603,000000,26.3301,26.3832,26.26,26.3832,6406,0
TIME.US,D,20240604,000000,26.305,26.3831,26.29,26.3831,24942,0
TIME.US,D,20240605,000000,26.58,26.795,26.58,26.795,9883,0
TIME.US,D,20240606,000000,26.77,26.84,26.77,26.832,6512,0
TIME.US,D,20240607,000000,26.58,26.73,26.57,26.573,13165,0
TIME.US,D,20240610,000000,26.55,26.66,26.49,26.6303,6029,0
TIME.US,D,20240611,000000,26.66,26.66,26.43,26.64,7527,0
TIME.US,D,20240612,000000,27.0801,27.112,27.0233,27.0233,2090,0
TIME.US,D,20240613,000000,27.22,27.22,26.89,27.07,7668,0
TIME.US,D,20240614,000000,27,27.008,26.8799,26.9406,29594,0
TIME.US,D,20240617,000000,27.03,27.27,26.875,27.16,12590,0
TIME.US,D,20240618,000000,27.1,27.28,27.1,27.2391,22900,0
TIME.US,D,20240620,000000,27.34,27.525,26.9511,27.1067,18001,0
TIME.US,D,20240621,000000,27.005,27.0305,26.75,27.0305,8920,0
