<TICKER>,<PER>,<DATE>,<TIME>,<OPEN>,<HIGH>,<LOW>,<CLOSE>,<VOL>,<OPENINT>
TMSL.US,D,20230616,000000,25.2,25.2,25.12,25.1876,3703,0
TMSL.US,D,20230620,000000,25.14,25.14,25,25.1017,4332,0
TMSL.US,D,20230621,000000,25.08,25.08,25.044,25.06,4200,0
TMSL.US,D,20230622,000000,24.9,24.9,24.85,24.8634,764,0
TMSL.US,D,20230623,000000,24.59,24.59,24.5805,24.5831,728,0
TMSL.US,D,20230626,000000,24.72,24.7216,24.72,24.7216,2687,0
TMSL.US,D,20230627,000000,24.82,25.1082,24.82,25.1082,500,0
TMSL.US,D,20230628,000000,25.1019,25.1019,25.1019,25.1019,200,0
TMSL.US,D,20230629,000000,25.3893,25.3893,25.3893,25.3893,31,0
TMSL.US,D,20230630,000000,25.59,25.6369,25.59,25.6189,673,0
TMSL.US,D,20230703,000000,25.6399,25.64,25.6278,25.6278,469,0
TMSL.US,D,20230705,000000,25.39,25.4005,25.39,25.4005,236,0
TMSL.US,D,20230706,000000,25.24,25.24,25.1723,25.1723,132,0
TMSL.US,D,20230707,000000,25.5,25.5,25.3524,25.3524,100,0
TMSL.US,D,20230710,000000,25.6731,25.6731,25.6731,25.6731,60,0
TMSL.US,D,20230711,000000,25.76,25.9539,25.76,25.9539,1468,0
TMSL.US,D,20230712,000000,26.33,26.33,26.081,26.081,331,0
TMSL.US,D,20230713,000000,26.26,26.26,26.2401,26.2519,401,0
TMSL.US,D,20230714,000000,26.24,26.24,26.0555,26.0555,344,0
TMSL.US,D,20230717,000000,26.25,26.26,26.2174,26.2174,2200,0
TMSL.US,D,20230718,000000,26.366,26.45,26.366,26.4275,569,0
TMSL.US,D,20230719,000000,26.501,26.501,26.415,26.4601,3555,0
TMSL.US,D,20230720,000000,26.45,26.45,26.32,26.3546,1684,0
TMSL.US,D,20230721,000000,26.35,26.41,26.3095,26.3095,537,0
TMSL.US,D,20230724,000000,26.3,26.35,26.3,26.3167,2003,0
TMSL.US,D,20230725,000000,26.46,26.46,26.4092,26.4092,2327,0
TMSL.US,D,20230726,000000,26.51,26.51,26.4762,26.4762,1086,0
TMSL.US,D,20230727,000000,26.59,26.59,26.2367,26.2367,16170,0
TMSL.US,D,20230728,000000,26.4838,26.4838,26.4838,26.4838,228,0
TMSL.US,D,20230731,000000,26.64,26.64,26.5633,26.6339,1398,0
TMSL.US,D,20230801,000000,26.42,26.54,26.42,26.529,765,0
TMSL.US,D,20230802,000000,26.13,26.2,26.09,26.1731,1347,0
TMSL.US,D,20230803,000000,26.05,26.18,26.01,26.1344,3116,0
TMSL.US,D,20230804,000000,26.13,26.13,25.9969,25.9969,502,0
TMSL.US,D,20230807,000000,26.05,26.1555,26.05,26.1555,652,0
TMSL.US,D,20230808,000000,25.97,25.97,25.805,25.9353,2335,0
TMSL.US,D,20230809,000000,25.8238,25.8338,25.8238,25.8338,1080,0
TMSL.US,D,20230810,000000,26.05,26.05,25.83,25.8309,901,0
TMSL.US,D,20230811,000000,25.78,25.89,25.78,25.8082,2381,0
TMSL.US,D,20230814,000000,25.79,25.8518,25.71,25.8518,1576,0
TMSL.US,D,20230815,000000,25.65,25.65,25.54,25.5462,1305,0
TMSL.US,D,20230816,000000,25.56,25.56,25.3317,25.3317,843,0
TMSL.US,D,20230817,000000,25.0155,25.0155,25.0155,25.0155,104,0
TMSL.US,D,20230818,000000,25.1021,25.1021,25.1021,25.1021,5,0
TMSL.US,D,20230821,000000,25.2084,25.22,25.2077,25.2077,456,0
TMSL.US,D,20230822,000000,25.17,25.17,25.0974,25.0974,1886,0
TMSL.US,D,20230823,000000,25.336,25.336,25.336,25.336,7,0
TMSL.US,D,20230824,000000,25.34,25.34,25.0757,25.0757,3141,0
TMSL.US,D,20230825,000000,25.1579,25.1579,25.1579,25.1579,7,0
TMSL.US,D,20230828,000000,25.31,25.3805,25.31,25.3805,805,0
TMSL.US,D,20230829,000000,25.6937,25.6937,25.6937,25.6937,13,0
TMSL.US,D,20230830,000000,25.8712,25.88,25.8327,25.8327,247,0
TMSL.US,D,20230831,000000,25.98,25.98,25.8234,25.8234,376,0
TMSL.US,D,20230901,000000,26.0001,26.0154,26,26.0154,604,0
TMSL.US,D,20230905,000000,25.6233,25.6233,25.6233,25.6233,516,0
TMSL.US,D,20230906,000000,25.565,25.565,25.565,25.565,43,0
TMSL.US,D,20230907,000000,25.38,25.4099,25.38,25.3924,475,0
TMSL.US,D,20230908,000000,25.43,25.43,25.3672,25.3672,19144,0
TMSL.US,D,20230911,000000,25.4268,25.48,25.4215,25.4215,1630,0
TMSL.US,D,20230912,000000,25.51,25.67,25.4118,25.4118,9318,0
TMSL.US,D,20230913,000000,25.33,25.33,25.21,25.252,1555,0
TMSL.US,D,20230914,000000,25.41,25.4988,25.4099,25.4988,2603,0
TMSL.US,D,20230915,000000,25.41,25.41,25.18,25.23,33894,0
TMSL.US,D,20230918,000000,25.28,25.29,25.275,25.2856,15648,0
TMSL.US,D,20230919,000000,25.22,25.22,25.11,25.1872,1735,0
TMSL.US,D,20230920,000000,25.36,25.38,25.0706,25.0706,1811,0
TMSL.US,D,20230921,000000,24.8,24.8,24.6649,24.6649,6154,0
TMSL.US,D,20230922,000000,24.6802,24.76,24.62,24.6252,4364,0
TMSL.US,D,20230925,000000,24.68,24.79,24.68,24.7235,1581,0
TMSL.US,D,20230926,000000,24.51,24.51,24.4126,24.4126,6445,0
TMSL.US,D,20230927,000000,24.41,24.58,24.41,24.58,1003,0
TMSL.US,D,20230928,000000,24.7756,24.7883,24.7756,24.7883,132,0
TMSL.US,D,20230929,000000,24.9537,24.9537,24.69,24.7124,2205,0
TMSL.US,D,20231002,000000,24.74,24.74,24.36,24.4355,2056,0
TMSL.US,D,20231003,000000,24.39,24.39,24,24.0455,2169,0
TMSL.US,D,20231004,000000,24.14,24.14,24.13,24.1396,288,0
TMSL.US,D,20231005,000000,24.1,24.17,23.96,24.1119,44163,0
TMSL.US,D,20231006,000000,23.95,24.38,23.95,24.3645,917,0
TMSL.US,D,20231009,000000,24.5494,24.5494,24.5494,24.5494,30,0
TMSL.US,D,20231010,000000,24.74,24.74,24.7351,24.7351,522,0
TMSL.US,D,20231011,000000,24.74,24.8052,24.65,24.8034,1490,0
TMSL.US,D,20231012,000000,24.36,24.5,24.31,24.3626,11200,0
TMSL.US,D,20231013,000000,24.33,24.33,24.178,24.178,400,0
TMSL.US,D,20231016,000000,24.4111,24.5624,24.4111,24.5624,271,0
TMSL.US,D,20231017,000000,24.6,24.84,24.6,24.7721,6145,0
TMSL.US,D,20231018,000000,24.42,24.42,24.309,24.309,500,0
TMSL.US,D,20231019,000000,24.05,24.05,24,24.014,519,0
TMSL.US,D,20231020,000000,23.8,23.8,23.6752,23.69,1585,0
TMSL.US,D,20231023,000000,23.5,23.72,23.4954,23.4954,449,0
TMSL.US,D,20231024,000000,23.67,23.6854,23.62,23.6854,3198,0
TMSL.US,D,20231025,000000,23.2388,23.2388,23.2388,23.2388,39,0
TMSL.US,D,20231026,000000,23.2901,23.44,23.287,23.287,1021,0
TMSL.US,D,20231027,000000,23.2,23.3,23.1127,23.1127,660,0
TMSL.US,D,20231030,000000,23.1434,23.2992,23.1434,23.2992,1759,0
TMSL.US,D,20231031,000000,23.46,23.5494,23.4486,23.4865,8430,0
TMSL.US,D,20231101,000000,23.37,23.64,23.37,23.6259,21593,0
TMSL.US,D,20231102,000000,23.97,24.13,23.9699,24.0961,3719,0
TMSL.US,D,20231103,000000,24.62,24.66,24.6001,24.6001,2966,0
TMSL.US,D,20231106,000000,24.44,24.44,24.34,24.42,6640,0
TMSL.US,D,20231107,000000,24.43,24.43,24.24,24.3568,6220,0
TMSL.US,D,20231108,000000,24.26,24.26,24.22,24.2413,1330,0
TMSL.US,D,20231109,000000,24.2636,24.32,24.019,24.019,3322,0
TMSL.US,D,20231110,000000,24.07,24.35,24.05,24.3305,25419,0
TMSL.US,D,20231113,000000,24.335,24.335,24.33,24.33,1563,0
TMSL.US,D,20231114,000000,25.0925,25.22,25.0925,25.1804,3149,0
TMSL.US,D,20231115,000000,25.38,25.38,25.2513,25.2513,5807,0
TMSL.US,D,20231116,000000,25.1,25.1,24.9711,25.0419,4452,0
TMSL.US,D,20231117,000000,25.28,25.29,25.2499,25.2878,30620,0
TMSL.US,D,20231120,000000,25.38,25.43,25.365,25.3715,4707,0
TMSL.US,D,20231121,000000,25.325,25.34,25.265,25.2936,10138,0
TMSL.US,D,20231122,000000,25.45,25.45,25.4,25.4226,5418,0
TMSL.US,D,20231124,000000,25.4655,25.53,25.4629,25.5295,4235,0
TMSL.US,D,20231127,000000,25.52,25.59,25.52,25.568,1902,0
TMSL.US,D,20231128,000000,25.57,25.57,25.4275,25.4275,1479,0
TMSL.US,D,20231129,000000,25.6001,25.67,25.53,25.5345,27151,0
TMSL.US,D,20231130,000000,25.69,25.7244,25.5973,25.7244,3219,0
TMSL.US,D,20231201,000000,26.23,26.2778,26.1925,26.2778,2773,0
TMSL.US,D,20231204,000000,26.22,26.3937,26.19,26.3937,4468,0
TMSL.US,D,20231205,000000,26.2099,26.21,26.0699,26.0917,6283,0
TMSL.US,D,20231206,000000,26.2,26.214,26.028,26.028,3894,0
TMSL.US,D,20231207,000000,26.17,26.1969,26.17,26.1969,1385,0
TMSL.US,D,20231208,000000,26.35,26.35,26.209,26.3233,1440,0
TMSL.US,D,20231211,000000,26.48,26.54,26.4798,26.5164,2512,0
TMSL.US,D,20231212,000000,26.4,26.605,26.4,26.5515,4098,0
TMSL.US,D,20231213,000000,26.62,27.25,26.5305,27.2047,7746,0
TMSL.US,D,20231214,000000,27.7,27.82,27.6599,27.797,16951,0
TMSL.US,D,20231215,000000,28.83,28.83,27.55,27.6311,18844,0
TMSL.US,D,20231218,000000,27.81,27.81,27.6381,27.6381,4548,0
TMSL.US,D,20231219,000000,27.865,28,27.865,27.9425,10677,0
TMSL.US,D,20231220,000000,27.87,27.98,27.3987,27.3987,17571,0
TMSL.US,D,20231221,000000,27.73,27.75,27.57,27.7391,9991,0
TMSL.US,D,20231222,000000,28.04,28.04,27.82,27.9155,7739,0
TMSL.US,D,20231226,000000,28.005,28.24,28.005,28.1745,7588,0
TMSL.US,D,20231227,000000,28.29,28.29,28.15,28.2113,7867,0
TMSL.US,D,20231228,000000,28.23,28.23,28.165,28.1783,5403,0
TMSL.US,D,20231229,000000,28.03,28.06,27.9642,27.9642,8879,0
TMSL.US,D,20240102,000000,27.97,27.97,27.7857,27.8241,3212,0
TMSL.US,D,20240103,000000,27.56,27.57,27.2896,27.2896,6400,0
TMSL.US,D,20240104,000000,27.39,27.44,27.31,27.37,9431,0
TMSL.US,D,20240105,000000,27.52,27.56,27.4157,27.4419,91461,0
TMSL.US,D,20240108,000000,27.57,27.7979,27.57,27.7979,4738,0
TMSL.US,D,20240109,000000,27.7,27.76,27.61,27.61,14205,0
TMSL.US,D,20240110,000000,27.675,27.7233,27.6372,27.68,8119,0
TMSL.US,D,20240111,000000,27.82,27.82,27.4765,27.7698,5173,0
TMSL.US,D,20240112,000000,28.03,28.03,27.67,27.67,4957,0
TMSL.US,D,20240116,000000,27.64,27.64,27.5096,27.5982,31432,0
TMSL.US,D,20240117,000000,27.38,27.43,27.2927,27.43,11253,0
TMSL.US,D,20240118,000000,27.4902,27.5995,27.3499,27.5995,7945,0
TMSL.US,D,20240119,000000,27.77,27.8161,27.5282,27.8147,12927,0
TMSL.US,D,20240122,000000,28.1732,28.23,28.0599,28.23,4562,0
TMSL.US,D,20240123,000000,28.26,28.26,28.06,28.17,29407,0
TMSL.US,D,20240124,000000,28.49,28.49,28.1,28.1,7330,0
TMSL.US,D,20240125,000000,28.3,28.32,28.1781,28.2339,90329,0
TMSL.US,D,20240126,000000,28.43,28.43,28.2529,28.35,15145,0
TMSL.US,D,20240129,000000,28.39,28.59,28.3098,28.5791,24571,0
TMSL.US,D,20240130,000000,28.49,28.57,28.44,28.5668,10264,0
TMSL.US,D,20240131,000000,28.53,28.53,28.03,28.06,10712,0
TMSL.US,D,20240201,000000,28.16,28.37,27.9505,28.37,14281,0
TMSL.US,D,20240202,000000,28.07,28.44,28.07,28.38,20636,0
TMSL.US,D,20240205,000000,28.17,28.17,27.9472,28.0816,10167,0
TMSL.US,D,20240206,000000,28.12,28.205,28.1101,28.2046,23366,0
TMSL.US,D,20240207,000000,28.3,28.33,28.11,28.2529,5566,0
TMSL.US,D,20240208,000000,28.31,28.55,28.31,28.536,22728,0
TMSL.US,D,20240209,000000,28.64,28.73,28.4929,28.7262,7524,0
TMSL.US,D,20240212,000000,28.8,28.98,28.8,28.96,23316,0
TMSL.US,D,20240213,000000,28.3899,28.45,28.09,28.3,20931,0
TMSL.US,D,20240214,000000,28.5509,28.751,28.4743,28.751,16063,0
TMSL.US,D,20240215,000000,29.15,29.26,29.015,29.2062,11641,0
TMSL.US,D,20240216,000000,29.22,29.3167,29.0912,29.1225,12155,0
TMSL.US,D,20240220,000000,28.86,28.93,28.81,28.8564,10509,0
TMSL.US,D,20240221,000000,28.8,28.84,28.6701,28.8243,8169,0
TMSL.US,D,20240222,000000,29.0853,29.19,29.0853,29.1554,7686,0
TMSL.US,D,20240223,000000,29.19,29.404,29.19,29.38,12865,0
TMSL.US,D,20240226,000000,29.385,29.385,29.315,29.3441,1778,0
TMSL.US,D,20240227,000000,29.47,29.48,29.3899,29.4655,14893,0
TMSL.US,D,20240228,000000,29.39,29.52,29.39,29.46,11437,0
TMSL.US,D,20240229,000000,29.72,29.75,29.579,29.7454,18696,0
TMSL.US,D,20240301,000000,29.76,30.04,29.661,29.92,21434,0
TMSL.US,D,20240304,000000,30.115,30.1896,30.04,30.0978,5656,0
TMSL.US,D,20240305,000000,30.05,30.11,29.8068,29.96,23361,0
TMSL.US,D,20240306,000000,30.21,30.21,30.02,30.0962,14198,0
TMSL.US,D,20240307,000000,30.25,30.46,30.25,30.46,30230,0
TMSL.US,D,20240308,000000,30.66,30.66,30.25,30.3201,8230,0
TMSL.US,D,20240311,000000,30.23,30.28,30.045,30.1964,109174,0
TMSL.US,D,20240312,000000,30.23,30.51,30.13,30.41,18090,0
TMSL.US,D,20240313,000000,30.33,30.54,30.33,30.4,12993,0
TMSL.US,D,20240314,000000,30.41,30.41,30,30.0851,12976,0
TMSL.US,D,20240315,000000,30.54,30.54,30.067,30.12,1667,0
TMSL.US,D,20240318,000000,30.14,30.21,30.1077,30.1077,4951,0
TMSL.US,D,20240319,000000,30.09,30.37,30.0857,30.36,3878,0
TMSL.US,D,20240320,000000,30.38,30.8,30.32,30.8,3641,0
TMSL.US,D,20240321,000000,31.04,31.18,31.04,31.15,24689,0
TMSL.US,D,20240322,000000,31.12,31.13,30.8201,30.8855,5535,0
TMSL.US,D,20240325,000000,31.03,31.058,30.81,30.82,11372,0
TMSL.US,D,20240326,000000,30.935,30.97,30.7986,30.7986,7118,0
TMSL.US,D,20240327,000000,31.1,31.21,30.98,31.17,15595,0
TMSL.US,D,20240328,000000,31.32,31.39,31.26,31.38,9690,0
TMSL.US,D,20240401,000000,31.34,31.34,31.07,31.16,17047,0
TMSL.US,D,20240402,000000,30.65,30.76,30.6,30.7504,15487,0
TMSL.US,D,20240403,000000,30.809,30.89,30.74,30.8484,7660,0
TMSL.US,D,20240404,000000,31.1135,31.1135,30.43,30.5,10517,0
TMSL.US,D,20240405,000000,30.52,30.8066,30.52,30.7576,6688,0
TMSL.US,D,20240408,000000,30.89,30.97,30.81,30.8488,27346,0
TMSL.US,D,20240409,000000,31.01,31.01,30.73,30.9,47192,0
TMSL.US,D,20240410,000000,30.31,30.38,30.21,30.35,31574,0
TMSL.US,D,20240411,000000,30.47,30.47,30.1601,30.3707,18860,0
TMSL.US,D,20240412,000000,30.04,30.04,29.73,29.8472,10570,0
TMSL.US,D,20240415,000000,30.11,30.11,29.34,29.4324,21112,0
TMSL.US,D,20240416,000000,29.26,29.3968,29.16,29.3117,20618,0
TMSL.US,D,20240417,000000,29.4238,29.4238,29.0171,29.0617,11429,0
TMSL.US,D,20240418,000000,29.21,29.21,28.94,28.9701,7825,0
TMSL.US,D,20240419,000000,29.1,29.1,28.8605,28.9999,9662,0
TMSL.US,D,20240422,000000,29.06,29.37,29.0599,29.2424,2364,0
TMSL.US,D,20240423,000000,29.34,29.79,29.34,29.7208,2470,0
TMSL.US,D,20240424,000000,29.8,29.8,29.555,29.72,5287,0
TMSL.US,D,20240425,000000,29.43,29.62,29.2332,29.5422,14043,0
TMSL.US,D,20240426,000000,29.6,29.79,29.57,29.7175,14518,0
TMSL.US,D,20240429,000000,29.9196,29.9405,29.8,29.8935,3027,0
TMSL.US,D,20240430,000000,29.78,29.8,29.43,29.44,12785,0
TMSL.US,D,20240501,000000,29.47,29.85,29.32,29.4494,5448,0
TMSL.US,D,20240502,000000,29.4901,29.77,29.4901,29.7124,24297,0
TMSL.US,D,20240503,000000,30.13,30.13,30.02,30.1116,154572,0
TMSL.US,D,20240506,000000,30.4,30.5599,30.33,30.5168,71185,0
TMSL.US,D,20240507,000000,30.58,30.66,30.526,30.53,13438,0
TMSL.US,D,20240508,000000,30.42,30.52,30.4,30.5145,10934,0
TMSL.US,D,20240509,000000,30.57,30.7853,30.57,30.7853,7422,0
TMSL.US,D,20240510,000000,30.89,30.9,30.6676,30.7172,5962,0
TMSL.US,D,20240513,000000,30.791,30.88,30.617,30.617,4633,0
TMSL.US,D,20240514,000000,30.86,30.96,30.7874,30.96,18648,0
TMSL.US,D,20240515,000000,31.24,31.29,31.2052,31.287,9435,0
TMSL.US,D,20240516,000000,31.26,31.26,31.1,31.12,12466,0
TMSL.US,D,20240517,000000,31.1255,31.17,31.005,31.0715,28833,0
TMSL.US,D,20240520,000000,31.16,31.25,31.16,31.1726,13337,0
TMSL.US,D,20240521,000000,31.1,31.13,31.07,31.1238,17011,0
TMSL.US,D,20240522,000000,31.1,31.12,30.77,30.91,17585,0
TMSL.US,D,20240523,000000,31.03,31.03,30.46,30.4768,15176,0
TMSL.US,D,20240524,000000,30.6828,30.7412,30.6828,30.7412,4080,0
TMSL.US,D,20240528,000000,31.15,31.15,30.57,30.6207,14449,0
TMSL.US,D,20240529,000000,30.33,30.33,30.2891,30.2964,10249,0
TMSL.US,D,20240530,000000,30.34,30.51,30.34,30.51,9259,0
TMSL.US,D,20240531,000000,30.535,30.75,30.284,30.75,42178,0
TMSL.US,D,20240603,000000,30.86,30.86,30.21,30.3852,14857,0
TMSL.US,D,20240604,000000,30.25,30.26,30.005,30.18,10346,0
TMSL.US,D,20240605,000000,30.075,30.52,30.075,30.409,18852,0
TMSL.US,D,20240606,000000,30.32,30.38,30.23,30.25,9877,0
TMSL.US,D,20240607,000000,30.0139,30.12,30.0068,30.0269,5602,0
TMSL.US,D,20240610,000000,29.9497,30.19,29.9497,30.1574,12919,0
TMSL.US,D,20240611,000000,29.88,30.06,29.855,30.0211,38283,0
TMSL.US,D,20240612,000000,30.605,30.7,30.43,30.4568,8515,0
TMSL.US,D,20240613,000000,30.39,30.39,30.095,30.2747,11426,0
TMSL.US,D,20240614,000000,29.92,30.01,29.7532,29.88,10714,0
TMSL.US,D,20240617,000000,29.74,30.0526,29.72,30.047,35345,0
TMSL.US,D,20240618,000000,30.09,30.23,30.0854,30.1905,20572,0
TMSL.US,D,20240620,000000,30.14,30.2004,30.02,30.02,32515,0
TMSL.US,D,20240621,000000,30.67,30.67,29.9999,30.1656,9332,0
