<TICKER>,<PER>,<DATE>,<TIME>,<OPEN>,<HIGH>,<LOW>,<CLOSE>,<VOL>,<OPENINT>
TOUS.US,D,20230616,000000,25.409,25.409,25.2751,25.2751,3764,0
TOUS.US,D,20230620,000000,25.25,25.25,24.9462,24.9462,377,0
TOUS.US,D,20230621,000000,25.13,25.13,24.9,24.9749,2612,0
TOUS.US,D,20230622,000000,24.82,24.82,24.7898,24.7898,703,0
TOUS.US,D,20230623,000000,24.475,24.475,24.4373,24.4373,400,0
TOUS.US,D,20230626,000000,24.47,24.47,24.435,24.4434,1250,0
TOUS.US,D,20230627,000000,24.6441,24.6441,24.6441,24.6441,33,0
TOUS.US,D,20230628,000000,24.7057,24.7057,24.7057,24.7057,3,0
TOUS.US,D,20230629,000000,24.64,24.71,24.64,24.71,2406,0
TOUS.US,D,20230630,000000,25,25,24.9503,24.9503,250,0
TOUS.US,D,20230703,000000,24.9565,24.9565,24.9565,24.9565,100,0
TOUS.US,D,20230705,000000,24.645,24.645,24.645,24.645,2,0
TOUS.US,D,20230706,000000,24.2103,24.2103,24.2103,24.2103,1,0
TOUS.US,D,20230707,000000,24.4144,24.4144,24.4144,24.4144,87,0
TOUS.US,D,20230710,000000,24.46,24.5053,24.46,24.5053,664,0
TOUS.US,D,20230711,000000,24.579,24.682,24.579,24.682,140,0
TOUS.US,D,20230712,000000,25.17,25.17,25.146,25.146,100,0
TOUS.US,D,20230713,000000,25.519,25.5482,25.519,25.5482,3213,0
TOUS.US,D,20230714,000000,25.4461,25.4461,25.4461,25.4461,150,0
TOUS.US,D,20230717,000000,25.469,25.4721,25.469,25.4721,1505,0
TOUS.US,D,20230718,000000,25.59,25.72,25.5787,25.658,16736,0
TOUS.US,D,20230719,000000,25.58,25.69,25.58,25.67,218013,0
TOUS.US,D,20230720,000000,25.51,25.51,25.4619,25.4619,75737,0
TOUS.US,D,20230721,000000,25.55,25.58,25.48,25.51,37113,0
TOUS.US,D,20230724,000000,25.445,25.445,25.445,25.445,318,0
TOUS.US,D,20230725,000000,25.495,25.5188,25.49,25.4922,1135,0
TOUS.US,D,20230726,000000,25.59,25.59,25.567,25.567,12219,0
TOUS.US,D,20230727,000000,25.9,25.9,25.4816,25.4816,1761,0
TOUS.US,D,20230728,000000,25.75,25.7574,25.61,25.66,9943,0
TOUS.US,D,20230731,000000,25.71,25.8,25.6786,25.6786,3263,0
TOUS.US,D,20230801,000000,25.48,25.48,25.27,25.339,5535,0
TOUS.US,D,20230802,000000,24.79,24.8983,24.79,24.8194,84051,0
TOUS.US,D,20230803,000000,24.73,24.7645,24.73,24.7645,19796,0
TOUS.US,D,20230804,000000,24.8501,24.8501,24.7953,24.7953,1996,0
TOUS.US,D,20230807,000000,24.9747,25.0291,24.9747,25.0266,789,0
TOUS.US,D,20230808,000000,24.89,24.903,24.89,24.903,58359,0
TOUS.US,D,20230809,000000,24.9225,24.98,24.9225,24.9294,11782,0
TOUS.US,D,20230810,000000,25.17,25.17,25.0133,25.0133,798,0
TOUS.US,D,20230811,000000,24.85,24.85,24.7801,24.802,1138,0
TOUS.US,D,20230814,000000,24.735,24.7541,24.735,24.7541,4602,0
TOUS.US,D,20230815,000000,24.69,24.69,24.458,24.458,15542,0
TOUS.US,D,20230816,000000,24.41,24.45,24.2728,24.2728,4272,0
TOUS.US,D,20230817,000000,24.2,24.2,24.1,24.1,8875,0
TOUS.US,D,20230818,000000,23.87,24.0681,23.87,24.0345,10017,0
TOUS.US,D,20230821,000000,24.04,24.16,24.03,24.1333,15308,0
TOUS.US,D,20230822,000000,24.11,24.13,24.07,24.0817,3923,0
TOUS.US,D,20230823,000000,24.27,24.39,24.27,24.341,13675,0
TOUS.US,D,20230824,000000,24.28,24.28,24.03,24.0359,4007,0
TOUS.US,D,20230825,000000,24.1714,24.1714,24.1714,24.1714,53,0
TOUS.US,D,20230828,000000,24.3738,24.409,24.3738,24.4039,6273,0
TOUS.US,D,20230829,000000,24.6616,24.76,24.66,24.76,6100,0
TOUS.US,D,20230830,000000,24.8167,24.83,24.7601,24.7625,11355,0
TOUS.US,D,20230831,000000,24.7,24.7005,24.6693,24.7005,7604,0
TOUS.US,D,20230901,000000,24.72,24.72,24.66,24.6701,3092,0
TOUS.US,D,20230905,000000,24.4861,24.4861,24.4861,24.4861,72,0
TOUS.US,D,20230906,000000,24.5,24.5,24.39,24.4172,9628,0
TOUS.US,D,20230907,000000,24.26,24.35,24.24,24.346,3256,0
TOUS.US,D,20230908,000000,24.37,24.37,24.34,24.35,5306,0
TOUS.US,D,20230911,000000,24.55,24.55,24.55,24.55,709,0
TOUS.US,D,20230912,000000,24.4009,24.4009,24.4009,24.4009,47,0
TOUS.US,D,20230913,000000,24.3823,24.3823,24.3241,24.3241,138,0
TOUS.US,D,20230914,000000,24.6034,24.6034,24.5833,24.5833,3686,0
TOUS.US,D,20230915,000000,24.61,24.61,24.493,24.493,1455,0
TOUS.US,D,20230918,000000,24.33,24.41,24.33,24.3663,1014,0
TOUS.US,D,20230919,000000,24.4697,24.4697,24.4697,24.4697,2,0
TOUS.US,D,20230920,000000,24.7,24.7,24.4572,24.4572,402,0
TOUS.US,D,20230921,000000,24.22,24.22,24.05,24.0502,10196,0
TOUS.US,D,20230922,000000,24.15,24.17,24.0099,24.0192,4906,0
TOUS.US,D,20230925,000000,23.75,23.885,23.75,23.8833,5423,0
TOUS.US,D,20230926,000000,23.76,23.77,23.63,23.6408,1598,0
TOUS.US,D,20230927,000000,23.6,23.61,23.49,23.6,3921,0
TOUS.US,D,20230928,000000,23.6104,23.77,23.6104,23.77,1679,0
TOUS.US,D,20230929,000000,23.83,23.8659,23.68,23.6943,20919,0
TOUS.US,D,20231002,000000,23.2786,23.3209,23.2786,23.3209,732,0
TOUS.US,D,20231003,000000,23.08,23.1,23.075,23.0847,1070,0
TOUS.US,D,20231004,000000,22.965,23.128,22.965,23.128,8509,0
TOUS.US,D,20231005,000000,23.28,23.3581,23.28,23.3292,8597,0
TOUS.US,D,20231006,000000,23.565,23.5908,23.565,23.5908,947,0
TOUS.US,D,20231009,000000,23.36,23.5646,23.36,23.54,417,0
TOUS.US,D,20231010,000000,23.81,23.915,23.81,23.8826,4634,0
TOUS.US,D,20231011,000000,24,24,23.91,23.9595,3082,0
TOUS.US,D,20231012,000000,23.8,23.8,23.75,23.7794,4618,0
TOUS.US,D,20231013,000000,23.45,23.51,23.45,23.4797,1578,0
TOUS.US,D,20231016,000000,23.63,23.6799,23.63,23.6695,2766,0
TOUS.US,D,20231017,000000,23.51,23.75,23.51,23.6836,9777,0
TOUS.US,D,20231018,000000,23.39,23.39,23.26,23.2728,7782,0
TOUS.US,D,20231019,000000,23.16,23.26,23.01,23.01,5011,0
TOUS.US,D,20231020,000000,22.85,22.869,22.7641,22.7641,19889,0
TOUS.US,D,20231023,000000,22.67,22.96,22.6699,22.8153,2516,0
TOUS.US,D,20231024,000000,22.76,22.8763,22.76,22.8763,5995,0
TOUS.US,D,20231025,000000,22.82,22.82,22.6593,22.6593,2352,0
TOUS.US,D,20231026,000000,22.4541,22.4541,22.4541,22.4541,2,0
TOUS.US,D,20231027,000000,22.3646,22.3646,22.3646,22.3646,61,0
TOUS.US,D,20231030,000000,22.6439,22.72,22.6439,22.6981,3462,0
TOUS.US,D,20231031,000000,22.78,22.85,22.74,22.8412,2262,0
TOUS.US,D,20231101,000000,24.26,24.26,22.87,23.0427,3795,0
TOUS.US,D,20231102,000000,23.4,23.53,23.4,23.5274,7492,0
TOUS.US,D,20231103,000000,23.77,23.8597,23.77,23.7873,2715,0
TOUS.US,D,20231106,000000,23.74,23.74,23.68,23.7007,1898,0
TOUS.US,D,20231107,000000,23.5995,23.6003,23.5916,23.6003,1593,0
TOUS.US,D,20231108,000000,23.62,23.62,23.5138,23.5619,7400,0
TOUS.US,D,20231109,000000,23.71,23.71,23.5251,23.5251,507,0
TOUS.US,D,20231110,000000,23.5299,23.6935,23.5199,23.6935,2532,0
TOUS.US,D,20231113,000000,23.7418,23.7662,23.74,23.7662,378,0
TOUS.US,D,20231114,000000,24.1,24.37,24.1,24.3551,6494,0
TOUS.US,D,20231115,000000,24.43,24.43,24.3542,24.3542,1581,0
TOUS.US,D,20231116,000000,24.33,24.33,24.2297,24.31,5309,0
TOUS.US,D,20231117,000000,24.6,24.623,24.6,24.623,1002,0
TOUS.US,D,20231120,000000,24.72,24.81,24.72,24.75,25691,0
TOUS.US,D,20231121,000000,24.66,24.68,24.62,24.6235,41868,0
TOUS.US,D,20231122,000000,24.63,24.7,24.63,24.6928,11013,0
TOUS.US,D,20231124,000000,24.9199,24.9199,24.906,24.906,452,0
TOUS.US,D,20231127,000000,24.8445,24.8728,24.8445,24.8613,1128,0
TOUS.US,D,20231128,000000,24.93,24.93,24.8501,24.8817,46396,0
TOUS.US,D,20231129,000000,24.92,24.99,24.9099,24.9224,8710,0
TOUS.US,D,20231130,000000,24.8584,24.8937,24.8286,24.8628,12503,0
TOUS.US,D,20231201,000000,24.92,25.11,24.9,25.11,20892,0
TOUS.US,D,20231204,000000,24.89,24.9223,24.8694,24.922,3592,0
TOUS.US,D,20231205,000000,24.85,24.85,24.76,24.8067,5225,0
TOUS.US,D,20231206,000000,25.05,25.05,24.84,24.8425,17796,0
TOUS.US,D,20231207,000000,24.89,25.01,24.83,25,14085,0
TOUS.US,D,20231208,000000,24.99,25.1218,24.99,25.1218,2298,0
TOUS.US,D,20231211,000000,25.11,25.1872,25.11,25.1872,1359,0
TOUS.US,D,20231212,000000,25.06,25.2218,25.06,25.2218,10458,0
TOUS.US,D,20231213,000000,25.21,25.6095,25.15,25.6067,2667,0
TOUS.US,D,20231214,000000,25.7901,25.9099,25.75,25.8154,2397,0
TOUS.US,D,20231215,000000,25.6,25.6517,25.51,25.54,9933,0
TOUS.US,D,20231218,000000,25.59,25.595,25.56,25.595,1835,0
TOUS.US,D,20231219,000000,25.78,25.8733,25.78,25.8589,7622,0
TOUS.US,D,20231220,000000,25.68,25.789,25.4382,25.4382,28234,0
TOUS.US,D,20231221,000000,25.73,25.852,25.67,25.852,8172,0
TOUS.US,D,20231222,000000,25.95,25.9599,25.83,25.8965,8464,0
TOUS.US,D,20231226,000000,25.96,26.0583,25.96,26.0394,4675,0
TOUS.US,D,20231227,000000,26.06,26.1326,25.9,26.089,19517,0
TOUS.US,D,20231228,000000,26.23,26.23,26.0464,26.0464,1211,0
TOUS.US,D,20231229,000000,26.0204,26.078,26.0204,26.043,421,0
TOUS.US,D,20240102,000000,25.81,25.87,25.72,25.72,3209,0
TOUS.US,D,20240103,000000,25.55,25.56,25.5196,25.5196,4211,0
TOUS.US,D,20240104,000000,25.71,25.71,25.5943,25.5943,6204,0
TOUS.US,D,20240105,000000,25.82,25.8201,25.66,25.6621,5098,0
TOUS.US,D,20240108,000000,25.64,25.91,25.64,25.8871,3375,0
TOUS.US,D,20240109,000000,25.735,25.735,25.695,25.73,1903,0
TOUS.US,D,20240110,000000,25.893,25.91,25.8699,25.8699,3221,0
TOUS.US,D,20240111,000000,25.86,25.8635,25.86,25.8635,260,0
TOUS.US,D,20240112,000000,26,26,25.8985,25.9313,12610,0
TOUS.US,D,20240116,000000,25.62,25.64,25.45,25.4808,16046,0
TOUS.US,D,20240117,000000,25.13,25.3,25.13,25.2976,3071,0
TOUS.US,D,20240118,000000,25.39,25.54,25.34,25.54,8032,0
TOUS.US,D,20240119,000000,25.44,25.64,25.42,25.64,2011,0
TOUS.US,D,20240122,000000,25.65,25.73,25.64,25.6892,34913,0
TOUS.US,D,20240123,000000,25.6,25.64,25.5423,25.64,4954,0
TOUS.US,D,20240124,000000,25.9101,25.9284,25.7871,25.7871,2828,0
TOUS.US,D,20240125,000000,25.82,25.8551,25.78,25.8551,2831,0
TOUS.US,D,20240126,000000,26.01,26.0263,25.975,25.995,6277,0
TOUS.US,D,20240129,000000,25.88,26.1,25.88,26.0979,3266,0
TOUS.US,D,20240130,000000,25.98,26.0585,25.9703,26.0393,3723,0
TOUS.US,D,20240131,000000,26.16,26.16,25.8718,25.8897,11493,0
TOUS.US,D,20240201,000000,26.14,26.1772,26.14,26.1772,1470,0
TOUS.US,D,20240202,000000,25.93,25.995,25.93,25.985,6252,0
TOUS.US,D,20240205,000000,25.8,25.94,25.8,25.9285,40227,0
TOUS.US,D,20240206,000000,26.005,26.0928,25.9972,26.0928,12562,0
TOUS.US,D,20240207,000000,26.07,26.09,26.05,26.0701,4885,0
TOUS.US,D,20240208,000000,26.0301,26.07,26.03,26.0648,6994,0
TOUS.US,D,20240209,000000,26.11,26.23,26.0791,26.2269,5783,0
TOUS.US,D,20240212,000000,26.255,26.255,26.195,26.2031,966,0
TOUS.US,D,20240213,000000,25.9201,25.9202,25.73,25.78,8788,0
TOUS.US,D,20240214,000000,25.9,26.0323,25.9,26.025,6602,0
TOUS.US,D,20240215,000000,26.18,26.2799,26.16,26.2799,1486,0
TOUS.US,D,20240216,000000,26.34,26.455,26.34,26.3505,1847,0
TOUS.US,D,20240220,000000,26.51,26.51,26.37,26.428,3560,0
TOUS.US,D,20240221,000000,26.4,26.4486,26.35,26.4486,9574,0
TOUS.US,D,20240222,000000,26.8,26.82,26.78,26.8072,4258,0
TOUS.US,D,20240223,000000,26.785,26.83,26.76,26.7742,5290,0
TOUS.US,D,20240226,000000,26.73,26.7541,26.7,26.7398,2356,0
TOUS.US,D,20240227,000000,26.7502,26.7799,26.7044,26.7356,11677,0
TOUS.US,D,20240228,000000,26.62,26.655,26.6159,26.6263,1556,0
TOUS.US,D,20240229,000000,26.64,26.64,26.446,26.5291,4555,0
TOUS.US,D,20240301,000000,26.5782,26.7793,26.5782,26.7793,6615,0
TOUS.US,D,20240304,000000,26.78,26.79,26.7,26.7,26452,0
TOUS.US,D,20240305,000000,26.76,26.765,26.7,26.708,4915,0
TOUS.US,D,20240306,000000,26.99,27.0299,26.9113,26.9552,25620,0
TOUS.US,D,20240307,000000,27.22,27.34,27.22,27.34,841,0
TOUS.US,D,20240308,000000,27.2001,27.24,27.1471,27.1471,1283,0
TOUS.US,D,20240311,000000,27.03,27.03,26.9,26.9965,2189,0
TOUS.US,D,20240312,000000,27.2199,27.29,27.2199,27.29,1720,0
TOUS.US,D,20240313,000000,27.3395,27.3395,27.28,27.2919,1113,0
TOUS.US,D,20240314,000000,27.08,27.0993,27.015,27.0836,14622,0
TOUS.US,D,20240315,000000,27.125,27.125,27.0544,27.063,13985,0
TOUS.US,D,20240318,000000,27.12,27.1354,27.0962,27.0962,1146,0
TOUS.US,D,20240319,000000,27.18,27.23,27.18,27.2191,2266,0
TOUS.US,D,20240320,000000,27.19,27.49,27.17,27.4863,10096,0
TOUS.US,D,20240321,000000,27.56,27.57,27.5156,27.5156,3978,0
TOUS.US,D,20240322,000000,27.476,27.4996,27.46,27.4725,2353,0
TOUS.US,D,20240325,000000,27.48,27.48,27.45,27.45,657,0
TOUS.US,D,20240326,000000,27.545,27.565,27.4715,27.4715,3618,0
TOUS.US,D,20240327,000000,27.5699,27.6155,27.53,27.6155,5319,0
TOUS.US,D,20240328,000000,27.57,27.61,27.57,27.5862,3763,0
TOUS.US,D,20240401,000000,27.47,27.484,27.46,27.4781,2605,0
TOUS.US,D,20240402,000000,27.29,27.3268,27.2754,27.3268,4167,0
TOUS.US,D,20240403,000000,27.46,27.49,27.43,27.4696,50154,0
TOUS.US,D,20240404,000000,27.25,27.25,27.233,27.233,438,0
TOUS.US,D,20240405,000000,27.2,27.3539,27.2,27.3299,4208,0
TOUS.US,D,20240408,000000,27.54,27.559,27.46,27.53,4512,0
TOUS.US,D,20240409,000000,27.54,27.57,27.4154,27.4873,4943,0
TOUS.US,D,20240410,000000,27.15,27.21,27.09,27.17,3836,0
TOUS.US,D,20240411,000000,27.25,27.25,27.2336,27.2336,883,0
TOUS.US,D,20240412,000000,26.98,26.98,26.77,26.7998,1126,0
TOUS.US,D,20240415,000000,26.93,26.93,26.68,26.6912,2359,0
TOUS.US,D,20240416,000000,26.4138,26.47,26.38,26.42,3093,0
TOUS.US,D,20240417,000000,26.35,26.4153,26.35,26.4153,152,0
TOUS.US,D,20240418,000000,26.4,26.53,26.2604,26.2604,10278,0
TOUS.US,D,20240419,000000,26.268,26.268,26.1649,26.1675,1284,0
TOUS.US,D,20240422,000000,26.4782,26.6101,26.4782,26.5323,16921,0
TOUS.US,D,20240423,000000,26.87,26.8846,26.86,26.8816,3038,0
TOUS.US,D,20240424,000000,26.84,26.86,26.8186,26.8186,3726,0
TOUS.US,D,20240425,000000,26.7005,26.7013,26.68,26.7013,329,0
TOUS.US,D,20240426,000000,26.9458,26.9458,26.9314,26.9314,2046,0
TOUS.US,D,20240429,000000,27.055,27.0836,27.055,27.0836,1056,0
TOUS.US,D,20240430,000000,27.04,27.04,26.8,26.8,676,0
TOUS.US,D,20240501,000000,27,27,26.7361,26.7361,5785,0
TOUS.US,D,20240502,000000,26.92,27.0884,26.92,27.0585,5131,0
TOUS.US,D,20240503,000000,27.275,27.32,27.275,27.3123,4267,0
TOUS.US,D,20240506,000000,27.5,27.5536,27.5,27.5221,7069,0
TOUS.US,D,20240507,000000,27.62,27.6599,27.5957,27.5957,3642,0
TOUS.US,D,20240508,000000,27.58,27.5821,27.58,27.5821,415,0
TOUS.US,D,20240509,000000,27.77,27.82,27.75,27.77,7512,0
TOUS.US,D,20240510,000000,27.84,27.89,27.8,27.81,8191,0
TOUS.US,D,20240513,000000,28,28,27.81,27.81,3736,0
TOUS.US,D,20240514,000000,27.92,28.06,27.92,28.02,8219,0
TOUS.US,D,20240515,000000,28.2895,28.31,28.21,28.31,5645,0
TOUS.US,D,20240516,000000,28.2,28.2,28.1345,28.1345,2021,0
TOUS.US,D,20240517,000000,28.2499,28.25,28.205,28.2272,3658,0
TOUS.US,D,20240520,000000,28.24,28.32,28.24,28.25,1775,0
TOUS.US,D,20240521,000000,28.18,28.205,28.18,28.205,2231,0
TOUS.US,D,20240522,000000,27.97,28.02,27.8669,27.92,3842,0
TOUS.US,D,20240523,000000,27.764,27.8,27.74,27.79,1783,0
TOUS.US,D,20240524,000000,28.05,28.05,28.01,28.02,4015,0
TOUS.US,D,20240528,000000,28.1392,28.1392,27.9591,28.0278,5844,0
TOUS.US,D,20240529,000000,27.68,27.68,27.57,27.57,2953,0
TOUS.US,D,20240530,000000,27.84,27.85,27.781,27.781,3611,0
TOUS.US,D,20240531,000000,27.841,28.0111,27.841,28.0111,383,0
TOUS.US,D,20240603,000000,28.05,28.12,27.98,28.05,1988,0
TOUS.US,D,20240604,000000,27.9753,27.9842,27.86,27.96,2471,0
TOUS.US,D,20240605,000000,28.13,28.2213,28.13,28.2126,7846,0
TOUS.US,D,20240606,000000,28.2886,28.33,28.2886,28.3112,6406,0
TOUS.US,D,20240607,000000,28.055,28.0598,27.9353,27.9353,1479,0
TOUS.US,D,20240610,000000,27.94,28,27.94,27.9663,1708,0
TOUS.US,D,20240611,000000,27.5805,27.72,27.5805,27.6654,9133,0
TOUS.US,D,20240612,000000,28.06,28.06,27.93,27.96,1692,0
TOUS.US,D,20240613,000000,27.57,27.57,27.46,27.5,4310,0
TOUS.US,D,20240614,000000,27.02,27.1243,27,27.1243,4688,0
TOUS.US,D,20240617,000000,27.04,27.26,27.04,27.22,5790,0
TOUS.US,D,20240618,000000,27.27,27.3534,27.27,27.32,3211,0
TOUS.US,D,20240620,000000,27.33,27.38,27.32,27.37,2701,0
TOUS.US,D,20240621,000000,27.1388,27.23,27.12,27.16,10182,0
