<TICKER>,<PER>,<DATE>,<TIME>,<OPEN>,<HIGH>,<LOW>,<CLOSE>,<VOL>,<OPENINT>
TSLH.US,D,20220727,000000,24.86,25.16,24.7705,25.1415,18496,0
TSLH.US,D,20220728,000000,25.33,25.4,25.0725,25.3122,16264,0
TSLH.US,D,20220729,000000,25.4,25.77,25.37,25.77,9729,0
TSLH.US,D,20220801,000000,25.93,26.03,25.687,25.687,6653,0
TSLH.US,D,20220802,000000,25.92,25.92,25.7899,25.81,5455,0
TSLH.US,D,20220803,000000,25.8689,25.98,25.8689,25.909,7038,0
TSLH.US,D,20220804,000000,25.9001,26.08,25.9001,25.9315,2896,0
TSLH.US,D,20220805,000000,25.74,25.74,25.5242,25.5242,3152,0
TSLH.US,D,20220808,000000,25.8243,25.8936,25.47,25.58,3358,0
TSLH.US,D,20220809,000000,25.41,25.41,25.23,25.3611,1024,0
TSLH.US,D,20220810,000000,25.5,25.73,25.5,25.6882,3668,0
TSLH.US,D,20220811,000000,25.61,25.61,25.4875,25.4875,693,0
TSLH.US,D,20220812,000000,25.675,25.88,25.65,25.8429,8351,0
TSLH.US,D,20220815,000000,26.03,26.125,25.86,26.1165,11393,0
TSLH.US,D,20220816,000000,25.99,26.09,25.99,26.0427,1254,0
TSLH.US,D,20220817,000000,25.97,26.01,25.97,26.01,2554,0
TSLH.US,D,20220818,000000,26.05,26.05,26,26,1247,0
TSLH.US,D,20220819,000000,25.95,25.95,25.86,25.8813,572,0
TSLH.US,D,20220822,000000,25.89,25.89,25.64,25.7092,2608,0
TSLH.US,D,20220823,000000,25.95,25.95,25.8962,25.8962,470,0
TSLH.US,D,20220824,000000,25.91,25.9495,25.91,25.9495,494,0
TSLH.US,D,20220825,000000,25.9401,25.9647,25.9,25.9285,1120,0
TSLH.US,D,20220826,000000,25.83,25.83,25.7337,25.7337,624,0
TSLH.US,D,20220829,000000,25.69,25.69,25.61,25.6673,1487,0
TSLH.US,D,20220830,000000,25.4059,25.4059,25.4059,25.4059,177,0
TSLH.US,D,20220831,000000,25.4,25.4,25.29,25.3781,898,0
TSLH.US,D,20220901,000000,25.081,25.4196,25.081,25.4196,1188,0
TSLH.US,D,20220902,000000,25.48,25.48,25.1251,25.1251,258,0
TSLH.US,D,20220906,000000,25.27,25.42,25.25,25.3389,3521,0
TSLH.US,D,20220907,000000,25.65,25.78,25.65,25.7448,822,0
TSLH.US,D,20220908,000000,25.85,26.0132,25.85,26.0132,278,0
TSLH.US,D,20220909,000000,26.25,26.4193,26.25,26.4193,448,0
TSLH.US,D,20220912,000000,26.6052,26.6052,26.6052,26.6052,137,0
TSLH.US,D,20220913,000000,26.36,26.36,26.2002,26.2002,7460,0
TSLH.US,D,20220914,000000,26.54,26.5763,26.54,26.5414,291,0
TSLH.US,D,20220915,000000,26.6499,26.65,26.5806,26.5806,420,0
TSLH.US,D,20220916,000000,26.395,26.617,26.395,26.617,3056,0
TSLH.US,D,20220919,000000,26.65,26.815,26.65,26.815,611,0
TSLH.US,D,20220920,000000,26.83,26.865,26.7493,26.8062,3502,0
TSLH.US,D,20220921,000000,26.6937,26.6937,26.6937,26.6937,62,0
TSLH.US,D,20220922,000000,26.88,26.88,26.185,26.3334,5914,0
TSLH.US,D,20220923,000000,25.65,25.79,25.45,25.5645,11422,0
TSLH.US,D,20220926,000000,25.78,25.78,25.78,25.78,156,0
TSLH.US,D,20220927,000000,26.0882,26.1704,26.0882,26.1704,1624,0
TSLH.US,D,20220928,000000,26.0278,26.5475,26.0278,26.5475,1535,0
TSLH.US,D,20220929,000000,26.36,26.36,24.89,25.0302,6213,0
TSLH.US,D,20220930,000000,25.19,25.34,24.7648,24.7648,934,0
TSLH.US,D,20221003,000000,24.3,24.34,24.21,24.2172,3955,0
TSLH.US,D,20221004,000000,24.57,24.57,24.33,24.3841,2174,0
TSLH.US,D,20221005,000000,24.33,24.33,24.09,24.1638,1260,0
TSLH.US,D,20221006,000000,24.01,24.1202,24.01,24.1202,929,0
TSLH.US,D,20221007,000000,23.675,23.6973,23.675,23.6973,191,0
TSLH.US,D,20221010,000000,23.6763,23.6763,23.6763,23.6763,211,0
TSLH.US,D,20221011,000000,23.48,23.515,23.48,23.515,146,0
TSLH.US,D,20221012,000000,23.521,23.521,23.521,23.521,82,0
TSLH.US,D,20221013,000000,23.6124,23.6124,23.6124,23.6124,35,0
TSLH.US,D,20221014,000000,23.27,23.295,23.2297,23.2297,2415,0
TSLH.US,D,20221017,000000,23.56,23.56,23.5417,23.5417,136,0
TSLH.US,D,20221018,000000,23.67,23.67,23.5321,23.5321,203,0
TSLH.US,D,20221019,000000,23.6,23.6,23.55,23.5853,512,0
TSLH.US,D,20221020,000000,23.04,23.17,23.03,23.1345,4315,0
TSLH.US,D,20221021,000000,23.2868,23.2868,23.2868,23.2868,15,0
TSLH.US,D,20221024,000000,23.08,23.2118,23.06,23.2118,3592,0
TSLH.US,D,20221025,000000,23.4738,23.4738,23.4738,23.4738,105,0
TSLH.US,D,20221026,000000,23.518,23.518,23.518,23.518,66,0
TSLH.US,D,20221027,000000,23.5219,23.5219,23.5219,23.5219,92,0
TSLH.US,D,20221028,000000,23.52,23.61,23.52,23.5907,1019,0
TSLH.US,D,20221031,000000,23.37,23.545,23.37,23.545,302,0
TSLH.US,D,20221101,000000,23.49,23.5418,23.49,23.5418,309,0
TSLH.US,D,20221102,000000,23.1923,23.1923,23.1923,23.1923,23,0
TSLH.US,D,20221103,000000,23.18,23.205,23.1753,23.1753,3766,0
TSLH.US,D,20221104,000000,23,23,22.9566,22.9566,270,0
TSLH.US,D,20221107,000000,22.85,22.85,22.8023,22.8023,1156,0
TSLH.US,D,20221108,000000,22.68,22.73,22.66,22.705,2304,0
TSLH.US,D,20221109,000000,22.5936,22.5978,22.5936,22.5978,455,0
TSLH.US,D,20221110,000000,22.7062,22.7062,22.7062,22.7062,49,0
TSLH.US,D,20221111,000000,22.65,22.7598,22.65,22.7598,220,0
TSLH.US,D,20221114,000000,22.7209,22.7209,22.685,22.685,154,0
TSLH.US,D,20221115,000000,22.6701,22.7043,22.67,22.7043,1010,0
TSLH.US,D,20221116,000000,22.6285,22.6285,22.6285,22.6285,19,0
TSLH.US,D,20221117,000000,22.59,22.59,22.59,22.59,52,0
TSLH.US,D,20221118,000000,22.565,22.565,22.565,22.565,36,0
TSLH.US,D,20221121,000000,22.525,22.525,22.525,22.525,26,0
TSLH.US,D,20221122,000000,22.552,22.552,22.552,22.552,32,0
TSLH.US,D,20221123,000000,22.5721,22.5721,22.51,22.51,244,0
TSLH.US,D,20221125,000000,22.5653,22.5653,22.5653,22.5653,81,0
TSLH.US,D,20221128,000000,22.5639,22.5639,22.5639,22.5639,6,0
TSLH.US,D,20221129,000000,22.5201,22.545,22.52,22.545,203,0
TSLH.US,D,20221130,000000,22.59,22.59,22.59,22.59,3,0
TSLH.US,D,20221201,000000,22.5988,22.5988,22.5988,22.5988,3,0
TSLH.US,D,20221202,000000,22.5876,22.5876,22.5876,22.5876,19,0
TSLH.US,D,20221205,000000,22.59,22.59,22.58,22.59,839,0
TSLH.US,D,20221206,000000,22.48,22.57,22.48,22.545,1403,0
TSLH.US,D,20221207,000000,22.535,22.535,22.535,22.535,3,0
TSLH.US,D,20221208,000000,22.535,22.535,22.535,22.535,5,0
TSLH.US,D,20221209,000000,22.54,22.54,22.54,22.54,2,0
TSLH.US,D,20221212,000000,22.535,22.535,22.535,22.535,9,0
TSLH.US,D,20221213,000000,22.5345,22.5345,22.5345,22.5345,9,0
TSLH.US,D,20221214,000000,22.48,22.48,22.48,22.48,101,0
TSLH.US,D,20221215,000000,22.48,22.535,22.48,22.535,101,0
TSLH.US,D,20221216,000000,22.4801,22.535,22.4801,22.535,175,0
TSLH.US,D,20221219,000000,22.48,22.5187,22.48,22.5187,319,0
TSLH.US,D,20221220,000000,22.48,22.5344,22.48,22.5344,167,0
TSLH.US,D,20221221,000000,22.49,22.49,22.49,22.49,9216,0
TSLH.US,D,20221222,000000,22.49,22.54,22.49,22.54,201,0
TSLH.US,D,20221223,000000,22.495,22.495,22.495,22.495,6,0
TSLH.US,D,20221227,000000,22.5001,22.55,22.5,22.55,1318,0
TSLH.US,D,20221228,000000,22.61,22.61,22.555,22.555,398,0
TSLH.US,D,20221229,000000,22.365,22.365,22.365,22.365,98,0
TSLH.US,D,20221230,000000,22.36,22.36,22.36,22.36,5,0
TSLH.US,D,20230103,000000,21.9,21.9,21.6054,21.6054,1377,0
TSLH.US,D,20230104,000000,21.64,21.8165,21.64,21.8165,575,0
TSLH.US,D,20230105,000000,21.7022,21.7022,21.7022,21.7022,9,0
TSLH.US,D,20230106,000000,21.7,21.8208,21.7,21.8208,197,0
TSLH.US,D,20230109,000000,22.1365,22.1365,22.1365,22.1365,164,0
TSLH.US,D,20230110,000000,22.02,22.039,21.98,22.039,7625,0
TSLH.US,D,20230111,000000,22.245,22.245,22.245,22.245,62,0
TSLH.US,D,20230112,000000,22.21,22.2502,22.21,22.2502,262,0
TSLH.US,D,20230113,000000,22.035,22.1894,22.035,22.1894,245,0
TSLH.US,D,20230117,000000,22.6233,22.6233,22.6189,22.6189,1012,0
TSLH.US,D,20230118,000000,22.5249,22.5249,22.5249,22.5249,120,0
TSLH.US,D,20230119,000000,22.4736,22.4736,22.4736,22.4736,75,0
TSLH.US,D,20230120,000000,22.7443,22.7443,22.7443,22.7443,65,0
TSLH.US,D,20230123,000000,23.07,23.1634,23.07,23.1634,343,0
TSLH.US,D,20230124,000000,23.1625,23.1625,23.1625,23.1625,102,0
TSLH.US,D,20230125,000000,23.0964,23.245,23.0964,23.2138,1957,0
TSLH.US,D,20230126,000000,23.6883,23.6883,23.6883,23.6883,100,0
TSLH.US,D,20230127,000000,23.9048,23.9048,23.9048,23.9048,107,0
TSLH.US,D,20230130,000000,24.07,24.07,23.77,23.8041,406,0
TSLH.US,D,20230131,000000,23.899,23.899,23.899,23.899,21,0
TSLH.US,D,20230201,000000,23.97,24.0393,23.97,24.0393,228,0
TSLH.US,D,20230202,000000,24.1015,24.1015,24.0899,24.0899,1684,0
TSLH.US,D,20230203,000000,24.18,24.19,24.1199,24.1199,3693,0
TSLH.US,D,20230206,000000,24.12,24.21,24.12,24.165,363,0
TSLH.US,D,20230207,000000,24.195,24.195,24.195,24.195,56,0
TSLH.US,D,20230208,000000,24.23,24.23,24.23,24.23,37,0
TSLH.US,D,20230209,000000,24.15,24.32,24.15,24.28,1284,0
TSLH.US,D,20230210,000000,24.185,24.185,24.185,24.185,107,0
TSLH.US,D,20230213,000000,24.19,24.19,24.19,24.19,24,0
TSLH.US,D,20230214,000000,24.28,24.28,24.265,24.265,104,0
TSLH.US,D,20230215,000000,26.69,26.69,24.18,24.31,1238,0
TSLH.US,D,20230216,000000,24.285,24.285,24.2431,24.2431,106,0
TSLH.US,D,20230217,000000,24.3099,24.3099,24.3099,24.3099,42,0
TSLH.US,D,20230221,000000,24.2781,24.2781,24.2781,24.2781,5,0
TSLH.US,D,20230222,000000,24.3222,24.3222,24.3222,24.3222,89,0
TSLH.US,D,20230223,000000,24.3469,24.3469,24.3469,24.3469,9,0
TSLH.US,D,20230224,000000,24.4,24.4,24.4,24.4,250,0
TSLH.US,D,20230227,000000,24.34,24.3887,24.34,24.3887,369,0
TSLH.US,D,20230228,000000,24.39,24.39,24.39,24.39,31,0
TSLH.US,D,20230301,000000,24.34,24.405,24.34,24.405,390,0
TSLH.US,D,20230302,000000,24.4098,24.41,24.3786,24.385,1038,0
TSLH.US,D,20230303,000000,24.425,24.425,24.425,24.425,6,0
TSLH.US,D,20230306,000000,24.4115,24.43,24.39,24.43,5293,0
TSLH.US,D,20230307,000000,24.415,24.415,24.415,24.415,1,0
TSLH.US,D,20230308,000000,24.41,24.41,24.41,24.41,5,0
TSLH.US,D,20230309,000000,24.36,24.36,24.36,24.36,22,0
TSLH.US,D,20230310,000000,24.3849,24.3849,24.3849,24.3849,22,0
TSLH.US,D,20230313,000000,24.4115,24.4115,24.4,24.4,18,0
TSLH.US,D,20230314,000000,24.35,24.44,24.35,24.44,506,0
TSLH.US,D,20230315,000000,24.39,24.4279,24.39,24.4279,194,0
TSLH.US,D,20230316,000000,24.43,24.445,24.43,24.445,535,0
TSLH.US,D,20230317,000000,24.445,24.445,24.445,24.445,1,0
TSLH.US,D,20230320,000000,24.45,24.515,24.45,24.515,359,0
TSLH.US,D,20230321,000000,24.485,24.485,24.485,24.485,1,0
TSLH.US,D,20230322,000000,24.5,24.5,24.5,24.5,96,0
TSLH.US,D,20230323,000000,24.495,24.495,24.495,24.495,8,0
TSLH.US,D,20230324,000000,24.5,24.5,24.5,24.5,2,0
TSLH.US,D,20230327,000000,24.515,24.515,24.515,24.515,4,0
TSLH.US,D,20230328,000000,24.54,24.54,24.48,24.48,437,0
TSLH.US,D,20230329,000000,24.5099,24.51,24.5099,24.51,124,0
TSLH.US,D,20230330,000000,24.54,24.54,24.54,24.54,18,0
TSLH.US,D,20230331,000000,24.54,24.54,24.54,24.54,1,0
TSLH.US,D,20230403,000000,24.052,24.052,24.052,24.052,33,0
TSLH.US,D,20230404,000000,23.9,23.9693,23.9,23.9693,466,0
TSLH.US,D,20230405,000000,23.7314,23.7314,23.7314,23.7314,1,0
TSLH.US,D,20230406,000000,23.706,23.706,23.706,23.706,3,0
TSLH.US,D,20230410,000000,23.679,23.679,23.679,23.679,1,0
TSLH.US,D,20230411,000000,23.67,23.7669,23.67,23.7669,446,0
TSLH.US,D,20230412,000000,23.5284,23.5284,23.5284,23.5284,9,0
TSLH.US,D,20230413,000000,23.68,23.68,23.67,23.67,203,0
TSLH.US,D,20230414,000000,23.66,23.66,23.54,23.652,2201,0
TSLH.US,D,20230417,000000,23.7159,23.7159,23.7159,23.7159,1,0
TSLH.US,D,20230418,000000,23.6339,23.6339,23.6339,23.6339,1,0
TSLH.US,D,20230419,000000,23.44,23.44,23.44,23.44,1,0
TSLH.US,D,20230420,000000,22.7696,22.7696,22.7696,22.7696,8,0
TSLH.US,D,20230421,000000,22.802,22.802,22.802,22.802,4,0
TSLH.US,D,20230424,000000,22.58,22.62,22.58,22.62,400,0
TSLH.US,D,20230425,000000,22.6433,22.6433,22.6433,22.6433,26,0
TSLH.US,D,20230426,000000,22.4846,22.4846,22.4846,22.4846,2,0
TSLH.US,D,20230427,000000,22.5651,22.5651,22.5651,22.5651,1,0
TSLH.US,D,20230428,000000,22.6452,22.6452,22.6452,22.6452,1,0
TSLH.US,D,20230501,000000,22.5819,22.5819,22.5819,22.5819,59,0
TSLH.US,D,20230502,000000,22.5,22.5,22.5,22.5,104,0
TSLH.US,D,20230503,000000,22.59,22.59,22.5678,22.5678,166,0
TSLH.US,D,20230504,000000,22.5666,22.5666,22.5666,22.5666,2,0
TSLH.US,D,20230505,000000,22.7,22.7995,22.7,22.7995,190,0
TSLH.US,D,20230508,000000,22.8434,22.8434,22.8434,22.8434,7,0
TSLH.US,D,20230509,000000,22.7302,22.7302,22.7302,22.7302,6,0
TSLH.US,D,20230510,000000,22.6975,22.6975,22.6975,22.6975,8,0
TSLH.US,D,20230511,000000,22.8066,22.8066,22.8066,22.8066,1,0
TSLH.US,D,20230512,000000,22.6885,22.6885,22.6885,22.6885,6,0
TSLH.US,D,20230515,000000,22.68,22.68,22.6254,22.6254,302,0
TSLH.US,D,20230516,000000,22.6068,22.6068,22.6068,22.6068,51,0
TSLH.US,D,20230517,000000,22.8207,22.8207,22.8207,22.8207,6,0
TSLH.US,D,20230518,000000,22.9,22.9,22.9,22.9,19,0
TSLH.US,D,20230519,000000,23.07,23.13,23.051,23.051,1230,0
TSLH.US,D,20230522,000000,23.5265,23.5265,23.5265,23.5265,19,0
TSLH.US,D,20230523,000000,23.372,23.372,23.372,23.372,77,0
TSLH.US,D,20230524,000000,23.2374,23.2374,23.2374,23.2374,2,0
TSLH.US,D,20230525,000000,23.2783,23.2783,23.2783,23.2783,46,0
TSLH.US,D,20230526,000000,23.779,23.779,23.779,23.779,34,0
TSLH.US,D,20230530,000000,24.2,24.2,24.2,24.2,223,0
TSLH.US,D,20230531,000000,24.09,24.3858,24.09,24.3858,533,0
TSLH.US,D,20230601,000000,24.4601,24.73,24.4601,24.6293,416,0
TSLH.US,D,20230602,000000,25.13,25.13,25.0866,25.0866,204,0
TSLH.US,D,20230605,000000,25.3384,25.3384,25.3384,25.3384,2,0
TSLH.US,D,20230606,000000,25.5736,25.5736,25.5736,25.5736,6,0
TSLH.US,D,20230607,000000,25.84,25.88,25.8274,25.8274,1577,0
TSLH.US,D,20230608,000000,26.18,26.2602,26.18,26.2602,831,0
TSLH.US,D,20230609,000000,26.5902,26.5902,26.5902,26.5902,63,0
TSLH.US,D,20230612,000000,26.7645,26.7645,26.7645,26.7645,91,0
TSLH.US,D,20230613,000000,26.9349,26.9349,26.9349,26.9349,4,0
TSLH.US,D,20230614,000000,26.8995,26.8995,26.8995,26.8995,31,0
TSLH.US,D,20230615,000000,26.9243,26.9243,26.9243,26.9243,43,0
TSLH.US,D,20230616,000000,26.87,27.0296,26.87,27.0296,202,0
TSLH.US,D,20230620,000000,27.09,27.09,27.09,27.09,217,0
TSLH.US,D,20230621,000000,27.0692,27.0692,27.0692,27.0692,2,0
TSLH.US,D,20230622,000000,27.08,27.152,27.08,27.152,204,0
TSLH.US,D,20230623,000000,27.1589,27.1589,27.1589,27.1589,15,0
TSLH.US,D,20230626,000000,27.0123,27.0123,27.0123,27.0123,15,0
TSLH.US,D,20230627,000000,27.18,27.18,27.18,27.18,57,0
TSLH.US,D,20230628,000000,27.215,27.215,27.215,27.215,3,0
TSLH.US,D,20230629,000000,27.22,27.22,27.22,27.22,65,0
TSLH.US,D,20230630,000000,27.17,27.1701,27.17,27.17,536,0
TSLH.US,D,20230703,000000,27.67,27.7311,27.67,27.7311,455,0
TSLH.US,D,20230705,000000,27.8517,27.8517,27.8517,27.8517,36,0
TSLH.US,D,20230706,000000,27.68,27.68,27.6353,27.6521,910,0
TSLH.US,D,20230707,000000,27.6432,27.6432,27.6432,27.6432,20,0
TSLH.US,D,20230710,000000,27.487,27.487,27.487,27.487,25,0
TSLH.US,D,20230711,000000,27.5054,27.5054,27.5054,27.5054,238,0
TSLH.US,D,20230712,000000,27.6114,27.6114,27.6114,27.6114,26,0
TSLH.US,D,20230713,000000,27.7973,27.7973,27.7973,27.7973,1,0
TSLH.US,D,20230714,000000,27.8993,27.8993,27.8993,27.8993,6,0
TSLH.US,D,20230717,000000,28.1954,28.1954,28.1954,28.1954,40,0
TSLH.US,D,20230718,000000,28.2385,28.2385,28.2385,28.2385,41,0
TSLH.US,D,20230719,000000,28.1866,28.1866,28.1866,28.1866,52,0
TSLH.US,D,20230720,000000,27.2838,27.2838,27.2838,27.2838,75,0
TSLH.US,D,20230721,000000,27.08,27.3,27.08,27.191,1171,0
TSLH.US,D,20230724,000000,27.5635,27.5635,27.5635,27.5635,29,0
TSLH.US,D,20230725,000000,27.4436,27.4436,27.4436,27.4436,26,0
TSLH.US,D,20230726,000000,27.45,27.45,27.3708,27.3708,237,0
TSLH.US,D,20230727,000000,27.005,27.06,27.005,27.06,604,0
TSLH.US,D,20230728,000000,27.335,27.5311,27.335,27.5311,717,0
TSLH.US,D,20230731,000000,27.5866,27.5866,27.5866,27.5866,5,0
TSLH.US,D,20230801,000000,27.2854,27.2854,27.2854,27.2854,5,0
TSLH.US,D,20230802,000000,27.02,27.02,26.9628,26.9628,273,0
TSLH.US,D,20230803,000000,27.2324,27.2324,27.2324,27.2324,50,0
TSLH.US,D,20230804,000000,26.9558,26.9558,26.9558,26.9558,25,0
TSLH.US,D,20230807,000000,26.837,26.837,26.837,26.837,4,0
TSLH.US,D,20230808,000000,26.7684,26.7684,26.7684,26.7684,1,0
TSLH.US,D,20230809,000000,26.3905,26.3905,26.3905,26.3905,31,0
TSLH.US,D,20230810,000000,26.5313,26.5313,26.5313,26.5313,76,0
TSLH.US,D,20230811,000000,26.4,26.4,26.3787,26.3787,1802,0
TSLH.US,D,20230814,000000,26.1807,26.1807,26.1807,26.1807,1,0
TSLH.US,D,20230815,000000,25.8853,25.8853,25.8853,25.8853,30,0
TSLH.US,D,20230816,000000,25.5575,25.5575,25.5575,25.5575,1,0
TSLH.US,D,20230817,000000,25.44,25.44,25.3349,25.3349,200,0
TSLH.US,D,20230818,000000,25.2089,25.2089,25.2089,25.2089,20,0
TSLH.US,D,20230821,000000,25.7702,25.7702,25.7702,25.7702,69,0
TSLH.US,D,20230822,000000,25.8399,25.8399,25.8399,25.8399,4,0
TSLH.US,D,20230823,000000,25.83,25.9784,25.83,25.9784,198,0
TSLH.US,D,20230824,000000,25.6513,25.6513,25.6513,25.6513,6,0
TSLH.US,D,20230825,000000,26.07,26.07,26.04,26.0455,1084,0
TSLH.US,D,20230828,000000,26.0268,26.0268,26.0268,26.0268,8,0
TSLH.US,D,20230829,000000,27.0361,27.0361,27.0361,27.0361,65,0
TSLH.US,D,20230830,000000,26.78,27.1403,26.78,27.042,1253,0
TSLH.US,D,20230831,000000,27.1571,27.1571,27.1571,27.1571,20,0
TSLH.US,D,20230901,000000,26.3243,26.3243,26.3243,26.3243,20,0
TSLH.US,D,20230905,000000,27.0289,27.0289,27.0289,27.0289,25,0
TSLH.US,D,20230906,000000,26.6749,26.6749,26.6749,26.6749,84,0
TSLH.US,D,20230907,000000,26.6902,26.6902,26.6902,26.6902,76,0
TSLH.US,D,20230908,000000,26.4202,26.4202,26.4202,26.4202,12,0
TSLH.US,D,20230911,000000,27.55,28.1752,27.55,28.1752,1098,0
TSLH.US,D,20230912,000000,27.7937,27.7937,27.7937,27.7937,58,0
TSLH.US,D,20230913,000000,28.1699,28.1699,28.0896,28.0896,118,0
TSLH.US,D,20230914,000000,28.07,28.4746,28.07,28.4746,136,0
TSLH.US,D,20230915,000000,28.386,28.386,28.386,28.386,48,0
TSLH.US,D,20230918,000000,27.6835,27.6835,27.6835,27.6835,74,0
TSLH.US,D,20230919,000000,27.791,27.8053,27.791,27.8053,1077,0
TSLH.US,D,20230920,000000,27.96,27.965,27.5275,27.5275,666,0
TSLH.US,D,20230921,000000,26.79,26.8792,26.79,26.8792,2062,0
TSLH.US,D,20230922,000000,26.65,26.65,25.9774,25.9774,632,0
TSLH.US,D,20230925,000000,25.8299,26.0005,25.8299,26.0005,1296,0
TSLH.US,D,20230926,000000,25.753,25.753,25.753,25.753,333,0
TSLH.US,D,20230927,000000,25.4357,25.4357,25.4357,25.4357,12,0
TSLH.US,D,20230928,000000,25.8118,25.8118,25.8118,25.8118,1,0
TSLH.US,D,20230929,000000,26.18,26.18,26.1456,26.1456,113,0
TSLH.US,D,20231002,000000,26.0406,26.0406,26.0406,26.0406,8,0
TSLH.US,D,20231003,000000,25.9267,25.9267,25.9267,25.9267,48,0
TSLH.US,D,20231004,000000,26.3398,26.3398,26.3398,26.3398,10,0
TSLH.US,D,20231005,000000,26.3362,26.3362,26.3362,26.3362,145,0
TSLH.US,D,20231006,000000,26.34,26.3589,26.3399,26.3589,201,0
TSLH.US,D,20231009,000000,26.3365,26.3365,26.3365,26.3365,42,0
TSLH.US,D,20231010,000000,26.5081,26.5081,26.5081,26.5081,13,0
TSLH.US,D,20231011,000000,26.4757,26.4757,26.4757,26.4757,30,0
TSLH.US,D,20231012,000000,26.3474,26.3474,26.3474,26.3474,30,0
TSLH.US,D,20231013,000000,26.1132,26.1132,26.1132,26.1132,30,0
TSLH.US,D,20231016,000000,26.2321,26.2321,26.2321,26.2321,2,0
TSLH.US,D,20231017,000000,26.2544,26.2544,26.2544,26.2544,1,0
TSLH.US,D,20231018,000000,25.89,25.909,25.89,25.895,610,0
TSLH.US,D,20231019,000000,24.9805,25.0077,24.93,25.0077,329,0
TSLH.US,D,20231020,000000,24.6827,24.6827,24.6827,24.6827,10,0
TSLH.US,D,20231023,000000,24.73,24.73,24.6686,24.6686,125,0
TSLH.US,D,20231024,000000,24.84,24.84,24.8334,24.8334,348,0
TSLH.US,D,20231025,000000,24.6734,24.6734,24.6734,24.6734,1,0
TSLH.US,D,20231026,000000,24.51,24.51,24.51,24.51,101,0
TSLH.US,D,20231027,000000,24.5462,24.5462,24.5462,24.5462,6,0
TSLH.US,D,20231030,000000,24.51,24.51,24.2335,24.2335,286,0
TSLH.US,D,20231031,000000,24.27,24.2875,24.22,24.2875,6397,0
TSLH.US,D,20231101,000000,24.45,24.45,24.4012,24.4012,231,0
TSLH.US,D,20231102,000000,24.8073,24.8073,24.8073,24.8073,102,0
TSLH.US,D,20231103,000000,24.8691,24.8691,24.8691,24.8691,18,0
TSLH.US,D,20231106,000000,24.6303,24.8112,24.63,24.8112,1054,0
TSLH.US,D,20231107,000000,24.9183,24.9183,24.9183,24.9183,50,0
TSLH.US,D,20231108,000000,24.9112,24.9112,24.9112,24.9112,1,0
TSLH.US,D,20231109,000000,24.4235,24.4235,24.4235,24.4235,36,0
TSLH.US,D,20231110,000000,24.5528,24.5528,24.5528,24.5528,3,0
TSLH.US,D,20231113,000000,24.9409,24.9409,24.9409,24.9409,3,0
TSLH.US,D,20231114,000000,25.5632,25.5632,25.5632,25.5632,23,0
TSLH.US,D,20231115,000000,25.76,25.8709,25.76,25.8575,200,0
TSLH.US,D,20231116,000000,25.3768,25.3768,25.3768,25.3768,1,0
TSLH.US,D,20231117,000000,25.28,25.465,25.28,25.4143,201,0
TSLH.US,D,20231120,000000,25.4551,25.4551,25.4551,25.4551,1,0
TSLH.US,D,20231121,000000,25.7717,25.7717,25.7717,25.7717,6,0
TSLH.US,D,20231122,000000,25.3721,25.3721,25.3721,25.3721,27,0
TSLH.US,D,20231124,000000,25.4406,25.4406,25.4406,25.4406,112,0
TSLH.US,D,20231127,000000,25.4472,25.4472,25.4472,25.4472,146,0
TSLH.US,D,20231128,000000,26.0736,26.0736,26.0736,26.0736,33,0
TSLH.US,D,20231129,000000,26.31,26.31,25.9015,25.9015,541,0
TSLH.US,D,20231130,000000,25.6385,25.6385,25.6385,25.6385,45,0
TSLH.US,D,20231201,000000,25.5499,25.5598,25.5499,25.5598,214,0
TSLH.US,D,20231204,000000,25.3653,25.3653,25.3653,25.3653,18,0
TSLH.US,D,20231205,000000,25.58,25.58,25.5417,25.5417,309,0
TSLH.US,D,20231206,000000,25.86,25.86,25.5574,25.5574,1417,0
TSLH.US,D,20231207,000000,25.7647,25.7647,25.7647,25.7647,1,0
TSLH.US,D,20231208,000000,25.8696,25.8696,25.8696,25.8696,17,0
TSLH.US,D,20231211,000000,25.5352,25.5352,25.5352,25.5352,137,0
TSLH.US,D,20231212,000000,25.3136,25.3136,25.3136,25.3136,10,0
TSLH.US,D,20231213,000000,25.4204,25.4204,25.4204,25.4204,8,0
TSLH.US,D,20231214,000000,26.3498,26.3498,26.3498,26.3498,10,0
TSLH.US,D,20231215,000000,26.6308,26.6308,26.6308,26.6308,102,0
TSLH.US,D,20231218,000000,26.5507,26.5507,26.5507,26.5507,65,0
TSLH.US,D,20231219,000000,26.9408,26.9408,26.9408,26.9408,5,0
TSLH.US,D,20231220,000000,26.1446,26.1446,26.1446,26.1446,139,0
TSLH.US,D,20231221,000000,26.787,26.787,26.787,26.787,36,0
TSLH.US,D,20231222,000000,26.6283,26.6283,26.6283,26.6283,35,0
TSLH.US,D,20231226,000000,27.0948,27.0948,27.0948,27.0948,102,0
TSLH.US,D,20231227,000000,27.5529,27.5529,27.5529,27.5529,34,0
TSLH.US,D,20231228,000000,25.9,25.9,25.7792,25.7792,135,0
TSLH.US,D,20231229,000000,25.3234,25.3234,25.3234,25.3234,90,0
TSLH.US,D,20240102,000000,25.3407,25.3407,25.3407,25.3407,121,0
TSLH.US,D,20240103,000000,25.09,25.09,24.997,24.997,352,0
TSLH.US,D,20240104,000000,25,25,24.9665,24.9665,100,0
TSLH.US,D,20240105,000000,24.9483,24.9483,24.9483,24.9483,119,0
TSLH.US,D,20240108,000000,25.0607,25.0607,25.0607,25.0607,5,0
TSLH.US,D,20240109,000000,24.89,24.89,24.837,24.837,222,0
TSLH.US,D,20240110,000000,24.7855,24.7855,24.7855,24.7855,11,0
TSLH.US,D,20240111,000000,24.5185,24.5185,24.5185,24.5185,62,0
TSLH.US,D,20240112,000000,24.2201,24.2201,24.2201,24.2201,1,0
TSLH.US,D,20240116,000000,24.2502,24.2502,24.2502,24.2502,22,0
TSLH.US,D,20240117,000000,24.0787,24.0787,24.0787,24.0787,4,0
TSLH.US,D,20240118,000000,23.939,23.939,23.939,23.939,1,0
TSLH.US,D,20240119,000000,23.9599,23.9599,23.9599,23.9599,4,0
TSLH.US,D,20240122,000000,23.8401,23.8401,23.8401,23.8401,35,0
TSLH.US,D,20240123,000000,23.93,23.9399,23.8593,23.8593,6736,0
TSLH.US,D,20240124,000000,23.94,23.94,23.8798,23.8798,1627,0
TSLH.US,D,20240125,000000,23.31,23.31,23.2208,23.2208,609,0
TSLH.US,D,20240126,000000,23.2699,23.2699,23.2,23.2272,2904,0
TSLH.US,D,20240129,000000,23.3081,23.3081,23.3081,23.3081,14,0
TSLH.US,D,20240130,000000,23.3148,23.3148,23.3148,23.3148,2,0
TSLH.US,D,20240131,000000,23.3,23.3,23.2402,23.2571,503,0
TSLH.US,D,20240201,000000,23.2492,23.2492,23.2492,23.2492,105,0
TSLH.US,D,20240202,000000,23.18,23.2601,23.18,23.2601,119,0
TSLH.US,D,20240205,000000,23.1699,23.1699,23.1699,23.1699,16,0
TSLH.US,D,20240206,000000,23.1986,23.1986,23.1986,23.1986,2,0
TSLH.US,D,20240207,000000,23.23,23.23,23.23,23.23,11,0
TSLH.US,D,20240208,000000,23.2629,23.2629,23.2629,23.2629,2,0
TSLH.US,D,20240209,000000,23.3,23.31,23.3,23.31,153,0
TSLH.US,D,20240212,000000,23.265,23.265,23.265,23.265,140,0
TSLH.US,D,20240213,000000,23.25,23.25,23.16,23.1921,1110,0
TSLH.US,D,20240214,000000,23.1707,23.2308,23.1707,23.2308,2048,0
TSLH.US,D,20240215,000000,23.19,23.4444,23.19,23.4444,470,0
TSLH.US,D,20240216,000000,23.56,23.56,23.442,23.442,301,0
TSLH.US,D,20240220,000000,23.3185,23.3185,23.3185,23.3185,47,0
TSLH.US,D,20240221,000000,23.3003,23.3003,23.3003,23.3003,23,0
TSLH.US,D,20240222,000000,23.3193,23.3193,23.3193,23.3193,8,0
TSLH.US,D,20240223,000000,23.3084,23.3084,23.2342,23.2342,644,0
TSLH.US,D,20240226,000000,23.33,23.3354,23.33,23.3354,167,0
TSLH.US,D,20240227,000000,23.3244,23.3244,23.3244,23.3244,22,0
TSLH.US,D,20240228,000000,23.35,23.35,23.35,23.35,117,0
TSLH.US,D,20240229,000000,23.31,23.3461,23.31,23.3461,60054,0
TSLH.US,D,20240301,000000,23.3442,23.3442,23.3442,23.3442,8,0
TSLH.US,D,20240304,000000,23.2,23.2041,23.197,23.2041,1275,0
TSLH.US,D,20240305,000000,23.1369,23.1369,23.1369,23.1369,3,0
TSLH.US,D,20240306,000000,23.155,23.155,23.155,23.155,344,0
TSLH.US,D,20240307,000000,23.155,23.155,23.155,23.155,2,0
TSLH.US,D,20240308,000000,23.155,23.155,23.155,23.155,1,0
TSLH.US,D,20240311,000000,23.13,23.13,23.125,23.125,650,0
TSLH.US,D,20240312,000000,23.14,23.14,23.13,23.13,257,0
TSLH.US,D,20240313,000000,23.125,23.125,23.125,23.125,58,0
TSLH.US,D,20240314,000000,23.125,23.125,23.125,23.125,4,0
TSLH.US,D,20240315,000000,23.1499,23.1499,23.13,23.13,147,0
TSLH.US,D,20240318,000000,23.145,23.145,23.145,23.145,55,0
TSLH.US,D,20240319,000000,23.1201,23.135,23.12,23.135,4340,0
TSLH.US,D,20240320,000000,23.135,23.135,23.135,23.135,4,0
TSLH.US,D,20240321,000000,23.135,23.135,23.135,23.135,23,0
TSLH.US,D,20240322,000000,23.14,23.14,23.14,23.14,8,0
TSLH.US,D,20240325,000000,23.145,23.145,23.145,23.145,18,0
TSLH.US,D,20240326,000000,23.135,23.135,23.135,23.135,2,0
TSLH.US,D,20240327,000000,23.12,23.14,23.12,23.14,704,0
TSLH.US,D,20240328,000000,23.145,23.145,23.145,23.145,90,0
TSLH.US,D,20240401,000000,23,23.0831,22.98,23.0831,4055,0
TSLH.US,D,20240402,000000,22.7172,22.7172,22.7172,22.7172,41,0
TSLH.US,D,20240403,000000,22.7815,22.7815,22.7815,22.7815,1,0
TSLH.US,D,20240404,000000,23.12,23.12,22.9372,22.9372,102,0
TSLH.US,D,20240405,000000,22.6672,22.6672,22.6672,22.6672,2,0
TSLH.US,D,20240408,000000,23.0157,23.0157,23.0157,23.0157,14,0
TSLH.US,D,20240409,000000,23.17,23.1932,23.17,23.1932,690,0
TSLH.US,D,20240410,000000,23,23.01,22.9655,22.9655,503,0
TSLH.US,D,20240411,000000,22.95,23.113,22.89,23.113,4681,0
TSLH.US,D,20240412,000000,22.9437,22.9437,22.9437,22.9437,10,0
TSLH.US,D,20240415,000000,22.5357,22.5357,22.5357,22.5357,20,0
TSLH.US,D,20240416,000000,22.3203,22.3203,22.3203,22.3203,1,0
TSLH.US,D,20240417,000000,22.16,22.2319,22.16,22.2319,227,0
TSLH.US,D,20240418,000000,22.0052,22.0052,22.0052,22.0052,20,0
TSLH.US,D,20240419,000000,21.8977,21.8977,21.8977,21.8977,1,0
TSLH.US,D,20240422,000000,21.7087,21.7087,21.7087,21.7087,103,0
TSLH.US,D,20240423,000000,21.79,21.79,21.7534,21.7534,153,0
TSLH.US,D,20240424,000000,22.47,22.47,22.4562,22.4562,452,0
TSLH.US,D,20240425,000000,22.69,22.8861,22.69,22.8861,350,0
TSLH.US,D,20240426,000000,22.8255,22.8255,22.7791,22.7791,706,0
TSLH.US,D,20240429,000000,23.72,23.9643,23.72,23.9643,234,0
TSLH.US,D,20240430,000000,23.593,23.593,23.593,23.593,157,0
TSLH.US,D,20240501,000000,23.49,23.49,23.4483,23.4483,2005,0
TSLH.US,D,20240502,000000,23.4286,23.4286,23.4286,23.4286,1,0
TSLH.US,D,20240503,000000,23.5046,23.5046,23.5046,23.5046,1,0
TSLH.US,D,20240506,000000,23.69,23.7102,23.6615,23.7102,464,0
TSLH.US,D,20240507,000000,23.3539,23.3539,23.3539,23.3539,2,0
TSLH.US,D,20240508,000000,23.1584,23.1584,23.1584,23.1584,1,0
TSLH.US,D,20240509,000000,22.9872,22.9872,22.9872,22.9872,2,0
TSLH.US,D,20240510,000000,22.7743,22.7743,22.7743,22.7743,4,0
TSLH.US,D,20240513,000000,22.9866,22.9866,22.9866,22.9866,3,0
TSLH.US,D,20240514,000000,23.2739,23.3611,23.2739,23.3611,217,0
TSLH.US,D,20240515,000000,23.1283,23.1283,23.1283,23.1283,1,0
TSLH.US,D,20240516,000000,23.1757,23.1757,23.1757,23.1757,7,0
TSLH.US,D,20240517,000000,23.3503,23.3503,23.3503,23.3503,1,0
TSLH.US,D,20240520,000000,23.1911,23.1911,23.1911,23.1911,39,0
TSLH.US,D,20240521,000000,23.9665,23.9665,23.9665,23.9665,56,0
TSLH.US,D,20240522,000000,23.5415,23.5415,23.5415,23.5415,2,0
TSLH.US,D,20240523,000000,23.1049,23.1049,23.1049,23.1049,18,0
TSLH.US,D,20240524,000000,23.5039,23.5039,23.5039,23.5039,3,0
TSLH.US,D,20240528,000000,23.34,23.34,23.34,23.34,4,0
TSLH.US,D,20240529,000000,23.3209,23.3209,23.3209,23.3209,1,0
TSLH.US,D,20240530,000000,23.4978,23.4978,23.4978,23.4978,2,0
TSLH.US,D,20240531,000000,23.4664,23.4664,23.4664,23.4664,1,0
TSLH.US,D,20240603,000000,23.28,23.327,23.28,23.327,2016,0
TSLH.US,D,20240604,000000,23.2578,23.2578,23.2578,23.2578,1,0
TSLH.US,D,20240605,000000,23.253,23.253,23.253,23.253,29,0
TSLH.US,D,20240606,000000,23.49,23.4901,23.482,23.482,922,0
TSLH.US,D,20240607,000000,23.4624,23.4624,23.4624,23.4624,2,0
TSLH.US,D,20240610,000000,23.1512,23.1512,23.1512,23.1512,12,0
TSLH.US,D,20240611,000000,22.8566,22.8566,22.8566,22.8566,10,0
TSLH.US,D,20240612,000000,23.4462,23.4462,23.4462,23.4462,40,0
TSLH.US,D,20240613,000000,23.8311,23.8311,23.8311,23.8311,10,0
TSLH.US,D,20240614,000000,23.5753,23.5753,23.5753,23.5753,2,0
TSLH.US,D,20240617,000000,24.4729,24.4729,24.4729,24.4729,7,0
TSLH.US,D,20240618,000000,24.25,24.3016,24.25,24.3016,1603,0
TSLH.US,D,20240620,000000,24.23,24.23,23.99,24.0154,933,0
TSLH.US,D,20240621,000000,24.2284,24.2284,24.2284,24.2284,92,0
