<TICKER>,<PER>,<DATE>,<TIME>,<OPEN>,<HIGH>,<LOW>,<CLOSE>,<VOL>,<OPENINT>
VNMC.US,D,20200918,000000,25.0253,25.0253,24.5489,24.6008,2436.0863198652,0
VNMC.US,D,20200921,000000,23.7768,23.8687,23.7768,23.8687,1052.3332191444,0
VNMC.US,D,20200922,000000,23.8557,24.0265,23.8557,24.0265,101.1281209644,0
VNMC.US,D,20200924,000000,23.2615,23.7569,23.2615,23.5052,1555.9712869176,0
VNMC.US,D,20200929,000000,24.6198,24.6198,24.1623,24.1623,101.1281209644,0
VNMC.US,D,20201013,000000,25.5915,25.6215,25.5855,25.5855,10085.777846281,0
VNMC.US,D,20201015,000000,25.3698,25.6824,25.3698,25.6824,390.494724516,0
VNMC.US,D,20201019,000000,25.9081,25.9081,25.4887,25.4887,337.4274927228,0
VNMC.US,D,20201020,000000,25.8782,25.8782,25.7224,25.7224,476.6038176144,0
VNMC.US,D,20201021,000000,25.7294,25.7294,25.6345,25.6345,377.4782336988,0
VNMC.US,D,20201022,000000,25.8912,25.8912,25.8912,25.8912,1.0012685244,0
VNMC.US,D,20201023,000000,25.9681,26.039,25.9681,26.039,101.1281209644,0
VNMC.US,D,20201026,000000,25.6305,25.6305,25.4597,25.4597,7995.129167334,0
VNMC.US,D,20201027,000000,25.1341,25.1341,25.1341,25.1341,78.0989449032,0
VNMC.US,D,20201028,000000,24.3311,24.411,24.2812,24.2812,417.5289746748,0
VNMC.US,D,20201029,000000,24.2033,24.5089,24.2033,24.5089,191.2422881604,0
VNMC.US,D,20201030,000000,24.3211,24.3371,24.3211,24.3371,407.5162894308,0
VNMC.US,D,20201102,000000,24.9663,25.0652,24.8375,25.0352,4034.1108848076,0
VNMC.US,D,20201103,000000,25.6894,25.6894,25.5516,25.6595,1008.2774040708,0
VNMC.US,D,20201104,000000,25.4817,25.4817,25.4817,25.4817,37.0469354028,0
VNMC.US,D,20201105,000000,26.0669,26.0929,26.0669,26.0929,9536.0814263856,0
VNMC.US,D,20201106,000000,26.3156,26.3156,26.0959,26.0959,978.2393483388,0
VNMC.US,D,20201109,000000,27.4072,27.4072,27.4072,27.4072,37.0469354028,0
VNMC.US,D,20201110,000000,27.6399,27.6399,27.6399,27.6399,37.0469354028,0
VNMC.US,D,20201111,000000,27.5331,27.5331,27.5331,27.5331,37.0469354028,0
VNMC.US,D,20201112,000000,27.0437,27.0437,27.0437,27.0437,37.0469354028,0
VNMC.US,D,20201113,000000,27.603,27.603,27.603,27.603,37.0469354028,0
VNMC.US,D,20201116,000000,28.2142,28.2142,28.2142,28.2142,37.0469354028,0
VNMC.US,D,20201117,000000,28.1523,28.1523,28.1523,28.1523,37.0469354028,0
VNMC.US,D,20201118,000000,27.9805,27.9805,27.9805,27.9805,37.0469354028,0
VNMC.US,D,20201119,000000,27.8507,28.0215,27.8507,28.0215,352.4465205888,0
VNMC.US,D,20201120,000000,27.9436,27.9436,27.9436,27.9436,37.0469354028,0
VNMC.US,D,20201123,000000,28.382,28.382,28.382,28.382,37.0469354028,0
VNMC.US,D,20201124,000000,29.0412,29.0412,29.0082,29.0082,6907.7515498356,0
VNMC.US,D,20201125,000000,28.8134,28.8134,28.7785,28.7785,101.1281209644,0
VNMC.US,D,20201127,000000,28.8134,28.8134,28.6646,28.6916,1210.5336459996,0
VNMC.US,D,20201130,000000,28.2791,28.2791,28.2791,28.2791,37.0469354028,0
VNMC.US,D,20201201,000000,28.6547,28.6547,28.6547,28.6547,48.0608891712,0
VNMC.US,D,20201202,000000,28.5458,28.5758,28.4669,28.5758,1008.2774040708,0
VNMC.US,D,20201203,000000,28.7336,28.8234,28.6137,28.6137,1409.7860823552,0
VNMC.US,D,20201204,000000,28.9922,29.183,28.9922,29.183,10085.777846281,0
VNMC.US,D,20201209,000000,29.1211,29.1211,28.9862,28.9862,5725.2534225192,0
VNMC.US,D,20201210,000000,29.0022,29.0571,29.0022,29.0571,344.4363723936,0
VNMC.US,D,20201211,000000,28.8824,28.8824,28.8824,28.8824,2.0025370488,0
VNMC.US,D,20201214,000000,28.6676,28.6676,28.6676,28.6676,1.0012685244,0
VNMC.US,D,20201215,000000,29.1231,29.1231,29.1231,29.1231,1.0012685244,0
VNMC.US,D,20201216,000000,29.0711,29.0711,29.0711,29.0711,1.0012685244,0
VNMC.US,D,20201217,000000,29.2659,29.2659,29.2659,29.2659,2.0025370488,0
VNMC.US,D,20201218,000000,29.17,29.17,29.17,29.17,1.0012685244,0
VNMC.US,D,20201221,000000,29.0022,29.0022,28.9673,28.9673,329.4173445276,0
VNMC.US,D,20201222,000000,28.9273,28.9273,28.9273,28.9273,1.0012685244,0
VNMC.US,D,20201223,000000,29.184,29.184,29.184,29.184,1.0012685244,0
VNMC.US,D,20201224,000000,29.3088,29.3088,29.3088,29.3088,1.0012685244,0
VNMC.US,D,20201228,000000,29.4886,29.4886,29.3628,29.3628,400.50740976,0
VNMC.US,D,20201229,000000,29.1271,29.1271,29.1271,29.1271,1.0012685244,0
VNMC.US,D,20201230,000000,29.4886,29.5016,29.4886,29.5016,8869.2365891352,0
VNMC.US,D,20201231,000000,29.6823,29.6823,29.6823,29.6823,1.0012685244,0
VNMC.US,D,20210104,000000,29.2,29.2,29.2,29.2,1.0012685244,0
VNMC.US,D,20210105,000000,29.5805,29.5805,29.5805,29.5805,1.0012685244,0
VNMC.US,D,20210106,000000,30.6311,30.6311,30.6311,30.6311,1.0012685244,0
VNMC.US,D,20210107,000000,30.8968,30.8968,30.8968,30.8968,6.0076111464,0
VNMC.US,D,20210108,000000,30.8529,30.8529,30.8529,30.8529,4.0050740976,0
VNMC.US,D,20210111,000000,30.9587,30.9587,30.9587,30.9587,4.0050740976,0
VNMC.US,D,20210112,000000,31.2913,31.2913,31.2913,31.2913,4.0050740976,0
VNMC.US,D,20210113,000000,31.0037,31.0037,31.0037,31.0037,4.0050740976,0
VNMC.US,D,20210114,000000,31.0177,31.0177,31.0177,31.0177,12.0152222928,0
VNMC.US,D,20210115,000000,30.747,30.747,30.747,30.747,4.0050740976,0
VNMC.US,D,20210119,000000,30.9128,30.9128,30.9128,30.9128,14.0177593416,0
VNMC.US,D,20210120,000000,31.0236,31.0236,31.0236,31.0236,1.0012685244,0
VNMC.US,D,20210121,000000,30.729,30.739,30.729,30.739,8059.2103528956,0
VNMC.US,D,20210122,000000,30.4414,30.5802,30.4414,30.5492,6546.2936125272,0
VNMC.US,D,20210125,000000,30.2526,30.2556,30.2526,30.2556,103.1306580132,0
VNMC.US,D,20210126,000000,29.951,29.951,29.951,29.951,1.0012685244,0
VNMC.US,D,20210127,000000,29.139,29.139,29.139,29.139,10.012685244,0
VNMC.US,D,20210128,000000,29.7463,29.7463,29.7463,29.7463,2.0025370488,0
VNMC.US,D,20210129,000000,29.2089,29.2089,29.2089,29.2089,2.0025370488,0
VNMC.US,D,20210201,000000,29.6574,29.7263,29.6574,29.7263,201.2549734044,0
VNMC.US,D,20210202,000000,30.1508,30.1508,30.1508,30.1508,2.0025370488,0
VNMC.US,D,20210203,000000,30.2726,30.3086,30.2726,30.3086,201.2549734044,0
VNMC.US,D,20210204,000000,30.5013,30.5742,30.5013,30.5742,101.1281209644,0
VNMC.US,D,20210205,000000,30.6801,30.6801,30.6801,30.6801,110.139537684,0
VNMC.US,D,20210208,000000,30.8978,30.9577,30.8489,30.9577,10726.589701897,0
VNMC.US,D,20210209,000000,30.9677,31.0296,30.9677,31.0296,262.3323533928,0
VNMC.US,D,20210210,000000,31.2354,31.2454,31.2354,31.2404,535.678660554,0
VNMC.US,D,20210211,000000,31.1125,31.1125,31.1125,31.1125,7.0088796708,0
VNMC.US,D,20210212,000000,31.1964,31.2833,31.1165,31.2833,803.0173565688,0
VNMC.US,D,20210216,000000,31.3952,31.3952,31.3712,31.3712,560.710373664,0
VNMC.US,D,20210217,000000,31.2064,31.2064,31.0966,31.2024,1395.7683230136,0
VNMC.US,D,20210218,000000,30.9587,30.9587,30.9587,30.9587,4.0050740976,0
VNMC.US,D,20210219,000000,31.2823,31.2823,31.2823,31.2823,10.012685244,0
VNMC.US,D,20210222,000000,31.4641,31.4641,31.4441,31.4481,208.2638530752,0
VNMC.US,D,20210223,000000,31.1765,31.6439,31.1665,31.6439,3525.4664744124,0
VNMC.US,D,20210224,000000,32.2391,32.2391,32.1992,32.2191,13357.92338402,0
VNMC.US,D,20210225,000000,31.4281,31.4281,31.4281,31.4281,13.0164908172,0
VNMC.US,D,20210226,000000,31.3552,31.4441,30.8978,31.0746,1367.7328043304,0
VNMC.US,D,20210301,000000,31.9095,31.9095,31.9095,31.9095,1.0012685244,0
VNMC.US,D,20210302,000000,31.7517,31.8116,31.6119,31.6528,11773.91657842,0
VNMC.US,D,20210303,000000,31.8316,31.8316,31.6688,31.6688,964.2215889972,0
VNMC.US,D,20210304,000000,31.6229,31.6429,31.1435,31.1435,10928.845943826,0
VNMC.US,D,20210305,000000,31.3952,31.9475,31.3952,31.9475,3990.055069734,0
VNMC.US,D,20210308,000000,32.2061,32.2061,32.2061,32.2061,2.0025370488,0
VNMC.US,D,20210309,000000,32.2291,32.2291,32.2141,32.2141,998.2647188268,0
VNMC.US,D,20210310,000000,32.4968,32.5697,32.4968,32.5697,873.1061532768,0
VNMC.US,D,20210311,000000,32.7055,33.0531,32.7055,32.9192,4100.194607418,0
VNMC.US,D,20210312,000000,33.0131,33.107,33.0131,33.107,908.1505516308,0
VNMC.US,D,20210315,000000,33.102,33.4476,33.102,33.4476,813.0300418128,0
VNMC.US,D,20210316,000000,33.2019,33.2019,33.0561,33.0561,692.8778188848,0
VNMC.US,D,20210317,000000,33.0431,33.2259,33.0431,33.2259,1386.756906294,0
VNMC.US,D,20210318,000000,33.3807,33.5694,32.8144,32.8144,1584.0068056008,0
VNMC.US,D,20210319,000000,32.8683,32.8683,32.8683,32.8683,1.0012685244,0
VNMC.US,D,20210322,000000,32.6995,32.6995,32.6995,32.6995,1.0012685244,0
VNMC.US,D,20210323,000000,32.288,32.4668,31.9285,31.9285,5899.4741457648,0
VNMC.US,D,20210324,000000,32.4468,32.4468,31.9535,31.9535,313.3970481372,0
VNMC.US,D,20210325,000000,31.5929,32.4169,31.5929,32.4169,3180.0288334944,0
VNMC.US,D,20210326,000000,32.8044,32.9672,32.8044,32.9672,2226.8211982656,0
VNMC.US,D,20210329,000000,32.7055,32.7055,32.5487,32.5487,1080.3687378276,0
VNMC.US,D,20210330,000000,32.7914,32.7914,32.7914,32.7914,5.006342622,0
VNMC.US,D,20210331,000000,32.8264,32.8264,32.8264,32.8264,1.0012685244,0
VNMC.US,D,20210401,000000,33.0141,33.3317,33.0141,33.3317,1481.877416112,0
VNMC.US,D,20210405,000000,33.5085,33.5085,33.5085,33.5085,1.0012685244,0
VNMC.US,D,20210406,000000,33.4536,33.4536,33.4536,33.4536,1.0012685244,0
VNMC.US,D,20210407,000000,33.3607,33.3607,33.2958,33.2958,202.2562419288,0
VNMC.US,D,20210408,000000,33.1919,33.2029,32.9142,33.2029,79068.172834819,0
VNMC.US,D,20210409,000000,33.4466,33.4466,33.4466,33.4466,31.0393242564,0
VNMC.US,D,20210412,000000,33.4795,33.6084,33.4795,33.5524,816.033847386,0
VNMC.US,D,20210413,000000,33.2219,33.3447,33.2219,33.3447,422.5353172968,0
VNMC.US,D,20210414,000000,33.6054,33.6054,33.6054,33.6054,1.0012685244,0
VNMC.US,D,20210415,000000,33.874,33.874,33.874,33.874,6.0076111464,0
VNMC.US,D,20210416,000000,34.1317,34.1317,34.1317,34.1317,1.0012685244,0
VNMC.US,D,20210419,000000,33.909,33.909,33.909,33.909,58.0735744152,0
VNMC.US,D,20210420,000000,33.4066,33.4066,33.4066,33.4066,1.0012685244,0
VNMC.US,D,20210421,000000,33.894,33.894,33.894,33.894,1.0012685244,0
VNMC.US,D,20210422,000000,33.7482,33.7482,33.7482,33.7482,3.0038055732,0
VNMC.US,D,20210423,000000,34.3714,34.3714,34.3714,34.3714,29.0367872076,0
VNMC.US,D,20210426,000000,34.5322,34.5322,34.4753,34.4753,159.2016953796,0
VNMC.US,D,20210427,000000,34.5522,34.5522,34.5522,34.5522,10.012685244,0
VNMC.US,D,20210428,000000,34.72,34.72,34.72,34.72,1.0012685244,0
VNMC.US,D,20210429,000000,34.9127,34.9127,34.9127,34.9127,1.0012685244,0
VNMC.US,D,20210430,000000,34.8098,34.8098,34.4673,34.4673,3017.8233325416,0
VNMC.US,D,20210503,000000,34.696,34.7999,34.669,34.669,394.4997986136,0
VNMC.US,D,20210504,000000,34.656,34.656,34.656,34.656,1.0012685244,0
VNMC.US,D,20210505,000000,34.9167,34.9167,34.9167,34.9167,1.0012685244,0
VNMC.US,D,20210506,000000,34.711,34.8877,34.6021,34.8877,702.8905041288,0
VNMC.US,D,20210507,000000,35.2683,35.2683,35.2683,35.2683,1.0012685244,0
VNMC.US,D,20210510,000000,34.9766,34.9766,34.9766,34.9766,9.0114167196,0
VNMC.US,D,20210511,000000,34.6111,34.6111,34.6111,34.6111,60.076111464,0
VNMC.US,D,20210512,000000,34.4433,34.4433,33.7102,33.7102,1730.1920101632,0
VNMC.US,D,20210513,000000,34.2346,34.2695,34.2346,34.2695,382.4845763208,0
VNMC.US,D,20210514,000000,34.9217,34.9217,34.9217,34.9217,197.2498993068,0
VNMC.US,D,20210517,000000,34.9277,34.9277,34.9277,34.9277,1.0012685244,0
VNMC.US,D,20210518,000000,34.8398,34.8398,34.6191,34.6191,673.8537169212,0
VNMC.US,D,20210519,000000,34.1846,34.2915,34.1846,34.2915,288.3653350272,0
VNMC.US,D,20210520,000000,34.4094,34.4094,34.4094,34.4094,60.076111464,0
VNMC.US,D,20210521,000000,34.5312,34.5312,34.5312,34.5312,97.1230468668,0
VNMC.US,D,20210524,000000,34.695,34.695,34.695,34.695,68.0862596592,0
VNMC.US,D,20210525,000000,34.4723,34.4723,34.3424,34.3424,101.1281209644,0
VNMC.US,D,20210526,000000,34.5382,34.5382,34.5382,34.5382,1.0012685244,0
VNMC.US,D,20210527,000000,34.8897,34.8897,34.8897,34.8897,1.0012685244,0
VNMC.US,D,20210528,000000,34.9137,34.9137,34.9137,34.9137,1.0012685244,0
VNMC.US,D,20210601,000000,35.1314,35.1314,35.1314,35.1314,1.0012685244,0
VNMC.US,D,20210602,000000,35.0196,35.0196,35.0196,35.0196,1.0012685244,0
VNMC.US,D,20210603,000000,35.0166,35.0166,35.0166,35.0166,2.0025370488,0
VNMC.US,D,20210604,000000,35.0036,35.0036,35.0036,35.0036,1.0012685244,0
VNMC.US,D,20210607,000000,34.9956,34.9956,34.9956,34.9956,68.0862596592,0
VNMC.US,D,20210608,000000,35.2163,35.2163,35.2163,35.2163,1.0012685244,0
VNMC.US,D,20210609,000000,35.0555,35.0555,35.0555,35.0555,1.0012685244,0
VNMC.US,D,20210610,000000,34.9017,34.9017,34.9017,34.9017,1.0012685244,0
VNMC.US,D,20210611,000000,35.1165,35.1165,35.1165,35.1165,1.0012685244,0
VNMC.US,D,20210614,000000,34.7759,34.8548,34.7759,34.8548,2136.7070310696,0
VNMC.US,D,20210615,000000,35.0955,35.0955,35.0955,35.0955,49.0621576956,0
VNMC.US,D,20210616,000000,34.9986,35.0246,34.9986,35.0246,302.3830943688,0
VNMC.US,D,20210617,000000,34.9786,34.9786,34.3924,34.3924,105.133195062,0
VNMC.US,D,20210618,000000,33.7642,33.7642,33.7642,33.7642,20.025370488,0
VNMC.US,D,20210621,000000,34.0258,34.5242,34.0258,34.5242,733.9298283852,0
VNMC.US,D,20210622,000000,34.5821,34.5901,34.5821,34.5901,101.1281209644,0
VNMC.US,D,20210623,000000,34.5811,34.5811,34.5811,34.5811,1.0012685244,0
VNMC.US,D,20210624,000000,34.7409,34.9067,34.7309,34.8638,1534.9446479052,0
VNMC.US,D,20210625,000000,35.0685,35.1884,35.0685,35.1884,503.6380677732,0
VNMC.US,D,20210628,000000,34.7529,34.7529,34.7529,34.7529,5.006342622,0
VNMC.US,D,20210629,000000,34.7609,34.7609,34.667,34.667,756.9590044464,0
VNMC.US,D,20210630,000000,34.691,34.7719,34.691,34.7719,428.5429284432,0
VNMC.US,D,20210701,000000,35.2073,35.2073,35.1344,35.1344,453.5746415532,0
VNMC.US,D,20210702,000000,35.1085,35.1244,35.1085,35.1244,118.1496858792,0
VNMC.US,D,20210706,000000,34.6161,34.6161,34.6161,34.6161,20.025370488,0
VNMC.US,D,20210707,000000,34.6351,34.6351,34.6351,34.6351,20.025370488,0
VNMC.US,D,20210708,000000,34.1487,34.1487,34.1487,34.1487,9.0114167196,0
VNMC.US,D,20210709,000000,34.8268,34.8268,34.8268,34.8268,20.025370488,0
VNMC.US,D,20210712,000000,34.9896,34.9896,34.9896,34.9896,29.0367872076,0
VNMC.US,D,20210713,000000,34.5362,34.5362,34.5362,34.5362,20.025370488,0
VNMC.US,D,20210714,000000,34.3734,34.3734,34.2995,34.2995,402.5099468088,0
VNMC.US,D,20210715,000000,34.1846,34.1846,34.0918,34.0918,508.6444103952,0
VNMC.US,D,20210716,000000,33.6883,33.6883,33.6443,33.6443,377.4782336988,0
VNMC.US,D,20210719,000000,32.8363,32.8363,32.8363,32.8363,92.1167042448,0
VNMC.US,D,20210720,000000,33.6703,33.6703,33.6703,33.6703,1.0012685244,0
VNMC.US,D,20210721,000000,34.0957,34.1617,34.0957,34.1617,101.1281209644,0
VNMC.US,D,20210722,000000,33.9949,33.9949,33.9949,33.9949,20.025370488,0
VNMC.US,D,20210723,000000,34.2805,34.2805,34.2805,34.2805,20.025370488,0
VNMC.US,D,20210726,000000,34.3504,34.3504,34.3504,34.3504,143.1813989892,0
VNMC.US,D,20210727,000000,34.0858,34.2875,34.0858,34.2875,2009.5459284708,0
VNMC.US,D,20210728,000000,34.4813,34.4813,34.4813,34.4813,28.0355186832,0
VNMC.US,D,20210729,000000,34.7329,34.7329,34.7329,34.7329,1.0012685244,0
VNMC.US,D,20210730,000000,34.6151,34.6151,34.6151,34.6151,93.1179727692,0
VNMC.US,D,20210802,000000,34.4843,34.4843,34.4843,34.4843,93.1179727692,0
VNMC.US,D,20210803,000000,34.7259,34.7259,34.7259,34.7259,93.1179727692,0
VNMC.US,D,20210804,000000,34.3494,34.3494,34.3494,34.3494,10.012685244,0
VNMC.US,D,20210805,000000,34.4183,34.4183,34.4183,34.4183,93.1179727692,0
VNMC.US,D,20210806,000000,34.701,34.701,34.701,34.701,44.0558150736,0
VNMC.US,D,20210809,000000,34.4034,34.4034,34.2855,34.2855,385.488381894,0
VNMC.US,D,20210810,000000,34.4962,34.4962,34.4962,34.4962,93.1179727692,0
VNMC.US,D,20210811,000000,34.7449,34.7449,34.7449,34.7449,93.1179727692,0
VNMC.US,D,20210812,000000,34.8358,34.8358,34.8358,34.8358,93.1179727692,0
VNMC.US,D,20210813,000000,34.7749,34.7749,34.7749,34.7749,93.1179727692,0
VNMC.US,D,20210816,000000,34.66,34.66,34.66,34.66,93.1179727692,0
VNMC.US,D,20210817,000000,34.2655,34.2655,34.2655,34.2655,93.1179727692,0
VNMC.US,D,20210818,000000,34.0019,34.0019,34.0019,34.0019,93.1179727692,0
VNMC.US,D,20210819,000000,33.7592,33.7592,33.7592,33.7592,2.0025370488,0
VNMC.US,D,20210820,000000,34.0698,34.0698,34.0698,34.0698,2.0025370488,0
VNMC.US,D,20210823,000000,34.3275,34.3275,34.3275,34.3275,2.0025370488,0
VNMC.US,D,20210824,000000,34.711,34.711,34.711,34.711,84.1065560496,0
VNMC.US,D,20210825,000000,35.0326,35.0326,35.0326,35.0326,2.0025370488,0
VNMC.US,D,20210826,000000,34.8538,34.8538,34.8538,34.8538,2.0025370488,0
VNMC.US,D,20210827,000000,35.3112,35.3112,35.3112,35.3112,2.0025370488,0
VNMC.US,D,20210830,000000,35.1884,35.1884,35.1884,35.1884,1.0012685244,0
VNMC.US,D,20210831,000000,35.1874,35.2303,35.1874,35.2303,959.2152463752,0
VNMC.US,D,20210901,000000,35.1474,35.2343,35.1474,35.2343,309.3919740396,0
VNMC.US,D,20210902,000000,35.485,35.485,35.4231,35.4231,175.22199177,0
VNMC.US,D,20210903,000000,35.3861,35.3861,35.3112,35.3112,151.1915471844,0
VNMC.US,D,20210907,000000,35.1474,35.1474,34.9986,34.9986,536.6799290784,0
VNMC.US,D,20210908,000000,34.9147,34.9147,34.9147,34.9147,2.0025370488,0
VNMC.US,D,20210909,000000,34.9107,34.9107,34.9107,34.9107,3.0038055732,0
VNMC.US,D,20210910,000000,34.6301,34.6301,34.6301,34.6301,37.0469354028,0
VNMC.US,D,20210913,000000,34.664,34.664,34.664,34.664,2.0025370488,0
VNMC.US,D,20210914,000000,34.3474,34.3474,34.3474,34.3474,2.0025370488,0
VNMC.US,D,20210915,000000,34.7609,34.7609,34.7609,34.7609,2.0025370488,0
VNMC.US,D,20210916,000000,34.671,34.7289,34.661,34.7289,60430.560521638,0
VNMC.US,D,20210917,000000,34.4443,34.4443,34.4443,34.4443,2.0025370488,0
VNMC.US,D,20210920,000000,33.9759,33.9759,33.6603,33.7971,900.1404034356,0
VNMC.US,D,20210921,000000,33.9559,33.9769,33.7312,33.7312,403.5112153332,0
VNMC.US,D,20210922,000000,34.1377,34.1377,34.1377,34.1377,2.0025370488,0
VNMC.US,D,20210923,000000,34.6371,34.6371,34.6371,34.6371,2.0025370488,0
VNMC.US,D,20210924,000000,34.7339,34.7339,34.7339,34.7339,54.0685003176,0
VNMC.US,D,20210927,000000,34.8997,34.8997,34.7929,34.7929,696.8828929824,0
VNMC.US,D,20210928,000000,34.2286,34.2286,34.2286,34.2286,1.0012685244,0
VNMC.US,D,20210929,000000,34.3115,34.3115,34.3115,34.3115,2.0025370488,0
VNMC.US,D,20210930,000000,33.9539,33.9539,33.9539,33.9539,1.0012685244,0
VNMC.US,D,20211001,000000,33.9459,34.3764,33.9459,34.3764,1126.42708995,0
VNMC.US,D,20211004,000000,34.1177,34.1177,34.1177,34.1177,1.0012685244,0
VNMC.US,D,20211005,000000,34.2745,34.5322,34.2745,34.3774,202.2562419288,0
VNMC.US,D,20211006,000000,34.3914,34.3914,34.3914,34.3914,1.0012685244,0
VNMC.US,D,20211007,000000,34.7709,34.9686,34.677,34.677,645.818198238,0
VNMC.US,D,20211008,000000,34.8198,34.8198,34.678,34.678,101.1281209644,0
VNMC.US,D,20211011,000000,34.3834,34.3834,34.3834,34.3834,1.0012685244,0
VNMC.US,D,20211012,000000,34.4034,34.4034,34.3035,34.3035,155.196621282,0
VNMC.US,D,20211013,000000,34.1946,34.5012,34.0957,34.5012,304.3856314176,0
VNMC.US,D,20211014,000000,34.9726,34.9726,34.9726,34.9726,1.0012685244,0
VNMC.US,D,20211015,000000,35.0505,35.0505,35.0505,35.0505,1.0012685244,0
VNMC.US,D,20211018,000000,34.9467,34.9467,34.9467,34.9467,184.2334084896,0
VNMC.US,D,20211019,000000,35.2573,35.2573,35.2573,35.2573,146.1852045624,0
VNMC.US,D,20211020,000000,35.3062,35.478,35.3062,35.478,202.2562419288,0
VNMC.US,D,20211021,000000,35.5549,35.5849,35.5449,35.5849,402.5099468088,0
VNMC.US,D,20211022,000000,35.7137,35.7137,35.7017,35.7017,114.1446117816,0
VNMC.US,D,20211025,000000,35.6058,35.6058,35.6058,35.6058,9.0114167196,0
VNMC.US,D,20211026,000000,35.6248,35.6638,35.475,35.475,402.5099468088,0
VNMC.US,D,20211027,000000,34.9706,34.9706,34.9706,34.9706,146.1852045624,0
VNMC.US,D,20211028,000000,34.9397,35.2683,34.9397,35.2683,928.1759221188,0
VNMC.US,D,20211029,000000,35.3631,35.3631,35.3631,35.3631,146.1852045624,0
VNMC.US,D,20211101,000000,35.6837,35.6837,35.6837,35.6837,3.0038055732,0
VNMC.US,D,20211102,000000,35.6967,35.6967,35.6967,35.6967,1.0012685244,0
VNMC.US,D,20211103,000000,35.9963,35.9963,35.9963,35.9963,101.1281209644,0
VNMC.US,D,20211104,000000,35.8026,36.0712,35.7337,35.8315,202505.55779138,0
VNMC.US,D,20211105,000000,36.1591,36.1591,36.1591,36.1591,1.0012685244,0
VNMC.US,D,20211108,000000,36.1432,36.1432,36.1432,36.1432,1.0012685244,0
VNMC.US,D,20211109,000000,36.1152,36.1152,36.1152,36.1152,53.0672317932,0
VNMC.US,D,20211110,000000,36.3389,36.3389,35.9144,35.9144,2118.6841976304,0
VNMC.US,D,20211111,000000,35.8525,35.9224,35.8525,35.8995,751.9526618244,0
VNMC.US,D,20211112,000000,36.0303,36.0303,36.0303,36.0303,1.0012685244,0
VNMC.US,D,20211115,000000,36.0812,36.0812,36.0473,36.0473,104.1319265376,0
VNMC.US,D,20211116,000000,36.1831,36.1831,36.1831,36.1831,1.0012685244,0
VNMC.US,D,20211117,000000,35.9634,35.9634,35.9634,35.9634,5.006342622,0
VNMC.US,D,20211118,000000,35.9324,35.9324,35.7536,35.7536,673.8537169212,0
VNMC.US,D,20211119,000000,35.6438,35.6438,35.6348,35.6348,151.1915471844,0
VNMC.US,D,20211122,000000,35.8146,35.8146,35.8146,35.8146,1.0012685244,0
VNMC.US,D,20211123,000000,35.7776,35.7776,35.7776,35.7776,84.1065560496,0
VNMC.US,D,20211124,000000,35.7976,35.7976,35.7976,35.7976,30.038055732,0
VNMC.US,D,20211126,000000,35.0985,35.0985,34.8288,34.8708,1105.4004509376,0
VNMC.US,D,20211129,000000,35.0485,35.0485,35.0485,35.0485,9.0114167196,0
VNMC.US,D,20211130,000000,34.0718,34.0718,34.0718,34.0718,5.006342622,0
VNMC.US,D,20211201,000000,34.7809,34.7809,33.6054,33.6054,1054.3357561932,0
VNMC.US,D,20211202,000000,34.0558,34.4433,34.0558,34.3454,2055.6042805932,0
VNMC.US,D,20211203,000000,34.0159,34.1227,33.9759,34.1227,398.5048727112,0
VNMC.US,D,20211206,000000,34.7999,34.8009,34.7339,34.7339,1054.3357561932,0
VNMC.US,D,20211207,000000,35.3741,35.3741,35.3741,35.3741,7.0088796708,0
VNMC.US,D,20211208,000000,35.5619,35.5619,35.5619,35.5619,7.0088796708,0
VNMC.US,D,20211209,000000,35.2403,35.2403,35.2403,35.2403,143.1813989892,0
VNMC.US,D,20211210,000000,35.2483,35.2483,35.2483,35.2483,6.0076111464,0
VNMC.US,D,20211213,000000,34.7999,34.8039,34.7999,34.8039,327.4148074788,0
VNMC.US,D,20211214,000000,34.5572,34.5572,34.5572,34.5572,49.0621576956,0
VNMC.US,D,20211215,000000,34.8678,34.8678,34.8678,34.8678,61.0773799884,0
VNMC.US,D,20211216,000000,34.7359,34.7359,34.7359,34.7359,7.0088796708,0
VNMC.US,D,20211217,000000,34.6331,34.6331,34.6331,34.6331,5.006342622,0
VNMC.US,D,20211220,000000,34.0848,34.0848,34.0848,34.0848,7.0088796708,0
VNMC.US,D,20211221,000000,34.8847,34.8847,34.8847,34.8847,68.0862596592,0
VNMC.US,D,20211222,000000,35.1834,35.1834,35.1834,35.1834,7.0088796708,0
VNMC.US,D,20211223,000000,35.5349,35.5469,35.5349,35.5469,316.4008537104,0
VNMC.US,D,20211227,000000,32.7485,35.6548,32.7485,32.8727,23489.759582424,0
VNMC.US,D,20211228,000000,32.8755,32.8755,32.8755,32.8755,7.0088796708,0
VNMC.US,D,20211229,000000,32.8583,32.9182,32.7984,32.867,16654.099366345,0
VNMC.US,D,20211230,000000,32.8748,32.8748,32.8748,32.8748,2.0025370488,0
VNMC.US,D,20211231,000000,32.9241,32.9241,32.9241,32.9241,2.0025370488,0
VNMC.US,D,20220103,000000,32.9882,32.9882,32.8633,32.8995,1106.401719462,0
VNMC.US,D,20220104,000000,33.07,33.07,33.07,33.07,2.0025370488,0
VNMC.US,D,20220105,000000,32.4796,32.4796,32.4796,32.4796,2.0025370488,0
VNMC.US,D,20220106,000000,32.6386,32.6386,32.5748,32.5748,812.0287732884,0
VNMC.US,D,20220107,000000,32.4121,32.4121,32.4121,32.4121,2.0025370488,0
VNMC.US,D,20220110,000000,32.3943,32.3943,32.3943,32.3943,3.0038055732,0
VNMC.US,D,20220111,000000,32.731,32.731,32.731,32.731,1.0012685244,0
VNMC.US,D,20220112,000000,32.9005,32.9005,32.9005,32.9005,1.0012685244,0
VNMC.US,D,20220113,000000,32.8683,32.8683,32.6693,32.6693,927.1746535944,0
VNMC.US,D,20220114,000000,32.6182,32.6182,32.6182,32.6182,1.0012685244,0
VNMC.US,D,20220118,000000,32.0011,32.0011,32.0011,32.0011,2.0025370488,0
VNMC.US,D,20220119,000000,31.7521,31.7521,31.7521,31.7521,45.057083598,0
VNMC.US,D,20220120,000000,32.2591,32.2591,31.3523,31.3523,159.2016953796,0
VNMC.US,D,20220121,000000,30.9835,30.9835,30.9835,30.9835,1.0012685244,0
VNMC.US,D,20220124,000000,30.4813,31.2363,30.4813,31.2363,282.3577238808,0
VNMC.US,D,20220125,000000,30.5712,30.7815,30.5612,30.7815,548.6951513712,0
VNMC.US,D,20220126,000000,31.1205,31.1205,30.4646,30.4646,6503.239065978,0
VNMC.US,D,20220127,000000,30.19,30.19,30.19,30.19,1.0012685244,0
VNMC.US,D,20220128,000000,30.6171,30.6171,30.6171,30.6171,44.0558150736,0
VNMC.US,D,20220131,000000,30.711,31.306,30.711,31.306,1268.6072204148,0
VNMC.US,D,20220201,000000,31.5268,31.5268,31.5268,31.5268,1.0012685244,0
VNMC.US,D,20220202,000000,31.6998,31.7497,31.6998,31.7323,600.76111464,0
VNMC.US,D,20220203,000000,31.2068,31.2068,31.2068,31.2068,1.0012685244,0
VNMC.US,D,20220204,000000,31.4102,31.4102,31.4102,31.4102,1.0012685244,0
VNMC.US,D,20220207,000000,31.344,31.344,31.344,31.344,1.0012685244,0
VNMC.US,D,20220208,000000,31.7597,31.7799,31.7597,31.7799,143.1813989892,0
VNMC.US,D,20220209,000000,32.4233,32.4233,32.4233,32.4233,1.0012685244,0
VNMC.US,D,20220210,000000,32.0717,32.0717,32.0717,32.0717,1.0012685244,0
VNMC.US,D,20220211,000000,31.6372,31.6372,31.6372,31.6372,1.0012685244,0
VNMC.US,D,20220214,000000,31.3295,31.3295,31.3295,31.3295,1.0012685244,0
VNMC.US,D,20220215,000000,31.8651,31.8651,31.8651,31.8651,1.0012685244,0
VNMC.US,D,20220216,000000,32.0642,32.0642,32.0642,32.0642,1.0012685244,0
VNMC.US,D,20220217,000000,31.4786,31.4786,31.4786,31.4786,1.0012685244,0
VNMC.US,D,20220218,000000,31.3355,31.3355,31.3355,31.3355,1.0012685244,0
VNMC.US,D,20220222,000000,31.0409,31.0409,31.0409,31.0409,20.025370488,0
VNMC.US,D,20220223,000000,30.9607,30.9607,30.5591,30.5591,214.2714642216,0
VNMC.US,D,20220224,000000,31.0429,31.0429,31.0429,31.0429,20.025370488,0
VNMC.US,D,20220225,000000,31.8912,31.8912,31.8912,31.8912,26.0329816344,0
VNMC.US,D,20220228,000000,31.889,31.889,31.889,31.889,20.025370488,0
VNMC.US,D,20220301,000000,31.1233,31.1233,31.1233,31.1233,20.025370488,0
VNMC.US,D,20220302,000000,31.7973,31.7973,31.7973,31.7973,20.025370488,0
VNMC.US,D,20220303,000000,31.371,31.371,31.371,31.371,2.0025370488,0
VNMC.US,D,20220304,000000,30.9967,30.9967,30.9967,30.9967,1.0012685244,0
VNMC.US,D,20220307,000000,29.8725,29.8725,29.8725,29.8725,1.0012685244,0
VNMC.US,D,20220308,000000,29.7789,29.8721,29.7789,29.7789,272.3450386368,0
VNMC.US,D,20220309,000000,30.5213,30.5812,30.2317,30.4189,31663.114547101,0
VNMC.US,D,20220310,000000,30.1418,30.4394,30.1018,30.4394,9399.9089070672,0
VNMC.US,D,20220311,000000,30.2326,30.2326,30.2326,30.2326,1.0012685244,0
VNMC.US,D,20220314,000000,29.9911,29.9911,29.9911,29.9911,1.0012685244,0
VNMC.US,D,20220315,000000,30.3385,30.3385,30.3385,30.3385,2.0025370488,0
VNMC.US,D,20220316,000000,30.9572,30.9572,30.9572,30.9572,1.0012685244,0
VNMC.US,D,20220317,000000,31.2504,31.3696,31.2504,31.3696,118.1496858792,0
VNMC.US,D,20220318,000000,31.3602,31.6415,31.3303,31.6415,841.065560496,0
VNMC.US,D,20220321,000000,31.5999,31.5999,31.5999,31.5999,1.0012685244,0
VNMC.US,D,20220322,000000,31.7289,31.7289,31.7289,31.7289,1.0012685244,0
VNMC.US,D,20220323,000000,31.3387,31.3387,31.3387,31.3387,1.0012685244,0
VNMC.US,D,20220324,000000,31.5773,31.5773,31.5773,31.5773,1.0012685244,0
VNMC.US,D,20220325,000000,31.8142,31.8142,31.8142,31.8142,1.0012685244,0
VNMC.US,D,20220328,000000,31.9046,31.9046,31.9046,31.9046,69.0875281836,0
VNMC.US,D,20220329,000000,32.1464,32.1464,32.1464,32.1464,100.12685244,0
VNMC.US,D,20220330,000000,32.034,32.034,32.034,32.034,20.025370488,0
VNMC.US,D,20220331,000000,31.7119,31.7119,31.7119,31.7119,100.12685244,0
VNMC.US,D,20220401,000000,31.8779,31.8779,31.8779,31.8779,1.0012685244,0
VNMC.US,D,20220404,000000,31.7753,31.7753,31.7753,31.7753,1.0012685244,0
VNMC.US,D,20220405,000000,31.6499,31.6499,31.5194,31.5194,3773.7810684636,0
VNMC.US,D,20220406,000000,31.5327,31.5327,31.5327,31.5327,1.0012685244,0
VNMC.US,D,20220407,000000,30.6451,30.6451,30.6451,30.6451,2,0
VNMC.US,D,20220408,000000,30.7206,30.7206,30.7206,30.7206,1,0
VNMC.US,D,20220411,000000,30.66,30.72,30.4855,30.4855,4705,0
VNMC.US,D,20220412,000000,30.4605,30.4605,30.4605,30.4605,16,0
VNMC.US,D,20220413,000000,30.7387,30.7387,30.7387,30.7387,16,0
VNMC.US,D,20220414,000000,30.5461,30.5461,30.5461,30.5461,16,0
VNMC.US,D,20220418,000000,30.3938,30.3938,30.3938,30.3938,2,0
VNMC.US,D,20220419,000000,30.8014,30.8014,30.8014,30.8014,2,0
VNMC.US,D,20220420,000000,31.1751,31.1751,31.1751,31.1751,16,0
VNMC.US,D,20220421,000000,31.26,31.26,30.7048,30.7048,321,0
VNMC.US,D,20220422,000000,29.966,29.966,29.966,29.966,16,0
VNMC.US,D,20220425,000000,29.5353,29.5353,29.5353,29.5353,400,0
VNMC.US,D,20220426,000000,29.2922,29.2922,29.2922,29.2922,16,0
VNMC.US,D,20220427,000000,29.2489,29.2489,29.2489,29.2489,16,0
VNMC.US,D,20220428,000000,29.6353,29.6353,29.6353,29.6353,16,0
VNMC.US,D,20220429,000000,29.0074,29.0074,29.0074,29.0074,16,0
VNMC.US,D,20220502,000000,29.01,29.0413,29,29.0413,1724,0
VNMC.US,D,20220503,000000,29.2847,29.2847,29.2847,29.2847,1,0
VNMC.US,D,20220504,000000,29.8811,29.8811,29.8811,29.8811,1,0
VNMC.US,D,20220505,000000,29.0848,29.0848,29.0848,29.0848,16,0
VNMC.US,D,20220506,000000,29.11,29.11,28.91,28.9952,327,0
VNMC.US,D,20220509,000000,28.21,28.21,28.015,28.015,243,0
VNMC.US,D,20220510,000000,28.37,28.37,28.0016,28.0016,300,0
VNMC.US,D,20220511,000000,27.7152,27.7152,27.7152,27.7152,4,0
VNMC.US,D,20220512,000000,27.7318,27.7318,27.7318,27.7318,4,0
VNMC.US,D,20220513,000000,28.44,28.4738,28.44,28.4738,309,0
VNMC.US,D,20220516,000000,28.5143,28.5143,28.5143,28.5143,73,0
VNMC.US,D,20220517,000000,29.1023,29.1023,29.1023,29.1023,1,0
VNMC.US,D,20220518,000000,28.3474,28.3474,28.3474,28.3474,16,0
VNMC.US,D,20220519,000000,28.4816,28.4816,28.4816,28.4816,16,0
VNMC.US,D,20220520,000000,28.0201,28.5102,28.0201,28.5102,100,0
VNMC.US,D,20220523,000000,28.877,28.877,28.877,28.877,5,0
VNMC.US,D,20220524,000000,28.7693,28.7693,28.7693,28.7693,138,0
VNMC.US,D,20220525,000000,29.0814,29.0814,29.0814,29.0814,18,0
VNMC.US,D,20220526,000000,29.5894,29.5894,29.5894,29.5894,4,0
VNMC.US,D,20220527,000000,30.2219,30.2219,30.2219,30.2219,32,0
VNMC.US,D,20220531,000000,29.8405,29.9231,29.8405,29.9231,122,0
VNMC.US,D,20220601,000000,29.8843,29.8843,29.8843,29.8843,102,0
VNMC.US,D,20220602,000000,30.2774,30.2774,30.2774,30.2774,16,0
VNMC.US,D,20220603,000000,30.0689,30.0689,30.0689,30.0689,16,0
VNMC.US,D,20220606,000000,30.2103,30.2103,30.2103,30.2103,12,0
VNMC.US,D,20220607,000000,30.5325,30.5325,30.5325,30.5325,1,0
VNMC.US,D,20220608,000000,30.0929,30.0929,30.0929,30.0929,32,0
VNMC.US,D,20220609,000000,29.5426,29.5426,29.5426,29.5426,8,0
VNMC.US,D,20220610,000000,28.8873,28.8873,28.8873,28.8873,2,0
VNMC.US,D,20220613,000000,27.6721,27.6721,27.6721,27.6721,5,0
VNMC.US,D,20220614,000000,27.3839,27.3839,27.3839,27.3839,1,0
VNMC.US,D,20220615,000000,27.5752,27.5752,27.5752,27.5752,85,0
VNMC.US,D,20220616,000000,26.5507,26.5507,26.5507,26.5507,16,0
VNMC.US,D,20220617,000000,26.5403,26.5403,26.5403,26.5403,16,0
VNMC.US,D,20220621,000000,26.9192,26.9192,26.9192,26.9192,16,0
VNMC.US,D,20220622,000000,26.9313,26.9313,26.9313,26.9313,2,0
VNMC.US,D,20220623,000000,27.0477,27.0477,27.0477,27.0477,3,0
VNMC.US,D,20220624,000000,27.8152,27.8152,27.8152,27.8152,1,0
VNMC.US,D,20220627,000000,27.9372,27.9372,27.9372,27.9372,17,0
VNMC.US,D,20220628,000000,27.6875,27.6875,27.6875,27.6875,11,0
VNMC.US,D,20220629,000000,27.4667,27.4667,27.4667,27.4667,4,0
VNMC.US,D,20220630,000000,27.283,27.283,27.283,27.283,82,0
VNMC.US,D,20220701,000000,27.712,27.712,27.712,27.712,162,0
VNMC.US,D,20220705,000000,27.3281,27.3281,27.3281,27.3281,9,0
VNMC.US,D,20220706,000000,27.3355,27.3355,27.3355,27.3355,6,0
VNMC.US,D,20220707,000000,27.6487,27.6487,27.6487,27.6487,3,0
VNMC.US,D,20220708,000000,27.5319,27.5319,27.5319,27.5319,2,0
VNMC.US,D,20220711,000000,27.3533,27.3533,27.3533,27.3533,2,0
VNMC.US,D,20220712,000000,27.1129,27.1129,27.1129,27.1129,1,0
VNMC.US,D,20220713,000000,27.0643,27.0643,27.0643,27.0643,1,0
VNMC.US,D,20220714,000000,26.8358,26.8358,26.8358,26.8358,1,0
VNMC.US,D,20220715,000000,27.2297,27.2297,27.2297,27.2297,1,0
VNMC.US,D,20220718,000000,27.0803,27.0803,27.0803,27.0803,1,0
VNMC.US,D,20220719,000000,27.7602,27.7602,27.7602,27.7602,1,0
VNMC.US,D,20220720,000000,27.9635,27.9635,27.9635,27.9635,1,0
VNMC.US,D,20220721,000000,28.1611,28.1611,28.1611,28.1611,1,0
VNMC.US,D,20220722,000000,28.0159,28.0159,28.0159,28.0159,1,0
VNMC.US,D,20220725,000000,28.257,28.257,28.257,28.257,5,0
VNMC.US,D,20220726,000000,28.18,28.2407,28.18,28.2407,301,0
VNMC.US,D,20220727,000000,28.63,28.658,28.63,28.658,300,0
VNMC.US,D,20220728,000000,28.54,29.0925,28.54,29.0925,390,0
VNMC.US,D,20220729,000000,29.231,29.231,29.231,29.231,5,0
VNMC.US,D,20220801,000000,29.0261,29.0858,28.9739,29.0858,800,0
VNMC.US,D,20220802,000000,29.01,29.0946,28.9306,28.9306,702,0
VNMC.US,D,20220803,000000,29.0819,29.0819,29.0819,29.0819,166,0
VNMC.US,D,20220804,000000,28.9478,28.9478,28.9478,28.9478,3,0
VNMC.US,D,20220805,000000,28.97,29.0572,28.95,29.0572,1000,0
VNMC.US,D,20220808,000000,29.1742,29.1742,29.1742,29.1742,4,0
VNMC.US,D,20220809,000000,29.0844,29.0844,29.0844,29.0844,3,0
VNMC.US,D,20220810,000000,29.5741,29.5741,29.5741,29.5741,1,0
VNMC.US,D,20220811,000000,29.7326,29.7326,29.7326,29.7326,43,0
VNMC.US,D,20220812,000000,30.144,30.144,30.144,30.144,3,0
VNMC.US,D,20220815,000000,30.14,30.202,30.14,30.202,129,0
VNMC.US,D,20220816,000000,30.2777,30.2777,30.2777,30.2777,56,0
VNMC.US,D,20220817,000000,30.0908,30.0908,30.0908,30.0908,35,0
VNMC.US,D,20220818,000000,30.201,30.201,30.201,30.201,2,0
VNMC.US,D,20220819,000000,29.8711,29.8711,29.8711,29.8711,11,0
VNMC.US,D,20220822,000000,29.4604,29.4604,29.4604,29.4604,91,0
VNMC.US,D,20220823,000000,29.3367,29.3367,29.3367,29.3367,89,0
VNMC.US,D,20220824,000000,29.4746,29.4746,29.4746,29.4746,89,0
VNMC.US,D,20220825,000000,29.7627,29.7627,29.7627,29.7627,1,0
VNMC.US,D,20220826,000000,29.0397,29.0397,29.0397,29.0397,89,0
VNMC.US,D,20220829,000000,28.9423,28.9423,28.9423,28.9423,6,0
VNMC.US,D,20220830,000000,28.5403,28.5403,28.5403,28.5403,5,0
VNMC.US,D,20220831,000000,28.4876,28.4876,28.4876,28.4876,5,0
VNMC.US,D,20220901,000000,28.52,28.52,28.34,28.4822,27300,0
VNMC.US,D,20220902,000000,28.63,28.63,28.3498,28.3498,176,0
VNMC.US,D,20220906,000000,28.2385,28.2385,28.2385,28.2385,5,0
VNMC.US,D,20220907,000000,28.7413,28.7413,28.7413,28.7413,5,0
VNMC.US,D,20220908,000000,28.44,28.9057,28.26,28.9057,12902,0
VNMC.US,D,20220909,000000,29.269,29.269,29.269,29.269,2,0
VNMC.US,D,20220912,000000,29.5831,29.5831,29.5831,29.5831,5,0
VNMC.US,D,20220913,000000,28.44,28.6851,28.44,28.6851,5,0
VNMC.US,D,20220914,000000,28.6901,28.6901,28.6901,28.6901,5,0
VNMC.US,D,20220915,000000,28.4511,28.4511,28.4511,28.4511,2,0
VNMC.US,D,20220916,000000,28.2022,28.2022,28.2022,28.2022,5,0
VNMC.US,D,20220919,000000,28.3073,28.3073,28.3073,28.3073,5,0
VNMC.US,D,20220920,000000,27.9367,27.9367,27.9367,27.9367,5,0
VNMC.US,D,20220921,000000,27.6428,27.6428,27.6428,27.6428,5,0
VNMC.US,D,20220922,000000,27.2141,27.2141,27.2141,27.2141,5,0
VNMC.US,D,20220923,000000,26.6816,26.6816,26.6816,26.6816,5,0
VNMC.US,D,20220926,000000,26.48,26.4805,26.3387,26.3387,201,0
VNMC.US,D,20220927,000000,26.1377,26.1377,26.1377,26.1377,5,0
VNMC.US,D,20220928,000000,26.6387,26.6387,26.6387,26.6387,5,0
VNMC.US,D,20220929,000000,26.1463,26.1463,26.1463,26.1463,5,0
VNMC.US,D,20220930,000000,25.9597,25.9597,25.9597,25.9597,5,0
VNMC.US,D,20221003,000000,26.6274,26.6274,26.6274,26.6274,5,0
VNMC.US,D,20221004,000000,27.36,27.4318,27.36,27.4318,200,0
VNMC.US,D,20221005,000000,27.3614,27.3614,27.3614,27.3614,5,0
VNMC.US,D,20221006,000000,27.1072,27.1072,27.1072,27.1072,5,0
VNMC.US,D,20221007,000000,26.4476,26.4476,26.4476,26.4476,5,0
VNMC.US,D,20221010,000000,26.3536,26.3536,26.3536,26.3536,5,0
VNMC.US,D,20221011,000000,26.2414,26.2414,26.2414,26.2414,5,0
VNMC.US,D,20221012,000000,25.9825,25.9825,25.9825,25.9825,5,0
VNMC.US,D,20221013,000000,26.5281,26.5281,26.5281,26.5281,2,0
VNMC.US,D,20221014,000000,25.7812,25.7812,25.7812,25.7812,1,0
VNMC.US,D,20221017,000000,26.4926,26.4926,26.4926,26.4926,5,0
VNMC.US,D,20221018,000000,26.906,26.906,26.906,26.906,5,0
VNMC.US,D,20221019,000000,26.5914,26.5914,26.5834,26.5834,285,0
VNMC.US,D,20221020,000000,26.194,26.194,26.194,26.194,2,0
VNMC.US,D,20221021,000000,26.6353,26.6353,26.6353,26.6353,2,0
VNMC.US,D,20221024,000000,26.9354,26.9354,26.9354,26.9354,2,0
VNMC.US,D,20221025,000000,27.3756,27.3756,27.3756,27.3756,2,0
VNMC.US,D,20221026,000000,27.3063,27.3063,27.3063,27.3063,2,0
VNMC.US,D,20221027,000000,27.3685,27.3685,27.3685,27.3685,2,0
VNMC.US,D,20221028,000000,27.9366,27.9366,27.9366,27.9366,2,0
VNMC.US,D,20221031,000000,27.8308,27.8308,27.8308,27.8308,2,0
VNMC.US,D,20221101,000000,27.9855,27.9855,27.9855,27.9855,2,0
VNMC.US,D,20221102,000000,27.343,27.343,27.343,27.343,5,0
VNMC.US,D,20221103,000000,27.3758,27.3758,27.3758,27.3758,5,0
VNMC.US,D,20221104,000000,27.7494,27.7494,27.7494,27.7494,5,0
VNMC.US,D,20221107,000000,28.0163,28.0163,28.0163,28.0163,5,0
VNMC.US,D,20221108,000000,28.06,28.31,28.06,28.283,944,0
VNMC.US,D,20221109,000000,28.04,28.04,27.8101,27.8101,657,0
VNMC.US,D,20221110,000000,29.0345,29.0345,29.0345,29.0345,5,0
VNMC.US,D,20221111,000000,29.0671,29.0671,29.0671,29.0671,5,0
VNMC.US,D,20221114,000000,28.8349,28.8349,28.8349,28.8349,5,0
VNMC.US,D,20221115,000000,29.1105,29.1105,29.1105,29.1105,10,0
VNMC.US,D,20221116,000000,28.9755,28.9755,28.9755,28.9755,10,0
VNMC.US,D,20221117,000000,28.7855,28.7855,28.7855,28.7855,10,0
VNMC.US,D,20221118,000000,28.9744,28.9744,28.9744,28.9744,10,0
VNMC.US,D,20221121,000000,28.91,28.9906,28.91,28.9906,282,0
VNMC.US,D,20221122,000000,29.4618,29.4618,29.4618,29.4618,10,0
VNMC.US,D,20221123,000000,29.5777,29.5777,29.5777,29.5777,10,0
VNMC.US,D,20221125,000000,29.7121,29.7121,29.7121,29.7121,5,0
VNMC.US,D,20221128,000000,29.24,29.24,29.1985,29.1985,110,0
VNMC.US,D,20221129,000000,29.3177,29.3177,29.3177,29.3177,25,0
VNMC.US,D,20221130,000000,29.9268,29.9268,29.9268,29.9268,25,0
VNMC.US,D,20221201,000000,30.0513,30.0513,30.0513,30.0513,25,0
VNMC.US,D,20221202,000000,29.95,29.98,29.92,29.9793,10501,0
VNMC.US,D,20221205,000000,29.3546,29.3546,29.3546,29.3546,25,0
VNMC.US,D,20221206,000000,29.0875,29.0875,29.0875,29.0875,3,0
VNMC.US,D,20221207,000000,28.9638,28.9638,28.9638,28.9638,10,0
VNMC.US,D,20221208,000000,29.0294,29.0294,29.0294,29.0294,38,0
VNMC.US,D,20221209,000000,28.8249,28.8249,28.8249,28.8249,26,0
VNMC.US,D,20221212,000000,29.1889,29.1889,29.1889,29.1889,3,0
VNMC.US,D,20221213,000000,29.4113,29.4113,29.4113,29.4113,16,0
VNMC.US,D,20221214,000000,29.297,29.297,29.297,29.297,16,0
VNMC.US,D,20221215,000000,28.6914,28.6914,28.6914,28.6914,16,0
VNMC.US,D,20221216,000000,28.449,28.449,28.449,28.449,16,0
VNMC.US,D,20221219,000000,28.2451,28.2451,28.2451,28.2451,2,0
VNMC.US,D,20221220,000000,28.3012,28.3012,28.3012,28.3012,1,0
VNMC.US,D,20221221,000000,28.7388,28.7388,28.7388,28.7388,1,0
VNMC.US,D,20221222,000000,28.4061,28.4061,28.4061,28.4061,1,0
VNMC.US,D,20221223,000000,28.56,28.6352,28.5,28.6352,27694,0
VNMC.US,D,20221227,000000,28.3849,28.3849,28.3849,28.3849,1,0
VNMC.US,D,20221228,000000,27.9781,27.9781,27.9781,27.9781,1,0
VNMC.US,D,20221229,000000,28.39,28.54,28.35,28.4516,1730,0
VNMC.US,D,20221230,000000,28.2717,28.2717,28.2717,28.2717,1,0
VNMC.US,D,20230103,000000,28.2446,28.2446,28.2446,28.2446,9,0
VNMC.US,D,20230104,000000,28.5135,28.5135,28.5135,28.5135,1,0
VNMC.US,D,20230105,000000,28.2045,28.2045,28.2045,28.2045,1,0
VNMC.US,D,20230106,000000,28.852,28.852,28.852,28.852,1,0
VNMC.US,D,20230109,000000,28.9187,28.9187,28.9187,28.9187,1,0
VNMC.US,D,20230110,000000,28.87,29.0117,28.87,29.0117,885,0
VNMC.US,D,20230111,000000,29.08,29.2389,29.08,29.2389,160,0
VNMC.US,D,20230112,000000,29.3801,29.3801,29.2926,29.2926,178,0
VNMC.US,D,20230113,000000,29.4126,29.4126,29.4126,29.4126,1,0
VNMC.US,D,20230117,000000,29.3697,29.3697,29.3697,29.3697,1,0
VNMC.US,D,20230118,000000,29,29.0101,29,29.0101,600,0
VNMC.US,D,20230119,000000,28.7588,28.7588,28.7588,28.7588,1,0
VNMC.US,D,20230120,000000,29.1392,29.1392,29.1392,29.1392,1,0
VNMC.US,D,20230123,000000,29.3929,29.3929,29.3929,29.3929,1,0
VNMC.US,D,20230124,000000,29.3524,29.3524,29.3524,29.3524,1,0
VNMC.US,D,20230125,000000,29.3234,29.3234,29.3234,29.3234,1,0
VNMC.US,D,20230126,000000,29.5806,29.5806,29.5806,29.5806,1,0
VNMC.US,D,20230127,000000,29.5972,29.5972,29.5972,29.5972,1,0
VNMC.US,D,20230130,000000,29.425,29.425,29.425,29.425,1,0
VNMC.US,D,20230131,000000,29.8175,29.8175,29.8175,29.8175,1,0
VNMC.US,D,20230201,000000,30.0089,30.0089,30.0089,30.0089,1,0
VNMC.US,D,20230202,000000,30.0712,30.0712,30.0712,30.0712,4,0
VNMC.US,D,20230203,000000,29.9497,29.9497,29.9497,29.9497,1,0
VNMC.US,D,20230206,000000,29.8352,29.8352,29.8352,29.8352,1,0
VNMC.US,D,20230207,000000,30.0716,30.0716,30.0716,30.0716,1,0
VNMC.US,D,20230208,000000,29.9803,29.9803,29.9803,29.9803,15,0
VNMC.US,D,20230209,000000,29.7735,29.7735,29.7735,29.7735,2,0
VNMC.US,D,20230210,000000,29.9672,29.9672,29.9672,29.9672,1,0
VNMC.US,D,20230213,000000,30.1842,30.1842,30.1842,30.1842,1,0
VNMC.US,D,20230214,000000,29,30.1257,29,30.1257,1,0
VNMC.US,D,20230215,000000,30.28,30.3034,30.28,30.3034,4179,0
VNMC.US,D,20230216,000000,30.1068,30.1068,30.1068,30.1068,15,0
VNMC.US,D,20230217,000000,30.0895,30.0895,30.0895,30.0895,2,0
VNMC.US,D,20230221,000000,29.5728,29.5728,29.5728,29.5728,1,0
VNMC.US,D,20230222,000000,29.4822,29.4822,29.4822,29.4822,4000,0
VNMC.US,D,20230223,000000,29.61,29.61,29.61,29.61,1,0
VNMC.US,D,20230224,000000,29.407,29.407,29.407,29.407,1,0
VNMC.US,D,20230227,000000,29.3705,29.3705,29.3705,29.3705,1,0
VNMC.US,D,20230228,000000,29.3239,29.3239,29.3239,29.3239,102,0
VNMC.US,D,20230301,000000,30.28,30.28,29.3312,29.3312,2,0
VNMC.US,D,20230302,000000,29.4012,29.4012,29.4012,29.4012,1,0
VNMC.US,D,20230303,000000,29.6954,29.6954,29.6954,29.6954,4,0
VNMC.US,D,20230306,000000,29.6132,29.6132,29.6132,29.6132,11,0
VNMC.US,D,20230307,000000,29.2884,29.2884,29.2884,29.2884,1,0
VNMC.US,D,20230308,000000,29.2438,29.2438,29.2438,29.2438,4,0
VNMC.US,D,20230309,000000,29,29,28.6202,28.6202,297,0
VNMC.US,D,20230310,000000,27.879,27.879,27.879,27.879,48,0
VNMC.US,D,20230313,000000,29,29,27.5113,27.5113,48,0
VNMC.US,D,20230314,000000,28.0788,28.0788,28.0788,28.0788,5,0
VNMC.US,D,20230315,000000,27.4736,27.4736,27.4736,27.4736,4,0
VNMC.US,D,20230316,000000,27.9062,27.9062,27.9062,27.9062,1,0
VNMC.US,D,20230317,000000,27.4345,27.4345,27.4345,27.4345,2,0
VNMC.US,D,20230320,000000,27.7392,27.7392,27.7392,27.7392,1,0
VNMC.US,D,20230321,000000,28.0746,28.0746,28.0746,28.0746,1,0
VNMC.US,D,20230322,000000,27.5735,27.5735,27.5735,27.5735,1,0
VNMC.US,D,20230323,000000,27.3481,27.3481,27.3481,27.3481,2,0
VNMC.US,D,20230324,000000,27.5114,27.5114,27.5114,27.5114,1,0
VNMC.US,D,20230327,000000,27.7532,27.7532,27.7532,27.7532,2,0
VNMC.US,D,20230328,000000,27.792,27.792,27.792,27.792,1,0
VNMC.US,D,20230329,000000,28.1512,28.1512,28.1512,28.1512,1,0
VNMC.US,D,20230330,000000,28.3033,28.3033,28.3033,28.3033,1,0
VNMC.US,D,20230331,000000,28.6472,28.6472,28.6472,28.6472,2,0
VNMC.US,D,20230403,000000,28.69,28.7321,28.69,28.7321,1460,0
VNMC.US,D,20230404,000000,28.3799,28.3799,28.3799,28.3799,1,0
VNMC.US,D,20230405,000000,28.3628,28.3628,28.3628,28.3628,1,0
VNMC.US,D,20230406,000000,28.3881,28.3881,28.3881,28.3881,86,0
VNMC.US,D,20230410,000000,28.4999,28.4999,28.4999,28.4999,1,0
VNMC.US,D,20230411,000000,28.6397,28.6397,28.6397,28.6397,2,0
VNMC.US,D,20230412,000000,28.673,28.673,28.673,28.673,1,0
VNMC.US,D,20230413,000000,28.72,28.8882,28.72,28.8882,3585,0
VNMC.US,D,20230414,000000,28.7865,28.7865,28.7865,28.7865,1,0
VNMC.US,D,20230417,000000,28.9361,28.9361,28.9361,28.9361,22,0
VNMC.US,D,20230418,000000,28.9269,28.9269,28.9269,28.9269,1,0
VNMC.US,D,20230419,000000,28.9155,28.9155,28.9155,28.9155,1,0
VNMC.US,D,20230420,000000,28.8759,28.8759,28.8759,28.8759,1,0
VNMC.US,D,20230421,000000,28.8969,28.8969,28.8969,28.8969,12,0
VNMC.US,D,20230424,000000,28.951,28.951,28.951,28.951,2,0
VNMC.US,D,20230425,000000,28.6329,28.6329,28.6329,28.6329,1,0
VNMC.US,D,20230426,000000,28.3679,28.3679,28.3679,28.3679,2,0
VNMC.US,D,20230427,000000,28.7841,28.7841,28.7841,28.7841,1,0
VNMC.US,D,20230428,000000,29.0114,29.0114,29.0114,29.0114,11,0
VNMC.US,D,20230501,000000,29.0596,29.0596,29.0596,29.0596,1,0
VNMC.US,D,20230502,000000,28.7475,28.7475,28.7475,28.7475,2,0
VNMC.US,D,20230503,000000,28.5823,28.5823,28.5823,28.5823,1,0
VNMC.US,D,20230504,000000,28.4465,28.4465,28.4465,28.4465,8,0
VNMC.US,D,20230505,000000,28.825,28.825,28.825,28.825,4,0
VNMC.US,D,20230508,000000,28.79,28.79,28.79,28.79,20,0
VNMC.US,D,20230509,000000,28.88,28.88,28.8083,28.8083,100,0
VNMC.US,D,20230510,000000,28.8569,28.8569,28.8569,28.8569,1,0
VNMC.US,D,20230511,000000,28.7851,28.7851,28.7851,28.7851,2,0
VNMC.US,D,20230512,000000,28.8186,28.8186,28.8186,28.8186,20,0
VNMC.US,D,20230515,000000,28.846,28.846,28.846,28.846,20,0
VNMC.US,D,20230516,000000,28.5398,28.5398,28.5398,28.5398,2,0
VNMC.US,D,20230517,000000,28.7215,28.7215,28.7215,28.7215,119,0
VNMC.US,D,20230518,000000,28.8791,28.8791,28.8791,28.8791,50,0
VNMC.US,D,20230519,000000,28.8482,28.8482,28.8482,28.8482,50,0
VNMC.US,D,20230522,000000,28.86,28.86,28.86,28.86,1,0
VNMC.US,D,20230523,000000,28.5201,28.5201,28.5201,28.5201,50,0
VNMC.US,D,20230524,000000,28.2478,28.2478,28.2478,28.2478,53,0
VNMC.US,D,20230525,000000,28.105,28.105,28.105,28.105,2,0
VNMC.US,D,20230526,000000,28.2772,28.2772,28.2772,28.2772,1,0
VNMC.US,D,20230530,000000,28.2002,28.2002,28.2002,28.2002,1,0
VNMC.US,D,20230531,000000,28.0738,28.0738,28.0738,28.0738,1,0
VNMC.US,D,20230601,000000,28.21,28.21,28.21,28.21,1,0
VNMC.US,D,20230602,000000,28.7,28.7,28.7,28.7,1,0
VNMC.US,D,20230605,000000,28.6077,28.6077,28.6077,28.6077,1,0
VNMC.US,D,20230606,000000,28.7269,28.7269,28.7269,28.7269,1,0
VNMC.US,D,20230607,000000,28.9649,28.9649,28.9649,28.9649,5,0
VNMC.US,D,20230608,000000,29.0093,29.0093,29.0093,29.0093,2,0
VNMC.US,D,20230609,000000,28.9512,28.9512,28.9512,28.9512,2,0
VNMC.US,D,20230612,000000,28.971,28.971,28.971,28.971,1,0
VNMC.US,D,20230613,000000,29.1166,29.1166,29.1166,29.1166,2,0
VNMC.US,D,20230614,000000,29.0736,29.0736,29.0736,29.0736,1,0
VNMC.US,D,20230615,000000,29.396,29.396,29.396,29.396,2,0
VNMC.US,D,20230616,000000,29.365,29.365,29.365,29.365,1,0
VNMC.US,D,20230620,000000,29.18,29.2209,29.161,29.2209,1193,0
VNMC.US,D,20230621,000000,29.2702,29.2702,29.2702,29.2702,2,0
VNMC.US,D,20230622,000000,29.1806,29.1806,29.1806,29.1806,2,0
VNMC.US,D,20230623,000000,28.965,28.965,28.965,28.965,2,0
VNMC.US,D,20230626,000000,29.1536,29.1536,29.1536,29.1536,2,0
VNMC.US,D,20230627,000000,29.4296,29.4296,29.4296,29.4296,2,0
VNMC.US,D,20230628,000000,29.32,29.32,29.32,29.32,3,0
VNMC.US,D,20230629,000000,29.5544,29.5544,29.5544,29.5544,2,0
VNMC.US,D,20230630,000000,29.8319,29.8319,29.8319,29.8319,1,0
VNMC.US,D,20230703,000000,29.7765,29.7765,29.7765,29.7765,2,0
VNMC.US,D,20230705,000000,29.6922,29.6922,29.6922,29.6922,2,0
VNMC.US,D,20230706,000000,29.5071,29.5071,29.5071,29.5071,1,0
VNMC.US,D,20230707,000000,29.4741,29.4741,29.4741,29.4741,1,0
VNMC.US,D,20230710,000000,29.6222,29.6222,29.6222,29.6222,2,0
VNMC.US,D,20230711,000000,29.892,29.892,29.892,29.892,1,0
VNMC.US,D,20230712,000000,30.0246,30.0246,30.0246,30.0246,2,0
VNMC.US,D,20230713,000000,30.1682,30.1682,30.1682,30.1682,1,0
VNMC.US,D,20230714,000000,29.9907,29.9907,29.9907,29.9907,1,0
VNMC.US,D,20230717,000000,30.0801,30.12,30.0801,30.083,686,0
VNMC.US,D,20230718,000000,30.1221,30.1221,30.1221,30.1221,1,0
VNMC.US,D,20230719,000000,30.1825,30.1825,30.1825,30.1825,2,0
VNMC.US,D,20230720,000000,30.2,30.2716,30.2,30.2716,445,0
VNMC.US,D,20230721,000000,30.4168,30.4168,30.4168,30.4168,2,0
VNMC.US,D,20230724,000000,30.4587,30.4587,30.4587,30.4587,1,0
VNMC.US,D,20230725,000000,30.557,30.557,30.557,30.557,2,0
VNMC.US,D,20230726,000000,30.5064,30.5064,30.5064,30.5064,2,0
VNMC.US,D,20230727,000000,30.104,30.104,30.104,30.104,1,0
VNMC.US,D,20230728,000000,30.1428,30.1428,30.1428,30.1428,1,0
VNMC.US,D,20230731,000000,30.1158,30.1158,30.1158,30.1158,2,0
VNMC.US,D,20230801,000000,30.1538,30.1538,30.1538,30.1538,1,0
VNMC.US,D,20230802,000000,29.9625,29.9625,29.9625,29.9625,2,0
VNMC.US,D,20230803,000000,29.83,29.83,29.7685,29.7685,9729,0
VNMC.US,D,20230804,000000,29.6582,29.6582,29.6582,29.6582,1,0
VNMC.US,D,20230807,000000,29.8609,29.8609,29.8609,29.8609,1,0
VNMC.US,D,20230808,000000,29.6773,29.6773,29.6773,29.6773,1,0
VNMC.US,D,20230809,000000,29.7448,29.7448,29.7448,29.7448,1,0
VNMC.US,D,20230810,000000,29.7377,29.7377,29.7377,29.7377,1,0
VNMC.US,D,20230811,000000,29.7241,29.7241,29.7241,29.7241,1,0
VNMC.US,D,20230814,000000,29.741,29.741,29.741,29.741,1,0
VNMC.US,D,20230815,000000,29.445,29.445,29.445,29.445,2,0
VNMC.US,D,20230816,000000,29.4003,29.4003,29.4003,29.4003,10,0
VNMC.US,D,20230817,000000,29.1553,29.1553,29.1553,29.1553,1,0
VNMC.US,D,20230818,000000,29.1856,29.1856,29.1856,29.1856,2,0
VNMC.US,D,20230821,000000,29.2191,29.2191,29.2191,29.2191,1,0
VNMC.US,D,20230822,000000,29.171,29.171,29.171,29.171,1,0
VNMC.US,D,20230823,000000,29.3705,29.3705,29.3705,29.3705,1,0
VNMC.US,D,20230824,000000,29.2486,29.2486,29.2486,29.2486,2,0
VNMC.US,D,20230825,000000,29.331,29.331,29.331,29.331,1,0
VNMC.US,D,20230828,000000,29.5029,29.5029,29.5029,29.5029,1,0
VNMC.US,D,20230829,000000,29.56,29.7314,29.56,29.7314,613,0
VNMC.US,D,20230830,000000,29.8424,29.8424,29.8424,29.8424,97,0
VNMC.US,D,20230831,000000,29.7641,29.7641,29.7641,29.7641,1,0
VNMC.US,D,20230901,000000,29.85,29.92,29.8101,29.8101,136718,0
VNMC.US,D,20230905,000000,29.4339,29.4339,29.4339,29.4339,2,0
VNMC.US,D,20230906,000000,29.4285,29.4285,29.4285,29.4285,2,0
VNMC.US,D,20230907,000000,29.4533,29.4533,29.4533,29.4533,1,0
VNMC.US,D,20230908,000000,29.42,29.42,29.42,29.42,2,0
VNMC.US,D,20230911,000000,29.4151,29.4151,29.4151,29.4151,1,0
VNMC.US,D,20230912,000000,29.352,29.352,29.352,29.352,2,0
VNMC.US,D,20230913,000000,29.3005,29.3005,29.3005,29.3005,2,0
VNMC.US,D,20230914,000000,29.5344,29.5344,29.5344,29.5344,10,0
VNMC.US,D,20230915,000000,29.2267,29.2267,29.2267,29.2267,13,0
VNMC.US,D,20230918,000000,29.3034,29.3034,29.3034,29.3034,7,0
VNMC.US,D,20230919,000000,29.242,29.242,29.242,29.242,10,0
VNMC.US,D,20230920,000000,29.192,29.192,29.192,29.192,22,0
VNMC.US,D,20230921,000000,28.6943,28.6943,28.6943,28.6943,21,0
VNMC.US,D,20230922,000000,28.7087,28.7087,28.7087,28.7087,21,0
VNMC.US,D,20230925,000000,28.763,28.763,28.763,28.763,21,0
VNMC.US,D,20230926,000000,28.3704,28.3704,28.3704,28.3704,21,0
VNMC.US,D,20230927,000000,28.4602,28.4602,28.4602,28.4602,2,0
VNMC.US,D,20230928,000000,28.6636,28.6636,28.6636,28.6636,2,0
VNMC.US,D,20230929,000000,28.5006,28.5006,28.5006,28.5006,2,0
VNMC.US,D,20231002,000000,28.1791,28.1791,28.1791,28.1791,2,0
VNMC.US,D,20231003,000000,27.862,27.862,27.862,27.862,1,0
VNMC.US,D,20231004,000000,28.0468,28.0468,28.0468,28.0468,8,0
VNMC.US,D,20231005,000000,28.0068,28.0068,28.0068,28.0068,1,0
VNMC.US,D,20231006,000000,28.4253,28.4253,28.4253,28.4253,2,0
VNMC.US,D,20231009,000000,28.7065,28.7065,28.7065,28.7065,1,0
VNMC.US,D,20231010,000000,28.906,28.906,28.906,28.906,2,0
VNMC.US,D,20231011,000000,29.0916,29.0916,29.0916,29.0916,8,0
VNMC.US,D,20231012,000000,28.7569,28.7569,28.7569,28.7569,7,0
VNMC.US,D,20231013,000000,28.6217,28.6217,28.6217,28.6217,2,0
VNMC.US,D,20231016,000000,29.063,29.063,29.063,29.063,2,0
VNMC.US,D,20231017,000000,29.1899,29.19,29.1595,29.1595,522,0
VNMC.US,D,20231018,000000,28.5868,28.5868,28.5868,28.5868,1,0
VNMC.US,D,20231019,000000,28.1625,28.1625,28.1625,28.1625,1,0
VNMC.US,D,20231020,000000,27.7761,27.7761,27.7761,27.7761,1,0
VNMC.US,D,20231023,000000,27.5834,27.5834,27.5834,27.5834,28,0
VNMC.US,D,20231024,000000,27.7595,27.7595,27.7595,27.7595,1,0
VNMC.US,D,20231025,000000,27.3956,27.3956,27.3956,27.3956,1,0
VNMC.US,D,20231026,000000,27.4535,27.4535,27.4535,27.4535,1,0
VNMC.US,D,20231027,000000,27.1376,27.1376,27.1376,27.1376,1,0
VNMC.US,D,20231030,000000,27.38,27.38,27.2859,27.2859,557,0
VNMC.US,D,20231031,000000,27.45,27.5689,27.45,27.5689,887,0
VNMC.US,D,20231101,000000,27.69,27.7135,27.69,27.7135,119,0
VNMC.US,D,20231102,000000,28.2771,28.2771,28.2771,28.2771,2,0
VNMC.US,D,20231103,000000,28.8283,28.8283,28.8283,28.8283,1,0
VNMC.US,D,20231106,000000,28.6764,28.6764,28.6764,28.6764,1,0
VNMC.US,D,20231107,000000,28.7612,28.7612,28.7612,28.7612,1,0
VNMC.US,D,20231108,000000,28.79,28.8194,28.77,28.8194,2091,0
VNMC.US,D,20231109,000000,28.6046,28.6046,28.6046,28.6046,1,0
VNMC.US,D,20231110,000000,29.0796,29.0796,29.0796,29.0796,2,0
VNMC.US,D,20231113,000000,29.0205,29.0205,29.0205,29.0205,1,0
VNMC.US,D,20231114,000000,29.8857,29.8857,29.8297,29.8297,732,0
VNMC.US,D,20231115,000000,29.9229,29.9229,29.9229,29.9229,1,0
VNMC.US,D,20231116,000000,29.7457,29.7457,29.7457,29.7457,2,0
VNMC.US,D,20231117,000000,29.8686,29.8686,29.8686,29.8686,9,0
VNMC.US,D,20231120,000000,29.9878,29.9878,29.9878,29.9878,15,0
VNMC.US,D,20231121,000000,29.8709,29.8709,29.8709,29.8709,2,0
VNMC.US,D,20231122,000000,30.0484,30.0484,30.0484,30.0484,1,0
VNMC.US,D,20231124,000000,30.1523,30.1523,30.1523,30.1523,2,0
VNMC.US,D,20231127,000000,30.1354,30.1354,30.1354,30.1354,1,0
VNMC.US,D,20231128,000000,29.9899,29.99,29.9787,29.9787,1000,0
VNMC.US,D,20231129,000000,30.1897,30.1897,30.1897,30.1897,2,0
VNMC.US,D,20231130,000000,30.4379,30.4379,30.4379,30.4379,2,0
VNMC.US,D,20231201,000000,31.0516,31.0516,31.0516,31.0516,2,0
VNMC.US,D,20231204,000000,31.1391,31.1391,31.1391,31.1391,13,0
VNMC.US,D,20231205,000000,30.7617,30.7617,30.7617,30.7617,49,0
VNMC.US,D,20231206,000000,30.5538,30.5538,30.5538,30.5538,2,0
VNMC.US,D,20231207,000000,30.7516,30.7516,30.7516,30.7516,1,0
VNMC.US,D,20231208,000000,30.9178,30.9178,30.9178,30.9178,1,0
VNMC.US,D,20231211,000000,31.1853,31.1853,31.1853,31.1853,10,0
VNMC.US,D,20231212,000000,31.2053,31.2638,31.2053,31.2638,482,0
VNMC.US,D,20231213,000000,31.415,32.0467,31.415,32.0467,102,0
VNMC.US,D,20231214,000000,32.8277,32.8277,32.8277,32.8277,1,0
VNMC.US,D,20231215,000000,32.66,32.66,32.6584,32.6584,506,0
VNMC.US,D,20231218,000000,32.6568,32.6568,32.6568,32.6568,5,0
VNMC.US,D,20231219,000000,32.9373,32.9373,32.9373,32.9373,3,0
VNMC.US,D,20231220,000000,33.09,33.09,32.4145,32.4145,424,0
VNMC.US,D,20231221,000000,32.8467,32.8467,32.8467,32.8467,1,0
VNMC.US,D,20231222,000000,32.5804,32.6021,32.5804,32.6021,189,0
VNMC.US,D,20231226,000000,32.924,32.924,32.924,32.924,1,0
VNMC.US,D,20231227,000000,32.97,32.98,32.9297,32.9297,465,0
VNMC.US,D,20231228,000000,32.9624,32.9624,32.9624,32.9624,2,0
VNMC.US,D,20231229,000000,32.6981,32.6981,32.6981,32.6981,78,0
VNMC.US,D,20240102,000000,32.3645,32.3645,32.3645,32.3645,51,0
VNMC.US,D,20240103,000000,31.6186,31.6186,31.6186,31.6186,23,0
VNMC.US,D,20240104,000000,31.7227,31.7227,31.5467,31.5467,529,0
VNMC.US,D,20240105,000000,31.66,31.6628,31.66,31.6628,100,0
VNMC.US,D,20240108,000000,32.1637,32.1637,32.1637,32.1637,1,0
VNMC.US,D,20240109,000000,32.03,32.03,32.0082,32.0082,400,0
VNMC.US,D,20240110,000000,32.0019,32.0019,32.0019,32.0019,2,0
VNMC.US,D,20240111,000000,31.9122,31.9906,31.9122,31.9906,296,0
VNMC.US,D,20240112,000000,31.9532,31.9532,31.9532,31.9532,96,0
VNMC.US,D,20240116,000000,31.8179,31.8179,31.8179,31.8179,96,0
VNMC.US,D,20240117,000000,31.5799,31.6377,31.5799,31.6377,315,0
VNMC.US,D,20240118,000000,31.9588,31.9588,31.9588,31.9588,2,0
VNMC.US,D,20240119,000000,32.4327,32.4327,32.4327,32.4327,7,0
VNMC.US,D,20240122,000000,32.739,32.821,32.739,32.821,109,0
VNMC.US,D,20240123,000000,32.6595,32.6595,32.6595,32.6595,7,0
VNMC.US,D,20240124,000000,32.529,32.529,32.529,32.529,7,0
VNMC.US,D,20240125,000000,32.6249,32.6249,32.6249,32.6249,7,0
VNMC.US,D,20240126,000000,32.69,32.6917,32.671,32.6917,460,0
VNMC.US,D,20240129,000000,33.0377,33.0377,33.0377,33.0377,1,0
VNMC.US,D,20240130,000000,33.1706,33.1706,33.1706,33.1706,30,0
VNMC.US,D,20240131,000000,32.5446,32.5446,32.5446,32.5446,18,0
VNMC.US,D,20240201,000000,32.8218,32.8218,32.8218,32.8218,93,0
VNMC.US,D,20240202,000000,33.1079,33.1079,33.1079,33.1079,13,0
VNMC.US,D,20240205,000000,32.8548,32.8548,32.8548,32.8548,93,0
VNMC.US,D,20240206,000000,32.8469,32.8469,32.8469,32.8469,58,0
VNMC.US,D,20240207,000000,33.0601,33.179,33.0601,33.179,176,0
VNMC.US,D,20240208,000000,33.7149,33.7149,33.7149,33.7149,20,0
VNMC.US,D,20240209,000000,33.9504,33.9504,33.9504,33.9504,93,0
VNMC.US,D,20240212,000000,34.0652,34.0652,34.0652,34.0652,31,0
VNMC.US,D,20240213,000000,33.4295,33.4295,33.4295,33.4295,33,0
VNMC.US,D,20240214,000000,34.1724,34.1724,34.1724,34.1724,93,0
VNMC.US,D,20240215,000000,34.4091,34.4091,34.4091,34.4091,2,0
VNMC.US,D,20240216,000000,34.266,34.266,34.266,34.266,1,0
VNMC.US,D,20240220,000000,33.898,33.898,33.898,33.898,51,0
VNMC.US,D,20240221,000000,33.9846,33.9846,33.9846,33.9846,50,0
VNMC.US,D,20240222,000000,34.66,34.66,34.6319,34.6319,120,0
VNMC.US,D,20240223,000000,34.6175,34.6175,34.6175,34.6175,50,0
VNMC.US,D,20240226,000000,34.692,34.692,34.692,34.692,8,0
VNMC.US,D,20240227,000000,34.86,34.86,34.7797,34.7797,456,0
VNMC.US,D,20240228,000000,34.8637,34.8637,34.8637,34.8637,3,0
VNMC.US,D,20240229,000000,35.1992,35.1992,35.1992,35.1992,86,0
VNMC.US,D,20240301,000000,35.5655,35.5655,35.5655,35.5655,13,0
VNMC.US,D,20240304,000000,35.7302,35.7302,35.7302,35.7302,28,0
VNMC.US,D,20240305,000000,35.4666,35.4666,35.4666,35.4666,1,0
VNMC.US,D,20240306,000000,35.8007,35.8007,35.8007,35.8007,25,0
VNMC.US,D,20240307,000000,36.3123,36.3123,36.3123,36.3123,1,0
VNMC.US,D,20240308,000000,35.7712,35.7712,35.7712,35.7712,2,0
VNMC.US,D,20240311,000000,35.47,35.51,35.47,35.51,6421,0
VNMC.US,D,20240312,000000,35.8282,35.8282,35.8282,35.8282,13,0
VNMC.US,D,20240313,000000,35.84,35.91,35.7608,35.7608,400,0
VNMC.US,D,20240314,000000,35.4735,35.4735,35.4735,35.4735,1,0
VNMC.US,D,20240315,000000,35.38,35.47,35.3221,35.3221,224,0
VNMC.US,D,20240318,000000,35.2625,35.2625,35.2625,35.2625,1,0
VNMC.US,D,20240319,000000,35.18,35.4572,35.18,35.4572,329,0
VNMC.US,D,20240320,000000,35.9042,35.9042,35.9042,35.9042,86,0
VNMC.US,D,20240321,000000,36.34,36.34,36.272,36.272,204,0
VNMC.US,D,20240322,000000,36.1199,36.1199,36.1062,36.1062,111,0
VNMC.US,D,20240325,000000,36.1,36.1,36.0075,36.0075,287,0
VNMC.US,D,20240326,000000,36.2,36.21,36.0633,36.0633,5391,0
VNMC.US,D,20240327,000000,36.31,36.4762,36.3099,36.4762,318,0
VNMC.US,D,20240328,000000,36.5483,36.5483,36.5483,36.5483,7,0
VNMC.US,D,20240401,000000,36.38,36.3955,36.38,36.3955,192,0
VNMC.US,D,20240402,000000,36.0786,36.0786,36.0786,36.0786,1,0
VNMC.US,D,20240403,000000,36.1354,36.1354,36.1354,36.1354,35,0
VNMC.US,D,20240404,000000,35.6945,35.6945,35.6945,35.6945,1,0
VNMC.US,D,20240405,000000,36.1638,36.1638,36.1638,36.1638,56,0
VNMC.US,D,20240408,000000,36.3246,36.3246,36.3246,36.3246,23,0
VNMC.US,D,20240409,000000,36.2177,36.2177,36.2177,36.2177,12,0
VNMC.US,D,20240410,000000,35.7572,35.7572,35.7572,35.7572,2,0
VNMC.US,D,20240411,000000,35.72,35.7861,35.72,35.7861,577,0
VNMC.US,D,20240412,000000,35.23,35.23,35.1339,35.1339,450,0
VNMC.US,D,20240415,000000,34.7024,34.7024,34.7024,34.7024,15,0
VNMC.US,D,20240416,000000,34.567,34.567,34.567,34.567,1,0
VNMC.US,D,20240417,000000,34.66,34.67,34.2527,34.2527,2638,0
VNMC.US,D,20240418,000000,33.9936,33.9936,33.9936,33.9936,1,0
VNMC.US,D,20240419,000000,33.9518,33.9518,33.9518,33.9518,1,0
VNMC.US,D,20240422,000000,34.2,34.329,34.2,34.329,200,0
VNMC.US,D,20240423,000000,34.4637,34.7973,34.4637,34.7973,575,0
VNMC.US,D,20240424,000000,34.7847,34.7847,34.7847,34.7847,1,0
VNMC.US,D,20240425,000000,34.941,34.941,34.941,34.941,6,0
VNMC.US,D,20240426,000000,35.023,35.023,35.023,35.023,49,0
VNMC.US,D,20240429,000000,35.1183,35.1183,35.1183,35.1183,7,0
VNMC.US,D,20240430,000000,34.4325,34.4325,34.4325,34.4325,1,0
VNMC.US,D,20240501,000000,34.263,34.263,34.263,34.263,26,0
VNMC.US,D,20240502,000000,34.3997,34.3997,34.3997,34.3997,1,0
VNMC.US,D,20240503,000000,34.6849,34.6849,34.6849,34.6849,21,0
VNMC.US,D,20240506,000000,35.1328,35.1328,35.1328,35.1328,1,0
VNMC.US,D,20240507,000000,35.1664,35.1664,35.1664,35.1664,1,0
VNMC.US,D,20240508,000000,35.1341,35.1341,35.1341,35.1341,1,0
VNMC.US,D,20240509,000000,35.35,35.4685,35.35,35.4685,150,0
VNMC.US,D,20240510,000000,35.4959,35.4959,35.4959,35.4959,1,0
VNMC.US,D,20240513,000000,35.2628,35.2628,35.2628,35.2628,1,0
VNMC.US,D,20240514,000000,35.4582,35.4582,35.4582,35.4582,1,0
VNMC.US,D,20240515,000000,35.8726,35.8726,35.8726,35.8726,80,0
VNMC.US,D,20240516,000000,35.81,35.81,35.6784,35.6784,103,0
VNMC.US,D,20240517,000000,35.6315,35.6315,35.6315,35.6315,1,0
VNMC.US,D,20240520,000000,35.8307,35.8307,35.8307,35.8307,1,0
VNMC.US,D,20240521,000000,35.7638,35.7638,35.7638,35.7638,1,0
VNMC.US,D,20240522,000000,35.5571,35.5571,35.5571,35.5571,1,0
VNMC.US,D,20240523,000000,35.1182,35.1182,35.1182,35.1182,1,0
VNMC.US,D,20240524,000000,35.5164,35.5164,35.5164,35.5164,1,0
VNMC.US,D,20240528,000000,35.3467,35.3467,35.3467,35.3467,1,0
VNMC.US,D,20240529,000000,34.8618,34.8618,34.8618,34.8618,1,0
VNMC.US,D,20240530,000000,34.9454,34.9454,34.9454,34.9454,2,0
VNMC.US,D,20240531,000000,34.9169,34.9169,34.9169,34.9169,2,0
VNMC.US,D,20240603,000000,34.5574,34.5574,34.5574,34.5574,23,0
VNMC.US,D,20240604,000000,34.21,34.3095,34.21,34.3095,546,0
VNMC.US,D,20240605,000000,34.6529,34.6529,34.6529,34.6529,94,0
VNMC.US,D,20240606,000000,34.4587,34.4587,34.4587,34.4587,23,0
VNMC.US,D,20240607,000000,34.3218,34.3218,34.3218,34.3218,23,0
VNMC.US,D,20240610,000000,34.5356,34.5356,34.5356,34.5356,23,0
VNMC.US,D,20240611,000000,34.4652,34.4652,34.4652,34.4652,23,0
VNMC.US,D,20240612,000000,35.0697,35.0697,35.0697,35.0697,120,0
VNMC.US,D,20240613,000000,34.71,34.789,34.71,34.789,6918,0
VNMC.US,D,20240614,000000,34.2777,34.2777,34.2777,34.2777,23,0
VNMC.US,D,20240617,000000,34.49,34.49,34.4814,34.4814,773,0
VNMC.US,D,20240618,000000,34.7698,34.7698,34.7698,34.7698,3,0
VNMC.US,D,20240620,000000,34.6629,34.6629,34.6243,34.6243,240,0
VNMC.US,D,20240621,000000,34.6695,34.6695,34.6695,34.6695,23,0
