<TICKER>,<PER>,<DATE>,<TIME>,<OPEN>,<HIGH>,<LOW>,<CLOSE>,<VOL>,<OPENINT>
WANT.US,D,20181206,000000,22.392,23.459,22.392,23.459,1122,0
WANT.US,D,20181207,000000,23.183,23.183,21.438,21.438,693,0
WANT.US,D,20181210,000000,20.938,21.707,20.938,21.707,324,0
WANT.US,D,20181211,000000,21.697,21.697,21.697,21.697,103,0
WANT.US,D,20181212,000000,22.825,23.113,22.426,22.426,339,0
WANT.US,D,20181213,000000,22.589,22.589,21.749,22.072,1602,0
WANT.US,D,20181214,000000,21.502,21.502,20.963,20.963,658,0
WANT.US,D,20181217,000000,20.113,20.113,19.197,19.197,567,0
WANT.US,D,20181218,000000,19.837,19.837,19.837,19.837,975,0
WANT.US,D,20181219,000000,20.325,20.483,18.695,18.695,1628,0
WANT.US,D,20181220,000000,17.187,18.348,17.187,17.187,1576,0
WANT.US,D,20181221,000000,16.193,16.193,16.193,16.193,82,0
WANT.US,D,20181224,000000,15.521,15.521,15.326,15.326,100,0
WANT.US,D,20181226,000000,16.064,17.923,16.013,17.923,2421,0
WANT.US,D,20181227,000000,17.488,17.913,16.49,17.898,3674,0
WANT.US,D,20181228,000000,18.556,18.566,18.15,18.15,2389,0
WANT.US,D,20181231,000000,18.694,18.694,18.503,18.503,1769,0
WANT.US,D,20190102,000000,17.607,19.16,17.607,19.16,1281,0
WANT.US,D,20190103,000000,18.385,18.684,17.982,17.982,4663,0
WANT.US,D,20190104,000000,18.961,19.96,18.931,19.721,4064,0
WANT.US,D,20190107,000000,20.423,21.354,20.216,21.123,5004,0
WANT.US,D,20190108,000000,22.293,22.293,21.166,21.762,5644,0
WANT.US,D,20190109,000000,22.046,22.313,21.561,22.019,6330,0
WANT.US,D,20190110,000000,21.502,21.888,20.997,21.888,4207,0
WANT.US,D,20190111,000000,21.878,21.92,21.878,21.92,273,0
WANT.US,D,20190114,000000,21.867,21.867,21.216,21.553,2034,0
WANT.US,D,20190115,000000,21.887,22.155,21.669,22.083,9191,0
WANT.US,D,20190116,000000,22.382,22.382,21.964,21.964,2510,0
WANT.US,D,20190117,000000,21.895,22.579,21.887,22.328,11589,0
WANT.US,D,20190118,000000,22.777,23.608,22.777,23.229,10811,0
WANT.US,D,20190122,000000,23.35,23.35,21.749,22.233,21660,0
WANT.US,D,20190123,000000,22.845,22.845,22.273,22.362,902,0
WANT.US,D,20190124,000000,22.367,22.693,22.342,22.693,1261,0
WANT.US,D,20190125,000000,24.586,24.586,23.336,23.356,4488,0
WANT.US,D,20190128,000000,22.975,22.975,22.402,22.911,3147,0
WANT.US,D,20190129,000000,22.56,22.56,22.5,22.5,1650,0
WANT.US,D,20190130,000000,23.233,23.822,23.218,23.822,1258,0
WANT.US,D,20190131,000000,23.824,24.547,23.824,24.545,2903,0
WANT.US,D,20190201,000000,24.061,24.061,23.325,23.469,3504,0
WANT.US,D,20190204,000000,23.321,23.845,23.321,23.834,5052,0
WANT.US,D,20190205,000000,24.537,24.636,24.489,24.576,3206,0
WANT.US,D,20190206,000000,24.822,24.822,24.041,24.213,5338,0
WANT.US,D,20190207,000000,23.455,23.845,23.194,23.57,930,0
WANT.US,D,20190208,000000,22.894,23.263,22.894,23.224,5688,0
WANT.US,D,20190211,000000,23.875,23.875,23.429,23.519,2727,0
WANT.US,D,20190212,000000,24.339,24.586,24.339,24.586,720,0
WANT.US,D,20190213,000000,24.882,25.091,24.695,25.002,1947,0
WANT.US,D,20190214,000000,24.081,25.051,24.081,24.801,4508,0
WANT.US,D,20190215,000000,25.219,25.219,18.339,25.196,2828,0
WANT.US,D,20190219,000000,25.327,25.705,25.17,25.554,5336,0
WANT.US,D,20190220,000000,25.575,25.748,25.575,25.629,1308,0
WANT.US,D,20190221,000000,25.386,25.515,25.386,25.514,2517,0
WANT.US,D,20190222,000000,25.925,25.945,25.826,25.945,917,0
WANT.US,D,20190225,000000,26.622,26.622,25.687,25.687,1871,0
WANT.US,D,20190226,000000,25.317,25.873,25.317,25.808,1486,0
WANT.US,D,20190227,000000,25.505,25.702,25.297,25.702,885,0
WANT.US,D,20190228,000000,25.09,25.32,25.09,25.258,815,0
WANT.US,D,20190301,000000,26.098,26.098,25.635,25.89,601,0
WANT.US,D,20190304,000000,26.148,26.148,25.297,25.625,3355,0
WANT.US,D,20190305,000000,25.989,25.989,25.92,25.92,474,0
WANT.US,D,20190306,000000,25.485,25.485,25.485,25.485,5,0
WANT.US,D,20190307,000000,24.812,24.972,24.512,24.512,3896,0
WANT.US,D,20190308,000000,23.646,23.954,23.578,23.954,10405,0
WANT.US,D,20190311,000000,24.469,25.04,24.46,24.998,3260,0
WANT.US,D,20190312,000000,25.11,25.21,24.912,25.155,1361,0
WANT.US,D,20190313,000000,25.605,25.803,25.476,25.476,507,0
WANT.US,D,20190314,000000,25.13,25.298,25.127,25.211,3253,0
WANT.US,D,20190315,000000,25.635,25.635,25.635,25.635,62,0
WANT.US,D,20190318,000000,26.337,26.412,26.336,26.412,611,0
WANT.US,D,20190319,000000,26.782,27.466,26.762,26.762,3757,0
WANT.US,D,20190320,000000,26.698,27.144,26.446,26.974,3396,0
WANT.US,D,20190321,000000,27.276,28.11,27.247,28.077,7471,0
WANT.US,D,20190322,000000,27.217,27.367,26.411,26.411,9241,0
WANT.US,D,20190325,000000,26.446,26.818,26.386,26.818,809,0
WANT.US,D,20190326,000000,27.573,27.638,26.926,27.121,1392,0
WANT.US,D,20190327,000000,27.397,27.407,26.965,26.965,3295,0
WANT.US,D,20190328,000000,27.76,27.76,27.1,27.512,886,0
WANT.US,D,20190329,000000,28.152,28.152,27.773,27.884,1852,0
WANT.US,D,20190401,000000,28.586,28.856,28.393,28.856,7917,0
WANT.US,D,20190402,000000,28.851,28.851,28.652,28.806,680,0
WANT.US,D,20190403,000000,29.401,29.687,29.377,29.461,1960,0
WANT.US,D,20190404,000000,29.747,30.102,29.63,30.102,2748,0
WANT.US,D,20190405,000000,30.511,30.74,30.491,30.626,5653,0
WANT.US,D,20190408,000000,30.552,30.941,30.54,30.941,1312,0
WANT.US,D,20190409,000000,30.542,30.542,30.036,30.036,8925,0
WANT.US,D,20190410,000000,30.75,30.75,30.318,30.493,1031,0
WANT.US,D,20190411,000000,30.74,30.74,30.581,30.673,1649,0
WANT.US,D,20190412,000000,31.385,31.385,31.13,31.23,15977,0
WANT.US,D,20190415,000000,31.455,31.455,30.977,31.423,1924,0
WANT.US,D,20190416,000000,31.781,31.91,31.664,31.805,3957,0
WANT.US,D,20190417,000000,32.198,32.257,32.025,32.03,6066,0
WANT.US,D,20190418,000000,32.01,32.167,31.682,31.918,9965,0
WANT.US,D,20190422,000000,31.495,31.801,31.256,31.619,7493,0
WANT.US,D,20190423,000000,31.85,32.881,31.85,32.67,5251,0
WANT.US,D,20190424,000000,32.98,33.07,32.785,32.845,4691,0
WANT.US,D,20190425,000000,32.961,32.961,32.267,32.279,9455,0
WANT.US,D,20190426,000000,32.406,32.941,32.114,32.941,15468,0
WANT.US,D,20190429,000000,33.428,33.428,32.685,32.755,37354,0
WANT.US,D,20190430,000000,32.198,32.585,31.751,32.585,6180,0
WANT.US,D,20190501,000000,32.635,32.643,31.367,31.367,29731,0
WANT.US,D,20190502,000000,31.395,31.711,30.74,31.316,4516,0
WANT.US,D,20190503,000000,32.07,32.651,32.07,32.56,6580,0
WANT.US,D,20190506,000000,31.097,31.877,31.097,31.877,4442,0
WANT.US,D,20190507,000000,30.72,30.72,29.817,30.422,10313,0
WANT.US,D,20190508,000000,30.487,30.581,30.402,30.484,2106,0
WANT.US,D,20190509,000000,29.687,30.265,29.057,30.029,14523,0
WANT.US,D,20190510,000000,28.793,30.452,28.557,30.145,9502,0
WANT.US,D,20190513,000000,28.062,28.399,27.31,27.58,5901,0
WANT.US,D,20190514,000000,27.793,28.644,27.735,28.378,3428,0
WANT.US,D,20190515,000000,28.102,28.988,27.867,28.806,97837,0
WANT.US,D,20190516,000000,29.312,30.132,29.312,29.57,5922,0
WANT.US,D,20190517,000000,29.232,30.094,29.044,29.044,2654,0
WANT.US,D,20190520,000000,28.26,28.563,28.152,28.417,28492,0
WANT.US,D,20190521,000000,28.467,29.103,28.418,29.005,38674,0
WANT.US,D,20190522,000000,28.467,28.467,28.042,28.07,1509,0
WANT.US,D,20190523,000000,27.158,27.158,26.647,27.001,9208,0
WANT.US,D,20190524,000000,27.357,27.407,27.1,27.11,4389,0
WANT.US,D,20190528,000000,27.676,27.676,26.666,26.666,1437,0
WANT.US,D,20190529,000000,25.519,25.904,25.519,25.904,1031,0
WANT.US,D,20190530,000000,26.52,26.52,26.178,26.33,1884,0
WANT.US,D,20190531,000000,25.407,25.542,25.319,25.319,1365,0
WANT.US,D,20190603,000000,25.393,25.393,24.32,24.61,3367,0
WANT.US,D,20190604,000000,24.867,26.612,24.867,26.612,2938,0
WANT.US,D,20190605,000000,27.071,27.071,26.318,27.034,8021,0
WANT.US,D,20190606,000000,27.297,27.576,26.904,27.347,9027,0
WANT.US,D,20190607,000000,27.993,28.796,27.993,28.66,6724,0
WANT.US,D,20190610,000000,29.42,30.056,29.211,29.372,15830,0
WANT.US,D,20190611,000000,30.139,30.255,29.46,29.698,1326,0
WANT.US,D,20190612,000000,29.401,29.877,29.401,29.585,789,0
WANT.US,D,20190613,000000,29.63,30.472,29.63,30.298,1720,0
WANT.US,D,20190614,000000,30.76,30.81,30.353,30.704,5595,0
WANT.US,D,20190617,000000,31.077,31.077,30.608,30.61,15656,0
WANT.US,D,20190618,000000,31.652,31.751,31.266,31.275,10734,0
WANT.US,D,20190619,000000,31.007,31.642,31.007,31.619,4850,0
WANT.US,D,20190620,000000,32.695,32.695,31.544,32.168,7167,0
WANT.US,D,20190621,000000,32.24,32.24,31.784,31.784,1829,0
WANT.US,D,20190624,000000,31.632,31.741,31.204,31.207,6587,0
WANT.US,D,20190625,000000,31.09,31.209,30.238,30.32,7442,0
WANT.US,D,20190626,000000,30.541,30.891,30.541,30.677,1781,0
WANT.US,D,20190627,000000,30.882,31.216,30.869,31.198,3068,0
WANT.US,D,20190628,000000,31.286,31.54,31.286,31.397,7027,0
WANT.US,D,20190701,000000,32.279,32.279,31.991,32.226,821,0
WANT.US,D,20190702,000000,32.239,32.373,32.011,32.373,2321,0
WANT.US,D,20190703,000000,33.233,33.253,32.798,33.248,3987,0
WANT.US,D,20190705,000000,32.914,33.268,32.884,33.265,3807,0
WANT.US,D,20190708,000000,33.243,33.58,33.083,33.502,4811,0
WANT.US,D,20190709,000000,33.394,33.7,33.312,33.674,8060,0
WANT.US,D,20190710,000000,33.989,34.067,33.59,33.901,8752,0
WANT.US,D,20190711,000000,34.165,34.445,34.018,34.174,3681,0
WANT.US,D,20190712,000000,34.902,35.379,34.902,35.379,9817,0
WANT.US,D,20190715,000000,35.876,35.876,35.21,35.675,14848,0
WANT.US,D,20190716,000000,35.667,35.775,35.269,35.601,15624,0
WANT.US,D,20190717,000000,36.759,36.759,34.609,34.609,8432,0
WANT.US,D,20190718,000000,34.724,34.724,33.697,34.34,15488,0
WANT.US,D,20190719,000000,34.395,34.465,33.712,33.712,7140,0
WANT.US,D,20190722,000000,34.166,34.166,33.362,33.673,11045,0
WANT.US,D,20190723,000000,34.435,34.435,33.671,34.264,9703,0
WANT.US,D,20190724,000000,34.445,34.818,34.282,34.818,5097,0
WANT.US,D,20190725,000000,34.972,34.972,34.23,34.325,6563,0
WANT.US,D,20190726,000000,34.604,34.789,34.143,34.694,13392,0
WANT.US,D,20190729,000000,34.038,34.289,33.969,34.289,3280,0
WANT.US,D,20190730,000000,33.75,33.75,33.445,33.479,9803,0
WANT.US,D,20190731,000000,33.362,33.397,32.081,32.495,9245,0
WANT.US,D,20190801,000000,32.88,33.472,31.066,31.066,4768,0
WANT.US,D,20190802,000000,30.68,30.718,30.014,30.254,7953,0
WANT.US,D,20190805,000000,28.575,28.609,27.231,27.828,21157,0
WANT.US,D,20190806,000000,28.433,29.041,28.196,29.041,4794,0
WANT.US,D,20190807,000000,27.838,29.42,27.838,29.42,8420,0
WANT.US,D,20190808,000000,30.342,31.071,30.183,31.05,4913,0
WANT.US,D,20190809,000000,30.352,30.808,29.904,30.203,4912,0
WANT.US,D,20190812,000000,29.437,29.627,28.813,29.09,8035,0
WANT.US,D,20190813,000000,28.562,30.551,28.562,30.317,25494,0
WANT.US,D,20190814,000000,28.315,28.623,27.63,27.63,5860,0
WANT.US,D,20190815,000000,28.067,28.067,26.686,27.452,5760,0
WANT.US,D,20190816,000000,28.166,28.315,28.022,28.285,14155,0
WANT.US,D,20190819,000000,29.189,29.532,29.142,29.399,11293,0
WANT.US,D,20190820,000000,29.443,29.808,29.41,29.41,2660,0
WANT.US,D,20190821,000000,30.461,31.017,30.461,31.012,11276,0
WANT.US,D,20190822,000000,31.309,31.309,30.562,31.137,3591,0
WANT.US,D,20190823,000000,30.263,30.501,28.293,28.293,11060,0
WANT.US,D,20190826,000000,28.742,29.243,28.742,29.239,1324,0
WANT.US,D,20190827,000000,29.708,29.835,28.95,29.052,7830,0
WANT.US,D,20190828,000000,28.802,30.083,28.802,29.994,7985,0
WANT.US,D,20190829,000000,31.048,31.495,30.883,31.369,11252,0
WANT.US,D,20190830,000000,31.555,31.653,30.649,30.913,14492,0
WANT.US,D,20190903,000000,30.183,30.888,30.064,30.471,19535,0
WANT.US,D,20190904,000000,30.977,31.296,30.775,31.216,3021,0
WANT.US,D,20190905,000000,32.458,33.193,32.423,32.994,18051,0
WANT.US,D,20190906,000000,33.372,33.6,33.034,33.269,22347,0
WANT.US,D,20190909,000000,33.77,33.994,33.462,33.69,37113,0
WANT.US,D,20190910,000000,32.812,33.115,32.413,33.115,9275,0
WANT.US,D,20190911,000000,33.258,33.64,33.083,33.39,12404,0
WANT.US,D,20190912,000000,33.66,34.554,33.66,34.038,30898,0
WANT.US,D,20190913,000000,34.077,34.276,33.68,33.79,7076,0
WANT.US,D,20190916,000000,33.78,33.78,32.29,32.424,31649,0
WANT.US,D,20190917,000000,32.289,32.974,32.13,32.954,8619,0
WANT.US,D,20190918,000000,32.737,33.044,32.001,32.945,15362,0
WANT.US,D,20190919,000000,33.125,33.183,32.737,32.797,7789,0
WANT.US,D,20190920,000000,33.103,33.103,31.663,31.673,5367,0
WANT.US,D,20190923,000000,31.485,32.08,31.485,31.912,3871,0
WANT.US,D,20190924,000000,32.336,32.336,30.721,30.857,2868,0
WANT.US,D,20190925,000000,30.936,31.691,30.76,31.691,10001,0
WANT.US,D,20190926,000000,31.633,31.633,30.996,31.215,4210,0
WANT.US,D,20190927,000000,31.569,31.594,30.678,30.876,1428,0
WANT.US,D,20190930,000000,31.066,31.871,31.066,31.761,38827,0
WANT.US,D,20191001,000000,32.22,32.23,30.886,30.917,7420,0
WANT.US,D,20191002,000000,30.539,30.539,29.067,29.24,4188,0
WANT.US,D,20191003,000000,29.473,29.588,28.171,29.588,18350,0
WANT.US,D,20191004,000000,29.951,30.519,29.862,30.35,5328,0
WANT.US,D,20191007,000000,29.896,30.388,29.896,30.232,3750,0
WANT.US,D,20191008,000000,29.335,29.812,29.171,29.171,2476,0
WANT.US,D,20191009,000000,29.645,30.101,29.503,29.956,4199,0
WANT.US,D,20191010,000000,30.058,30.492,30.058,30.437,1887,0
WANT.US,D,20191011,000000,31.772,32.16,31.559,31.559,4601,0
WANT.US,D,20191014,000000,31.454,31.476,31.398,31.432,2691,0
WANT.US,D,20191015,000000,31.822,32.459,31.822,32.278,5509,0
WANT.US,D,20191016,000000,32.45,32.631,32.32,32.631,2267,0
WANT.US,D,20191017,000000,32.857,33.247,32.857,32.894,2502,0
WANT.US,D,20191018,000000,32.841,32.996,32.56,32.778,3106,0
WANT.US,D,20191021,000000,33.324,33.324,33.006,33.043,1439,0
WANT.US,D,20191022,000000,32.688,32.766,32.347,32.448,1587,0
WANT.US,D,20191023,000000,32.041,32.104,31.673,31.891,4912,0
WANT.US,D,20191024,000000,31.722,32.14,31.722,31.871,3470,0
WANT.US,D,20191025,000000,30.737,31.92,30.679,31.802,6919,0
WANT.US,D,20191028,000000,32.012,32.226,31.961,32.067,5694,0
WANT.US,D,20191029,000000,31.803,31.81,31.51,31.51,4537,0
WANT.US,D,20191030,000000,31.454,32.014,31.185,32.014,3291,0
WANT.US,D,20191031,000000,31.88,32.062,31.325,31.468,7952,0
WANT.US,D,20191101,000000,32.011,32.16,31.984,32.082,3943,0
WANT.US,D,20191104,000000,32.359,32.511,32.11,32.178,6211,0
WANT.US,D,20191105,000000,32.389,32.403,32.127,32.375,5446,0
WANT.US,D,20191106,000000,32.24,32.44,32.24,32.44,1578,0
WANT.US,D,20191107,000000,32.688,32.698,31.802,31.838,4406,0
WANT.US,D,20191108,000000,31.832,31.858,31.613,31.858,1403,0
WANT.US,D,20191111,000000,31.345,31.639,31.295,31.639,2824,0
WANT.US,D,20191112,000000,31.842,32.021,31.564,31.584,4016,0
WANT.US,D,20191113,000000,31.345,31.394,31.125,31.335,2019,0
WANT.US,D,20191114,000000,31.737,31.737,31.474,31.714,1570,0
WANT.US,D,20191115,000000,31.842,32.043,31.812,31.823,7865,0
WANT.US,D,20191118,000000,31.842,32.122,31.842,32.122,2761,0
WANT.US,D,20191119,000000,31.544,31.544,30.951,31.246,4020,0
WANT.US,D,20191120,000000,31.444,31.444,30.469,30.881,2901,0
WANT.US,D,20191121,000000,30.896,30.896,30.403,30.403,2248,0
WANT.US,D,20191122,000000,30.729,31.011,30.682,31.011,3080,0
WANT.US,D,20191125,000000,31.374,31.813,31.374,31.813,4908,0
WANT.US,D,20191126,000000,31.613,32.489,31.613,32.442,17712,0
WANT.US,D,20191127,000000,32.956,33.364,32.717,33.322,48006,0
WANT.US,D,20191129,000000,33.075,33.278,32.519,32.534,33108,0
WANT.US,D,20191202,000000,32.768,32.768,31.712,31.88,9673,0
WANT.US,D,20191203,000000,30.984,30.984,30.355,30.894,43636,0
WANT.US,D,20191204,000000,31.355,31.633,31.332,31.398,21394,0
WANT.US,D,20191205,000000,31.404,31.404,31.245,31.255,1395,0
WANT.US,D,20191206,000000,32.013,32.259,32.013,32.04,3922,0
WANT.US,D,20191209,000000,32.339,32.361,32.173,32.173,1783,0
WANT.US,D,20191210,000000,32.284,32.284,31.94,31.94,1117,0
WANT.US,D,20191211,000000,31.842,32.188,31.594,32.188,4443,0
WANT.US,D,20191212,000000,32.588,33.155,32.588,33.026,5038,0
WANT.US,D,20191213,000000,32.748,33.23,32.679,33.107,6953,0
WANT.US,D,20191216,000000,33.434,33.733,33.309,33.569,4295,0
WANT.US,D,20191217,000000,33.962,34.11,33.952,34.06,15847,0
WANT.US,D,20191218,000000,34.031,34.149,33.932,34.13,3673,0
WANT.US,D,20191219,000000,34.001,34.429,33.999,34.36,7202,0
WANT.US,D,20191220,000000,34.797,34.797,34.409,34.588,7101,0
WANT.US,D,20191223,000000,34.83,34.83,34.27,34.27,8803,0
WANT.US,D,20191224,000000,34.502,34.578,34.472,34.554,4014,0
WANT.US,D,20191226,000000,34.738,35.704,34.738,35.704,5961,0
WANT.US,D,20191227,000000,36.222,36.325,35.643,35.776,11490,0
WANT.US,D,20191230,000000,36.202,36.202,34.954,34.992,8405,0
WANT.US,D,20191231,000000,34.857,35.418,34.857,35.162,6717,0
WANT.US,D,20200102,000000,35.694,36.33,35.465,36.33,20032,0
WANT.US,D,20200103,000000,34.967,35.64,34.967,35.521,10907,0
WANT.US,D,20200106,000000,34.877,35.765,34.877,35.765,6244,0
WANT.US,D,20200107,000000,35.584,35.753,35.256,35.595,6684,0
WANT.US,D,20200108,000000,36.012,36.422,35.718,35.876,13298,0
WANT.US,D,20200109,000000,36.55,36.799,36.361,36.508,8286,0
WANT.US,D,20200110,000000,36.5,36.5,35.933,35.943,7685,0
WANT.US,D,20200113,000000,35.884,36.373,35.773,36.24,2720,0
WANT.US,D,20200114,000000,36.241,36.49,36.012,36.159,7256,0
WANT.US,D,20200115,000000,36.092,36.224,35.823,35.885,5480,0
WANT.US,D,20200116,000000,36.361,36.849,36.361,36.849,6304,0
WANT.US,D,20200117,000000,37.317,37.317,37.078,37.285,7415,0
WANT.US,D,20200121,000000,36.949,37.049,36.315,36.933,14283,0
WANT.US,D,20200122,000000,36.939,37.641,36.859,36.859,4143,0
WANT.US,D,20200123,000000,36.132,37.027,35.763,37.027,5175,0
WANT.US,D,20200124,000000,36.769,36.769,34.977,35.48,8992,0
WANT.US,D,20200127,000000,33.622,34.364,32.756,33.904,15637,0
WANT.US,D,20200128,000000,34.618,35.067,34.613,34.909,2739,0
WANT.US,D,20200129,000000,35.143,35.293,34.738,34.858,1200,0
WANT.US,D,20200130,000000,34.289,34.617,33.851,34.617,6348,0
WANT.US,D,20200131,000000,36.162,36.212,34.638,34.912,6558,0
WANT.US,D,20200203,000000,36.135,36.5,35.643,35.643,6539,0
WANT.US,D,20200204,000000,37.407,37.825,37.34,37.424,15508,0
WANT.US,D,20200205,000000,38.662,38.662,37.391,38.04,7119,0
WANT.US,D,20200206,000000,38.472,38.472,37.855,37.887,7499,0
WANT.US,D,20200207,000000,37.496,37.834,37.204,37.25,2998,0
WANT.US,D,20200210,000000,37.845,38.485,37.845,38.485,2545,0
WANT.US,D,20200211,000000,39.01,39.867,39.01,39.309,14759,0
WANT.US,D,20200212,000000,40.235,40.651,40.235,40.624,9886,0
WANT.US,D,20200213,000000,40.036,40.833,40.012,40.433,9162,0
WANT.US,D,20200214,000000,40.434,40.696,40.006,40.162,5405,0
WANT.US,D,20200218,000000,40.155,40.604,40.105,40.199,5899,0
WANT.US,D,20200219,000000,40.833,41.118,40.829,40.829,3276,0
WANT.US,D,20200220,000000,40.763,41.072,39.797,40.82,5406,0
WANT.US,D,20200221,000000,40.584,40.584,38.582,38.922,15696,0
WANT.US,D,20200224,000000,33.961,35.853,33.961,34.867,28136,0
WANT.US,D,20200225,000000,35.315,35.315,31.939,32.205,12021,0
WANT.US,D,20200226,000000,32.855,33.363,31.353,31.401,11257,0
WANT.US,D,20200227,000000,29.768,31.275,27.897,27.897,11278,0
WANT.US,D,20200228,000000,24.709,26.88,24.709,26.86,30110,0
WANT.US,D,20200302,000000,27.352,29.551,26.392,29.551,10940,0
WANT.US,D,20200303,000000,30.166,30.336,26.989,27.597,13520,0
WANT.US,D,20200304,000000,29.071,30.545,28.302,30.545,10591,0
WANT.US,D,20200305,000000,29.708,29.708,26.76,27.129,14920,0
WANT.US,D,20200306,000000,24.647,26.173,24.539,25.919,15079,0
WANT.US,D,20200309,000000,20.914,23.324,20.914,21.325,15328,0
WANT.US,D,20200310,000000,23.056,24.226,21.259,24.226,5674,0
WANT.US,D,20200311,000000,23.663,23.663,19.918,20.257,10530,0
WANT.US,D,20200312,000000,15.487,16.672,14.565,14.565,11184,0
WANT.US,D,20200313,000000,16.731,17.409,14.023,16.158,28311,0
WANT.US,D,20200316,000000,14.54,14.54,10.35,10.517,22895,0
WANT.US,D,20200317,000000,11.344,12.21,9.999,11.481,20029,0
WANT.US,D,20200318,000000,10.955,10.955,7.4893,9.909,47324,0
WANT.US,D,20200319,000000,9.86,11.268,8.9732,10.732,38073,0
WANT.US,D,20200320,000000,11.294,11.851,9.71,9.775,18735,0
WANT.US,D,20200323,000000,9.3218,10.008,8.9633,9.762,30657,0
WANT.US,D,20200324,000000,11.8,12.44,11.32,12.4085,22125,0
WANT.US,D,20200325,000000,12.81,14.46,12.31,13.2215,27832,0
WANT.US,D,20200326,000000,13.83,14.94,13.7352,14.83,87276,0
WANT.US,D,20200327,000000,13.03,14.23,12.6701,13.3731,29929,0
WANT.US,D,20200330,000000,13.4,14.135,12.8501,14.081,21747,0
WANT.US,D,20200331,000000,13.9679,14.27,13.17,13.17,17721,0
WANT.US,D,20200401,000000,12.01,12.22,11.259,11.484,51323,0
WANT.US,D,20200402,000000,11.11,11.775,10.931,11.5143,11059,0
WANT.US,D,20200403,000000,11.3463,11.38,10.625,10.9553,4991,0
WANT.US,D,20200406,000000,12.59,13.9399,12.2,13.79,36226,0
WANT.US,D,20200407,000000,15.88,15.95,14.21,14.4,61234,0
WANT.US,D,20200408,000000,14.9,15.81,14.7,15.6956,41995,0
WANT.US,D,20200409,000000,16.66,17.22,16.1,16.4799,84792,0
WANT.US,D,20200413,000000,16.9,16.9,15.6,16.4143,50605,0
WANT.US,D,20200414,000000,17.68,18.55,17.3439,18.48,91439,0
WANT.US,D,20200415,000000,16.61,17.6,16.5163,17.23,41959,0
WANT.US,D,20200416,000000,17.32,18.36,17.0269,17.8826,28619,0
WANT.US,D,20200417,000000,19.38,19.4762,18.42,19.33,47189,0
WANT.US,D,20200420,000000,19.12,19.42,18.4193,18.48,51344,0
WANT.US,D,20200421,000000,17.27,17.73,16.58,17.02,40678,0
WANT.US,D,20200422,000000,17.78,18.37,17.73,17.94,46452,0
WANT.US,D,20200423,000000,18.3388,18.7159,18,18.06,27698,0
WANT.US,D,20200424,000000,18.2161,19.18,18.12,18.93,29691,0
WANT.US,D,20200427,000000,19.66,20.36,19.38,20.0418,56272,0
WANT.US,D,20200428,000000,21,21.25,20,20.11,38189,0
WANT.US,D,20200429,000000,23.41,23.41,21.13,21.5613,65206,0
WANT.US,D,20200430,000000,21.24,21.5199,20.565,21.1997,25120,0
WANT.US,D,20200501,000000,18.9,19.59,18.35,18.7,83068,0
WANT.US,D,20200504,000000,18.17,19.0314,17.64,18.95,41783,0
WANT.US,D,20200505,000000,19.99,20,19.17,19.19,30081,0
WANT.US,D,20200506,000000,19.89,19.89,19.15,19.26,35061,0
WANT.US,D,20200507,000000,20,20.425,20,20.17,33410,0
WANT.US,D,20200508,000000,20.8,21.34,20.65,21.3295,11567,0
WANT.US,D,20200511,000000,20.87,21.594,20.7957,21.28,14388,0
WANT.US,D,20200512,000000,21.67,21.67,19.77,19.7902,22417,0
WANT.US,D,20200513,000000,19.62,19.96,18.21,18.8394,42589,0
WANT.US,D,20200514,000000,18.14,19.61,17.6028,19.61,23230,0
WANT.US,D,20200515,000000,19.15,20.32,19.15,20.28,39523,0
WANT.US,D,20200518,000000,22.22,22.89,21.98,22.63,42802,0
WANT.US,D,20200519,000000,22.5,23.439,22.2201,22.35,46977,0
WANT.US,D,20200520,000000,23.55,23.55,22.84,23.18,26765,0
WANT.US,D,20200521,000000,23.5325,23.87,22.83,23.49,35698,0
WANT.US,D,20200522,000000,23.31,23.539,22.8792,23.43,29328,0
WANT.US,D,20200526,000000,25.34,25.38,24.46,24.47,40720,0
WANT.US,D,20200527,000000,25.45,25.705,23.87,25.705,49723,0
WANT.US,D,20200528,000000,26.01,26.24,24.58,24.8139,42341,0
WANT.US,D,20200529,000000,24.6,25.25,24.24,25.11,42922,0
WANT.US,D,20200601,000000,25.31,25.96,25.0925,25.79,35755,0
WANT.US,D,20200602,000000,26.14,26.3362,25.7455,26.3,37828,0
WANT.US,D,20200603,000000,27.16,28.13,26.93,27.94,55358,0
WANT.US,D,20200604,000000,27.82,28.2,27,27.48,57812,0
WANT.US,D,20200605,000000,29.76,29.8962,29.1717,29.44,79536,0
WANT.US,D,20200608,000000,30.36,30.85,29.9726,30.85,99328,0
WANT.US,D,20200609,000000,29.63,30.64,29.44,30.15,46644,0
WANT.US,D,20200610,000000,30.26,30.363,29.2,29.3,41716,0
WANT.US,D,20200611,000000,26.27,27.513,24.4402,24.54,89675,0
WANT.US,D,20200612,000000,26.73,26.75,23.92,25.41,40568,0
WANT.US,D,20200615,000000,23.4,26.23,23.38,25.91,26231,0
WANT.US,D,20200616,000000,28.37,28.49,26.06,27.68,33331,0
WANT.US,D,20200617,000000,28.18,28.1895,27.41,27.57,29617,0
WANT.US,D,20200618,000000,27.04,27.571,26.93,27.18,27554,0
WANT.US,D,20200619,000000,28.45,28.45,26.52,26.55,17738,0
WANT.US,D,20200622,000000,26.56,27.4299,26.105,27.35,17761,0
WANT.US,D,20200623,000000,28.13,28.5,27.89,28.05,19398,0
WANT.US,D,20200624,000000,27.39,27.71,25.171,26.06,55071,0
WANT.US,D,20200625,000000,25.67,26.29,25.09,26.29,22720,0
WANT.US,D,20200626,000000,26.37,26.37,24.36,24.38,29664,0
WANT.US,D,20200629,000000,24.69,25.75,24,25.63,13024,0
WANT.US,D,20200630,000000,25.61,27.09,25.61,26.82,22063,0
WANT.US,D,20200701,000000,27.16,27.79,26.83,27.58,33761,0
WANT.US,D,20200702,000000,28.73,29.21,27.7738,27.7738,35399,0
WANT.US,D,20200706,000000,29.05,29.865,28.97,29.85,26966,0
WANT.US,D,20200707,000000,29.5,29.68,28.35,28.39,64902,0
WANT.US,D,20200708,000000,28.66,29.3588,28.37,29.3588,12679,0
WANT.US,D,20200709,000000,29.77,29.77,28,29.2565,27137,0
WANT.US,D,20200710,000000,29.37,30.37,29.01,30.37,26444,0
WANT.US,D,20200713,000000,31,32.449,28.96,29.09,72091,0
WANT.US,D,20200714,000000,28.76,30.06,27.81,30.0559,30230,0
WANT.US,D,20200715,000000,31.43,31.53,30.419,31.3336,97303,0
WANT.US,D,20200716,000000,30.7,31.11,30.395,31.0638,19002,0
WANT.US,D,20200717,000000,31.34,31.5,30.35,30.58,95746,0
WANT.US,D,20200720,000000,30.7,32.27,30.49,32.08,21234,0
WANT.US,D,20200721,000000,32.68,32.9,31.97,31.97,30563,0
WANT.US,D,20200722,000000,31.85,33.13,31.85,33.13,17640,0
WANT.US,D,20200723,000000,33.02,33.109,30.92,31.57,31530,0
WANT.US,D,20200724,000000,31.17,31.97,30.69,31.77,7105,0
WANT.US,D,20200727,000000,32.31,32.4883,31.82,32.34,19255,0
WANT.US,D,20200728,000000,32.38,32.41,31.3139,31.3139,11044,0
WANT.US,D,20200729,000000,32.02,32.44,31.85,32.34,10203,0
WANT.US,D,20200730,000000,31.5,32.6,31.1388,32.2,14055,0
WANT.US,D,20200731,000000,33.55,33.55,31.75,32.66,21341,0
WANT.US,D,20200803,000000,33.17,33.17,32.29,32.29,36282,0
WANT.US,D,20200804,000000,32.6,33.2017,32.6,33.2017,34555,0
WANT.US,D,20200805,000000,33.72,34.55,33.7027,34.5474,23686,0
WANT.US,D,20200806,000000,34.15,35.2,34.15,35.06,17885,0
WANT.US,D,20200807,000000,35.02,35.43,34.5139,35.14,53280,0
WANT.US,D,20200810,000000,35.62,36.4852,35.52,36.4321,52401,0
WANT.US,D,20200811,000000,37.22,37.67,36.15,36.23,67136,0
WANT.US,D,20200812,000000,37.46,37.89,36.965,37.7196,37600,0
WANT.US,D,20200813,000000,37.41,38.235,37.41,37.66,32105,0
WANT.US,D,20200814,000000,37.66,37.84,37.2,37.6,25129,0
WANT.US,D,20200817,000000,38.4,39.139,38.24,39.09,28854,0
WANT.US,D,20200818,000000,39.81,40,38.745,39.75,48458,0
WANT.US,D,20200819,000000,40.42,40.42,39.18,39.2259,42251,0
WANT.US,D,20200820,000000,38.29,39.245,38.27,39.075,36923,0
WANT.US,D,20200821,000000,38.96,39.6834,38.96,39.681,25375,0
WANT.US,D,20200824,000000,40.64,41.43,40.5,41.3004,46978,0
WANT.US,D,20200825,000000,41.8,41.87,41.006,41.87,30005,0
WANT.US,D,20200826,000000,42.04,43.25,41.775,43.05,31119,0
WANT.US,D,20200827,000000,43.78,43.78,41.91,42.34,40017,0
WANT.US,D,20200828,000000,43.23,43.5,42.5755,43.2319,54310,0
WANT.US,D,20200831,000000,43.37,43.555,42.7273,42.99,21586,0
WANT.US,D,20200901,000000,43.05,44.209,42.7845,44.163,32003,0
WANT.US,D,20200902,000000,45.1,46.3,44.46,46.22,29518,0
WANT.US,D,20200903,000000,45.93,45.93,40.5,41.63,97329,0
WANT.US,D,20200904,000000,42.03,42.5014,37.08,40.27,80004,0
WANT.US,D,20200908,000000,37.98,40.2309,37.76,38.5568,28145,0
WANT.US,D,20200909,000000,39.85,41.61,39.208,40.8715,34688,0
WANT.US,D,20200910,000000,41.58,42.46,38.6812,39.3288,66347,0
WANT.US,D,20200911,000000,39.95,40.15,38.07,39.2703,17414,0
WANT.US,D,20200914,000000,40.5801,41.2394,40.0791,40.489,19248,0
WANT.US,D,20200915,000000,41.35,41.7621,40.895,41.3345,28433,0
WANT.US,D,20200916,000000,41.5,42.299,40.766,40.7899,14076,0
WANT.US,D,20200917,000000,38.75,39.641,38.25,39.07,37575,0
WANT.US,D,20200918,000000,39.46,39.46,36.7523,37.47,39336,0
WANT.US,D,20200921,000000,35.54,35.715,33.3901,35.5477,49942,0
WANT.US,D,20200922,000000,36.23,38.0657,36.08,38.0094,31940,0
WANT.US,D,20200923,000000,39,39.35,35.91,36.1079,33585,0
WANT.US,D,20200924,000000,35.37,37.5462,35.37,36.1342,16862,0
WANT.US,D,20200925,000000,35.93,37.7,35.63,37.5584,6537,0
WANT.US,D,20200928,000000,38.875,40.0955,38.56,39.8199,26664,0
WANT.US,D,20200929,000000,39.81,40.09,38.84,38.9858,23376,0
WANT.US,D,20200930,000000,39.29,41.21,39.14,39.9,40109,0
WANT.US,D,20201001,000000,40.88,41.57,40.495,41.2358,27115,0
WANT.US,D,20201002,000000,39.48,41.25,39,40.92,46428,0
WANT.US,D,20201005,000000,41.77,42.575,41.6404,42.495,18120,0
WANT.US,D,20201006,000000,42.88,43.125,39.95,40.29,52726,0
WANT.US,D,20201007,000000,41.66,43.16,41.66,42.9853,18102,0
WANT.US,D,20201008,000000,43.83,43.83,42.71,43.7265,26672,0
WANT.US,D,20201009,000000,44.3,45.35,44.2,45.09,47208,0
WANT.US,D,20201012,000000,46.28,47.48,45.9653,46.7698,45376,0
WANT.US,D,20201013,000000,46.55,47.51,46.17,47.0253,25756,0
WANT.US,D,20201014,000000,47.35,47.35,44.6929,45.4346,29525,0
WANT.US,D,20201015,000000,43.03,45.99,42.97,45.7238,18855,0
WANT.US,D,20201016,000000,46.7848,46.8803,44.81,44.81,17504,0
WANT.US,D,20201019,000000,45.6331,45.94,42.701,42.8984,23772,0
WANT.US,D,20201020,000000,43.56,45.5,43.56,44,26884,0
WANT.US,D,20201021,000000,43.86,44.5278,42.9433,43.24,13939,0
WANT.US,D,20201022,000000,43.39,43.5202,41.88,43.47,23637,0
WANT.US,D,20201023,000000,43.27,44.5748,43.27,44.54,11582,0
WANT.US,D,20201026,000000,43.24,43.7084,40.3923,41.8374,30694,0
WANT.US,D,20201027,000000,42.19,42.705,41.7301,41.94,6735,0
WANT.US,D,20201028,000000,39.87,40.1,38.03,38.03,33544,0
WANT.US,D,20201029,000000,38.43,39.71,37.5101,38.72,22365,0
WANT.US,D,20201030,000000,37.8,38.1308,35.38,36.04,51026,0
WANT.US,D,20201102,000000,37.28,37.6555,35.67,36.87,19208,0
WANT.US,D,20201103,000000,38.625,39.98,38.615,39.43,27190,0
WANT.US,D,20201104,000000,40.53,43.22,40.53,41.95,33205,0
WANT.US,D,20201105,000000,44.15,44.8766,43.666,44.29,28310,0
WANT.US,D,20201106,000000,44.15,44.15,42.7925,43.88,28934,0
WANT.US,D,20201109,000000,47.33,48,43.6774,43.6774,36430,0
WANT.US,D,20201110,000000,43.31,43.6301,41.7709,42.77,26097,0
WANT.US,D,20201111,000000,43.53,44.62,43.5,44.09,21344,0
WANT.US,D,20201112,000000,43.69,44.13,41.59,42.31,24249,0
WANT.US,D,20201113,000000,42.99,44.54,42.99,44.41,15073,0
WANT.US,D,20201116,000000,46,46.03,44.97,46.03,30038,0
WANT.US,D,20201117,000000,45.67,46.07,44.59,45.6019,20211,0
WANT.US,D,20201118,000000,45.5,46.43,44.77,44.7772,11889,0
WANT.US,D,20201119,000000,44.55,45.28,44.3666,45.1449,10780,0
WANT.US,D,20201120,000000,45.2,45.413,44.6976,44.6976,9706,0
WANT.US,D,20201123,000000,45.27,46.32,45,46.04,17763,0
WANT.US,D,20201124,000000,47.13,48.429,46.93,48.15,42160,0
WANT.US,D,20201125,000000,47.83,48.48,47.68,48.2,17421,0
WANT.US,D,20201127,000000,48.97,49,48.14,48.58,14209,0
WANT.US,D,20201130,000000,48.45,48.45,45.83,47.4434,30018,0
WANT.US,D,20201201,000000,49.01,49.3597,48,48.89,38928,0
WANT.US,D,20201202,000000,48.5,48.5,47.44,47.6779,32829,0
WANT.US,D,20201203,000000,47.76,48.87,47.76,48.28,18382,0
WANT.US,D,20201204,000000,48.45,48.6516,48.001,48.2438,12409,0
WANT.US,D,20201207,000000,47.98,47.9902,47.3401,47.9902,19677,0
WANT.US,D,20201208,000000,47.22,47.7174,46.6538,47.69,21867,0
WANT.US,D,20201209,000000,48.46,48.5448,46.971,47.66,25266,0
WANT.US,D,20201210,000000,47.17,47.78,46.789,47.47,14661,0
WANT.US,D,20201211,000000,46.68,47.16,45.83,46.69,16388,0
WANT.US,D,20201214,000000,48.02,48.83,47.055,47.28,21032,0
WANT.US,D,20201215,000000,47.9,48.83,47.7,48.83,10743,0
WANT.US,D,20201216,000000,49,50.12,48.91,49.84,19455,0
WANT.US,D,20201217,000000,50.39,50.84,50.26,50.81,25977,0
WANT.US,D,20201218,000000,50.99,50.99,49.445,49.76,19170,0
WANT.US,D,20201221,000000,47.64,49.0952,47.051,48.24,35624,0
WANT.US,D,20201222,000000,48.14,48.24,46.5,47.689,37764,0
WANT.US,D,20201223,000000,47.46,48.485,47.46,48,11426,0
WANT.US,D,20201224,000000,48,48.39,47.8547,48.3808,3062,0
WANT.US,D,20201228,000000,49.54,50.54,49.085,49.9983,26436,0
WANT.US,D,20201229,000000,50.7,50.7,49.5,50.035,25131,0
WANT.US,D,20201230,000000,50.35,51.1,50.35,50.88,31074,0
WANT.US,D,20201231,000000,50.73,51.1,50.32,51.1,11476,0
WANT.US,D,20210104,000000,51.85,52.13,48,49.56,35039,0
WANT.US,D,20210105,000000,48.83,51.145,48.83,50.72,29102,0
WANT.US,D,20210106,000000,51.03,53.985,51.03,52.38,37243,0
WANT.US,D,20210107,000000,53.51,55.81,53.49,55.41,61613,0
WANT.US,D,20210108,000000,57.13,58.84,56.78,58.75,62721,0
WANT.US,D,20210111,000000,57,57.34,55.15,55.53,46033,0
WANT.US,D,20210112,000000,56.27,58.68,56.1977,58,44725,0
WANT.US,D,20210113,000000,58.57,58.7,57.41,58.12,21228,0
WANT.US,D,20210114,000000,58.33,59.1,56.78,56.88,46377,0
WANT.US,D,20210115,000000,56.89,57.095,54.8902,55.68,25535,0
WANT.US,D,20210119,000000,57.23,57.2384,56,56.64,22464,0
WANT.US,D,20210120,000000,58.19,60.105,57.64,59.83,49687,0
WANT.US,D,20210121,000000,60.23,61.555,60.23,60.58,27074,0
WANT.US,D,20210122,000000,59.58,60.23,58.98,60.05,34994,0
WANT.US,D,20210125,000000,60.54,61.99,57.3627,60.67,44301,0
WANT.US,D,20210126,000000,61.16,61.17,60.1301,60.41,14856,0
WANT.US,D,20210127,000000,58.66,58.66,54.105,54.86,78007,0
WANT.US,D,20210128,000000,54.23,56.92,53.8,55.4,36739,0
WANT.US,D,20210129,000000,54.29,54.3,51,51.63,41854,0
WANT.US,D,20210201,000000,53.25,55.56,52.56,55.38,24783,0
WANT.US,D,20210202,000000,57,60.18,57,59.19,38564,0
WANT.US,D,20210203,000000,60.2,60.2,58.1,58.13,33564,0
WANT.US,D,20210204,000000,59.06,59.95,58.302,59.95,31065,0
WANT.US,D,20210205,000000,60.41,62.23,60.22,61.64,25052,0
WANT.US,D,20210208,000000,63.09,63.09,61.5805,62.71,56607,0
WANT.US,D,20210209,000000,61.94,62.126,61.505,61.68,19499,0
WANT.US,D,20210210,000000,61.5299,61.5299,58.38,59.8,35227,0
WANT.US,D,20210211,000000,60.32,60.815,58.7328,59.33,28659,0
WANT.US,D,20210212,000000,58.72,59.63,58,59.61,39921,0
WANT.US,D,20210216,000000,60.31,60.31,58.2865,58.76,32354,0
WANT.US,D,20210217,000000,57.94,59.86,57,59.76,24301,0
WANT.US,D,20210218,000000,57.81,60.253,57.81,59.82,17349,0
WANT.US,D,20210219,000000,60.41,60.5,58.607,58.82,18807,0
WANT.US,D,20210222,000000,57.01,57.39,55,55.09,58516,0
WANT.US,D,20210223,000000,53,54.6885,48.22,53.85,60576,0
WANT.US,D,20210224,000000,53.97,55.8604,52.242,55.67,34411,0
WANT.US,D,20210225,000000,55.03,55.45,48.64,49.38,76069,0
WANT.US,D,20210226,000000,51.26,51.78,48.395,50.23,54701,0
WANT.US,D,20210301,000000,52.6,53.82,51.9447,53.57,35639,0
WANT.US,D,20210302,000000,54.0199,54.085,51.71,51.75,26297,0
WANT.US,D,20210303,000000,51.75,51.75,48.18,48.18,51973,0
WANT.US,D,20210304,000000,48.35,49.01,42.32,45.06,68750,0
WANT.US,D,20210305,000000,46.03,46.26,40.1092,45.91,48904,0
WANT.US,D,20210308,000000,46.73,48.9,46,46.06,97542,0
WANT.US,D,20210309,000000,48.68,52.179,48.47,51.23,67955,0
WANT.US,D,20210310,000000,53.47,54,51.1,52.11,81849,0
WANT.US,D,20210311,000000,54.43,55,53.505,54.41,51759,0
WANT.US,D,20210312,000000,52.58,54.88,52.14,54.87,63968,0
WANT.US,D,20210315,000000,55.41,57.12,54.6551,57.09,61314,0
WANT.US,D,20210316,000000,57.35,57.35,54.77,55.27,67241,0
WANT.US,D,20210317,000000,54.38,58.14,53.8,57.67,60179,0
WANT.US,D,20210318,000000,56.38,56.69,53.17,53.42,81668,0
WANT.US,D,20210319,000000,53.09,54.59,51.78,54.35,41130,0
WANT.US,D,20210322,000000,55.3,56.675,54.915,55.4,29910,0
WANT.US,D,20210323,000000,55.28,56,53.56,53.83,32886,0
WANT.US,D,20210324,000000,54.505,55.45,51.3913,51.48,54002,0
WANT.US,D,20210325,000000,50.1,52.96,49.5858,52.79,47621,0
WANT.US,D,20210326,000000,53.62,54.0962,51.541,54.08,32713,0
WANT.US,D,20210329,000000,53.67,54.48,52.3,53.14,49209,0
WANT.US,D,20210330,000000,52.31,54.9829,52.2,54.75,29813,0
WANT.US,D,20210331,000000,55.6,56.9,55.12,56.08,39291,0
WANT.US,D,20210401,000000,57.61,57.63,57,57.37,40838,0
WANT.US,D,20210405,000000,59.77,61.89,59.59,61.33,109758,0
WANT.US,D,20210406,000000,61,62.75,60.9835,62.13,51437,0
WANT.US,D,20210407,000000,62.24,62.565,61.31,61.49,41158,0
WANT.US,D,20210408,000000,62.56,62.85,61.26,62.32,57460,0
WANT.US,D,20210409,000000,62.21,64.24,62.08,64.23,69102,0
WANT.US,D,20210412,000000,64.5,65.62,64,65.57,81654,0
WANT.US,D,20210413,000000,66.11,67.88,65.47,67.62,46903,0
WANT.US,D,20210414,000000,68.34,68.79,65.12,65.59,93511,0
WANT.US,D,20210415,000000,67.4,67.4,65.9,66.94,37096,0
WANT.US,D,20210416,000000,67.3,68.73,67.0001,68.48,64940,0
WANT.US,D,20210419,000000,67.53,67.8,65.485,66.24,97932,0
WANT.US,D,20210420,000000,65.47,65.83,62.19,63.71,105894,0
WANT.US,D,20210421,000000,62.72,66.21,62.72,66.2,38332,0
WANT.US,D,20210422,000000,66.31,66.52,63.18,64.18,87177,0
WANT.US,D,20210423,000000,65,66.72,64,66.01,63698,0
WANT.US,D,20210426,000000,66.7,67.09,65.45,66.9,45469,0
WANT.US,D,20210427,000000,66.81,67.27,66.29,66.67,30007,0
WANT.US,D,20210428,000000,66.25,67.3797,66.12,66.38,21033,0
WANT.US,D,20210429,000000,67.38,67.41,64.57,66.52,43984,0
WANT.US,D,20210430,000000,66.05,67.7,66,67.24,35826,0
WANT.US,D,20210503,000000,68.32,68.32,65.95,66.29,41669,0
WANT.US,D,20210504,000000,64.57,64.57,61.86,64.22,59672,0
WANT.US,D,20210505,000000,65.065,65.065,63.3209,63.66,13202,0
WANT.US,D,20210506,000000,64.05,64.05,62.09,63.95,30365,0
WANT.US,D,20210507,000000,64.76,66.0325,64,65.8,67196,0
WANT.US,D,20210510,000000,66.06,66.06,62.2,62.33,48086,0
WANT.US,D,20210511,000000,58.79,60.595,57.4187,60.01,56996,0
WANT.US,D,20210512,000000,58.21,58.43,53.72,53.95,65102,0
WANT.US,D,20210513,000000,55.21,56.49,53.29,55.13,48498,0
WANT.US,D,20210514,000000,56.44,58.15,56.2,58.06,30945,0
WANT.US,D,20210517,000000,57.4,57.9,56.201,57.6,37463,0
WANT.US,D,20210518,000000,58.17,58.6843,56.22,56.38,42078,0
WANT.US,D,20210519,000000,53.26,54.9,52.57,54.9,43796,0
WANT.US,D,20210520,000000,55.44,56.641,55.44,56.63,27897,0
WANT.US,D,20210521,000000,57.59,57.59,55.61,55.68,40634,0
WANT.US,D,20210524,000000,56.75,58.07,56.1439,57.37,41522,0
WANT.US,D,20210525,000000,57.87,58.545,56.67,57.89,45061,0
WANT.US,D,20210526,000000,58.4,60.2273,58.4,59.67,46286,0
WANT.US,D,20210527,000000,60.28,60.59,59.72,60.21,36733,0
WANT.US,D,20210528,000000,60.95,61.12,59.5,59.95,28443,0
WANT.US,D,20210601,000000,61,61,59.35,59.56,37859,0
WANT.US,D,20210602,000000,59.45,59.45,58.261,58.71,47238,0
WANT.US,D,20210603,000000,57.38,57.865,56.36,56.61,34858,0
WANT.US,D,20210604,000000,57.68,58.1,57.15,58.1,24598,0
WANT.US,D,20210607,000000,57.82,58.05,56.7101,58.05,45535,0
WANT.US,D,20210608,000000,59.19,59.74,58.4545,59.42,27367,0
WANT.US,D,20210609,000000,59.96,59.96,58.4,58.4,25360,0
WANT.US,D,20210610,000000,58.8,59.4816,58.43,59.24,24282,0
WANT.US,D,20210611,000000,59.71,60.21,59.31,60.21,16053,0
WANT.US,D,20210614,000000,60.38,60.51,59.15,60.28,28209,0
WANT.US,D,20210615,000000,59.875,59.875,58.7,59.28,20008,0
WANT.US,D,20210616,000000,59.17,59.61,57.68,59.45,25352,0
WANT.US,D,20210617,000000,58.71,60.52,58.59,59.99,41463,0
WANT.US,D,20210618,000000,58.35,59.55,58.34,59.05,39958,0
WANT.US,D,20210621,000000,59.51,60.8,59.21,60.36,22200,0
WANT.US,D,20210622,000000,60.41,62.761,60.325,62.18,68638,0
WANT.US,D,20210623,000000,62.47,63.81,62.29,63.52,60946,0
WANT.US,D,20210624,000000,64.79,65.325,63.975,64.11,84025,0
WANT.US,D,20210625,000000,65.81,66.2,65,65.27,58795,0
WANT.US,D,20210628,000000,65.27,65.54,64.5,65.47,29777,0
WANT.US,D,20210629,000000,65.46,66.235,65.46,65.9,20917,0
WANT.US,D,20210630,000000,65.55,66.9,65.55,66.14,29873,0
WANT.US,D,20210701,000000,66.54,67.1441,66.435,67.04,28914,0
WANT.US,D,20210702,000000,67.6,68.885,67.6,68.86,28766,0
WANT.US,D,20210706,000000,69.11,69.59,67.25,69.23,29276,0
WANT.US,D,20210707,000000,69.7,70.14,67.62,69.08,42962,0
WANT.US,D,20210708,000000,65.39,69.085,64.86,68.51,48475,0
WANT.US,D,20210709,000000,69.43,70.43,69.3033,70.43,17453,0
WANT.US,D,20210712,000000,70.59,71.87,70.59,71.82,30017,0
WANT.US,D,20210713,000000,71.36,71.7195,69.08,69.45,38164,0
WANT.US,D,20210714,000000,70.21,70.6638,68.79,69.02,23778,0
WANT.US,D,20210715,000000,68.28,69.1739,66.43,67.78,30347,0
WANT.US,D,20210716,000000,68.52,68.8141,65.23,65.31,26441,0
WANT.US,D,20210719,000000,61.97,63,60.5933,63,57885,0
WANT.US,D,20210720,000000,63.5,66.9199,62.75,66.6,27696,0
WANT.US,D,20210721,000000,67.02,68.3355,67.02,68.26,19605,0
WANT.US,D,20210722,000000,68.12,69.3,67.88,69.29,16047,0
WANT.US,D,20210723,000000,69.94,71.24,69.47,71.05,27882,0
WANT.US,D,20210726,000000,71.63,72.65,71.134,72.64,34386,0
WANT.US,D,20210727,000000,71.375,71.375,68.14,70.48,24285,0
WANT.US,D,20210728,000000,70.19,70.54,69.16,69.82,25606,0
WANT.US,D,20210729,000000,70.51,72.5607,70.51,71.94,21857,0
WANT.US,D,20210730,000000,67.69,69.555,67.25,67.75,56668,0
WANT.US,D,20210802,000000,68.89,69.72,68.085,68.25,27969,0
WANT.US,D,20210803,000000,68.9,69.76,67.62,69.76,14965,0
WANT.US,D,20210804,000000,68.96,69.19,67.7,67.74,17015,0
WANT.US,D,20210805,000000,68.55,69.65,68.32,69.6,15161,0
WANT.US,D,20210806,000000,69.71,69.71,67.96,68.18,14155,0
WANT.US,D,20210809,000000,67.7701,68.2188,67.448,68.15,12521,0
WANT.US,D,20210810,000000,68.36,69.1792,68.36,68.69,17914,0
WANT.US,D,20210811,000000,68.85,69.6,68.48,69.26,10862,0
WANT.US,D,20210812,000000,69.04,69.4,67.88,69.4,14683,0
WANT.US,D,20210813,000000,69.82,69.82,68.45,68.8,11642,0
WANT.US,D,20210816,000000,67.65,67.87,65.795,67.87,42007,0
WANT.US,D,20210817,000000,65.4,65.4,61.5037,63.04,54921,0
WANT.US,D,20210818,000000,63.23,65.55,63.1,63.73,32326,0
WANT.US,D,20210819,000000,62.47,63.1672,61.78,62.57,21914,0
WANT.US,D,20210820,000000,62.9,64.32,62.9,64.31,20746,0
WANT.US,D,20210823,000000,65.27,67.08,65.11,66.89,24710,0
WANT.US,D,20210824,000000,67.52,68.64,67.3,68.15,19953,0
WANT.US,D,20210825,000000,68.1,69.1299,67.76,68.94,14261,0
WANT.US,D,20210826,000000,68.11,68.1665,66.675,67.1,20417,0
WANT.US,D,20210827,000000,67.7,69.06,67.29,68.87,21309,0
WANT.US,D,20210830,000000,69.5974,71,69.5701,70.39,22818,0
WANT.US,D,20210831,000000,70.39,70.835,69.76,70.82,14585,0
WANT.US,D,20210901,000000,71.11,71.87,70.71,70.82,18034,0
WANT.US,D,20210902,000000,71.18,71.92,70.62,70.76,12235,0
WANT.US,D,20210903,000000,70.5,70.72,69.7138,70.72,16265,0
WANT.US,D,20210907,000000,71.03,71.7173,71.03,71.39,15282,0
WANT.US,D,20210908,000000,71.33,72.005,69.9128,71.61,13098,0
WANT.US,D,20210909,000000,72.0938,72.92,71.24,71.3,23910,0
WANT.US,D,20210910,000000,72.37,72.59,69.84,70.01,15696,0
WANT.US,D,20210913,000000,71.16,71.16,68.3831,70.53,19194,0
WANT.US,D,20210914,000000,71.2,71.2,68.83,69.85,12051,0
WANT.US,D,20210915,000000,69.7,71.13,67.81,71.13,12601,0
WANT.US,D,20210916,000000,70.92,72.5,70.9,72.12,14143,0
WANT.US,D,20210917,000000,71.71,72.82,70.82,71.42,10535,0
WANT.US,D,20210920,000000,67.4,67.495,63.94,66.58,26624,0
WANT.US,D,20210921,000000,67.86,67.8998,66.2464,66.89,17225,0
WANT.US,D,20210922,000000,68.22,70.1574,68.09,69.57,15798,0
WANT.US,D,20210923,000000,70.9704,72.21,70.89,71.61,17661,0
WANT.US,D,20210924,000000,70.58,72.49,69.81,72.28,40349,0
WANT.US,D,20210927,000000,71.42,74.01,71.42,73.4,57996,0
WANT.US,D,20210928,000000,72,72.2927,68.65,69.31,19995,0
WANT.US,D,20210929,000000,70.22,71.35,69.29,69.61,19164,0
WANT.US,D,20210930,000000,69.91,69.91,66.09,66.2,49536,0
WANT.US,D,20211001,000000,67.24,68.2,65.0267,67.58,18831,0
WANT.US,D,20211004,000000,68.01,68.21,65.34,66.09,22111,0
WANT.US,D,20211005,000000,66.83,68.2866,66.1901,66.68,13686,0
WANT.US,D,20211006,000000,65.63,67.38,65.25,67.38,24187,0
WANT.US,D,20211007,000000,69.12,71.106,69.12,70.33,29531,0
WANT.US,D,20211008,000000,70.79,70.79,69.335,69.49,18346,0
WANT.US,D,20211011,000000,69.22,70.7,68.58,68.7,11723,0
WANT.US,D,20211012,000000,69.71,70.78,69.68,70.19,6767,0
WANT.US,D,20211013,000000,70.92,71.46,69.93,71.19,10122,0
WANT.US,D,20211014,000000,72.11,73.67,72.11,73.32,31875,0
WANT.US,D,20211015,000000,74.28,76.84,74.28,76.76,75081,0
WANT.US,D,20211018,000000,76.16,79.6931,75.91,79.52,43755,0
WANT.US,D,20211019,000000,79.8,80.43,78.64,78.96,23098,0
WANT.US,D,20211020,000000,79.1,79.68,78.38,78.8,9375,0
WANT.US,D,20211021,000000,78.09,82.3,78.09,82.28,22382,0
WANT.US,D,20211022,000000,82.36,82.36,80.38,81.36,14296,0
WANT.US,D,20211025,000000,83.15,88.4362,82.73,87.32,39051,0
WANT.US,D,20211026,000000,88.46,92.5,86.4,87.43,54547,0
WANT.US,D,20211027,000000,88.74,90.17,87.91,88.08,34235,0
WANT.US,D,20211028,000000,89.92,92.077,89.54,91.54,40316,0
WANT.US,D,20211029,000000,88.26,92.25,87.695,92,31172,0
WANT.US,D,20211101,000000,94.05,97.32,92.5704,97.28,47224,0
WANT.US,D,20211102,000000,95,97,93.94,95.29,49513,0
WANT.US,D,20211103,000000,94.98,100.38,94.98,100.38,42935,0
WANT.US,D,20211104,000000,102.31,105.48,102.22,104.38,47669,0
WANT.US,D,20211105,000000,106.54,108.63,106.1936,106.53,49599,0
WANT.US,D,20211108,000000,103.21,105.6296,101.8801,101.99,64054,0
WANT.US,D,20211109,000000,103.4,103.4,95.33,96.33,78388,0
WANT.US,D,20211110,000000,95.06,98.86,92.2201,95.21,36708,0
WANT.US,D,20211111,000000,97.65,97.65,94.3,94.53,23205,0
WANT.US,D,20211112,000000,94.99,95.62,92.99,95.3,19601,0
WANT.US,D,20211115,000000,96.04,96.04,93.497,95.15,31053,0
WANT.US,D,20211116,000000,95.75,100.09,95.75,99.63,64746,0
WANT.US,D,20211117,000000,100.86,103.08,100.58,101.33,53442,0
WANT.US,D,20211118,000000,103.55,105.272,101.7,104.98,42127,0
WANT.US,D,20211119,000000,104.62,107.018,104.2638,106.29,42043,0
WANT.US,D,20211122,000000,108.38,111.4577,104.3,105.55,83106,0
WANT.US,D,20211123,000000,106.6,107.4,99.03,103.38,61483,0
WANT.US,D,20211124,000000,99.84,104.61,98.3901,103.86,28164,0
WANT.US,D,20211126,000000,99.06,99.3025,94.74,95.63,34254,0
WANT.US,D,20211129,000000,99.5,102.019,98.581,99.92,45665,0
WANT.US,D,20211130,000000,98.47,100.95,94.01,96.05,52752,0
WANT.US,D,20211201,000000,100.06,101.335,90.45,90.59,46555,0
WANT.US,D,20211202,000000,92.08,95.4311,91.13,94.31,29352,0
WANT.US,D,20211203,000000,95.88,95.88,85.93,88.74,58724,0
WANT.US,D,20211206,000000,90.42,93.96,86.179,91.83,28326,0
WANT.US,D,20211207,000000,96.79,99.09,95.8,98.12,41335,0
WANT.US,D,20211208,000000,99.16,99.44,96.8309,99.09,20891,0
WANT.US,D,20211209,000000,97.57,97.9965,93.85,93.94,21674,0
WANT.US,D,20211210,000000,96.03,96.04,91.99,96.04,29591,0
WANT.US,D,20211213,000000,95.03,95.03,87.78,88.74,35743,0
WANT.US,D,20211214,000000,85.24,87.35,83.87,87.04,41878,0
WANT.US,D,20211215,000000,86.01,90.3,82.7671,90.3,30695,0
WANT.US,D,20211216,000000,92.11,92.11,84.23,84.29,33083,0
WANT.US,D,20211217,000000,81.55,85.03,80.585,82.57,21130,0
WANT.US,D,20211220,000000,78.32,78.7,76.06,78.65,51188,0
WANT.US,D,20211221,000000,80.7,84.62,79.7,84.62,35297,0
WANT.US,D,20211222,000000,85.42,89.25,85.35,89.25,28209,0
WANT.US,D,20211223,000000,90.18,93.4808,89.4336,92.66,37776,0
WANT.US,D,20211227,000000,93.02,96.235,93.02,95.38,47280,0
WANT.US,D,20211228,000000,95.84,97,95.24,95.52,35636,0
WANT.US,D,20211229,000000,96.52,96.705,94.67,96.15,21920,0
WANT.US,D,20211230,000000,96.762,97.5836,94.92,95.2,22450,0
WANT.US,D,20211231,000000,94.92,95.9205,94.3,94.44,35599,0
WANT.US,D,20220103,000000,99.25,102.48,98.6,102.41,64482,0
WANT.US,D,20220104,000000,102.63,104.6,99.163,100.7,48534,0
WANT.US,D,20220105,000000,100.02,100.94,92.29,92.33,59514,0
WANT.US,D,20220106,000000,91.88,93.29,87.365,91.59,36002,0
WANT.US,D,20220107,000000,91.7,92.46,86.87,87.15,32675,0
WANT.US,D,20220110,000000,83.51,85.54,78.37,85.52,61002,0
WANT.US,D,20220111,000000,86,88.33,83.2481,88.33,30120,0
WANT.US,D,20220112,000000,90.14,91.19,87.58,89.72,35037,0
WANT.US,D,20220113,000000,90.86,91.485,83.7453,84.35,38239,0
WANT.US,D,20220114,000000,82.31,84.11,79.83,83.2,27736,0
WANT.US,D,20220118,000000,79.94,80.4,77.8,78.41,46989,0
WANT.US,D,20220119,000000,79.01,79.515,74.055,74.16,33881,0
WANT.US,D,20220120,000000,75.77,78.31,69.76,70.16,34158,0
WANT.US,D,20220121,000000,68.84,69.665,63.77,63.77,49576,0
WANT.US,D,20220124,000000,59.92,66.51,55.49,66.51,89363,0
WANT.US,D,20220125,000000,62.65,65.3392,60.6058,63.09,50100,0
WANT.US,D,20220126,000000,67.42,67.8987,59.56,62.29,50844,0
WANT.US,D,20220127,000000,64.25,64.25,57.4,57.61,30253,0
WANT.US,D,20220128,000000,57.68,61.32,55,61.32,30571,0
WANT.US,D,20220131,000000,61.94,68.57,61.6701,68.57,28223,0
WANT.US,D,20220201,000000,69.08,69.875,65.77,69.78,32477,0
WANT.US,D,20220202,000000,71.24,71.24,66.585,68.35,23218,0
WANT.US,D,20220203,000000,63.4,66.57,61.74,62.03,38867,0
WANT.US,D,20220204,000000,66.26,69.4299,64,67.15,46329,0
WANT.US,D,20220207,000000,68.22,70.06,66.15,66.98,29895,0
WANT.US,D,20220208,000000,66.03,70,65.855,69.8,30308,0
WANT.US,D,20220209,000000,72.41,73.5492,71.65,72.27,29823,0
WANT.US,D,20220210,000000,68.94,72.78,67.455,68.73,37561,0
WANT.US,D,20220211,000000,69.01,69.54,61.87,63.01,37036,0
WANT.US,D,20220214,000000,62.74,66.0728,61.9501,63.9,22031,0
WANT.US,D,20220215,000000,66.54,68.15,66.54,68.05,23259,0
WANT.US,D,20220216,000000,66.66,69.1599,66.0952,68.59,16532,0
WANT.US,D,20220217,000000,66.91,67.92,62.8921,63.23,20528,0
WANT.US,D,20220218,000000,63.23,63.85,60.04,62.21,22207,0
WANT.US,D,20220222,000000,59.88,60.75,54.5,56.72,47330,0
WANT.US,D,20220223,000000,57.59,57.95,50.67,50.98,42842,0
WANT.US,D,20220224,000000,44.85,54.349,44.6842,54.21,67262,0
WANT.US,D,20220225,000000,55.13,57.6,52.9901,57.6,27327,0
WANT.US,D,20220228,000000,56.01,59.1264,55.5,58.82,18517,0
WANT.US,D,20220301,000000,58.78,58.83,54.86,56.16,18749,0
WANT.US,D,20220302,000000,58.35,60.27,56.5,59.72,13834,0
WANT.US,D,20220303,000000,60.49,60.57,54.89,55.48,37863,0
WANT.US,D,20220304,000000,54.47,54.87,51.46,52.95,23210,0
WANT.US,D,20220307,000000,52.88,53.47,45.17,45.31,37029,0
WANT.US,D,20220308,000000,45.18,49.36,43.86,45.55,49015,0
WANT.US,D,20220309,000000,49.3,50.26,48.49,49.61,26575,0
WANT.US,D,20220310,000000,49.25,51.04,48.53,50.91,15960,0
WANT.US,D,20220311,000000,51.94,51.94,47.83,47.9,19109,0
WANT.US,D,20220314,000000,48,48.7582,44.6683,45.55,24980,0
WANT.US,D,20220315,000000,46.32,50.2965,46.1,49.98,20844,0
WANT.US,D,20220316,000000,52.12,55.15,50.87,55.15,39684,0
WANT.US,D,20220317,000000,54.22,57.88,54.22,57.7,26987,0
WANT.US,D,20220318,000000,56.91,61.67,56.77,61.38,30104,0
WANT.US,D,20220321,000000,62.11,62.325,58.375,60.14,21997,0
WANT.US,D,20220322,000000,61.68,65,61.66,64.19,32586,0
WANT.US,D,20220323,000000,63.28,64.8937,61.89,62.11,32227,0
WANT.US,D,20220324,000000,63.21,63.55,61.313,63.35,9744,0
WANT.US,D,20220325,000000,64.1,64.1,61.83,63.06,14246,0
WANT.US,D,20220328,000000,65,68.12,65,67.95,41172,0
WANT.US,D,20220329,000000,70.85,72.3,69.8,71.32,52497,0
WANT.US,D,20220330,000000,70.84,70.84,67.44,68.32,30112,0
WANT.US,D,20220331,000000,68.86,68.86,64.77,64.79,18941,0
WANT.US,D,20220401,000000,65.12,65.8572,63.9322,64.85,12169,0
WANT.US,D,20220404,000000,64.86,69.05,64.189,68.89,20995,0
WANT.US,D,20220405,000000,68.55,68.55,63.8,64.35,13221,0
WANT.US,D,20220406,000000,61.71,61.71,57.82,59.45,34704,0
WANT.US,D,20220407,000000,59.58,60.69,56.9611,60.29,11990,0
WANT.US,D,20220408,000000,59.6,60.2299,58.34,58.52,9918,0
WANT.US,D,20220411,000000,56.01,58.1182,55.05,55.26,25402,0
WANT.US,D,20220412,000000,57.28,59.0148,55.06,55.74,47561,0
WANT.US,D,20220413,000000,55.43,60.1,55.43,59.82,74037,0
WANT.US,D,20220414,000000,58.99,59.33,57.19,57.3,18726,0
WANT.US,D,20220418,000000,57,58.5899,56.1318,57.9,15797,0
WANT.US,D,20220419,000000,58.24,62.99,58.24,62.88,23898,0
WANT.US,D,20220420,000000,63.73,63.73,60.361,60.49,29476,0
WANT.US,D,20220421,000000,65.69,66.3296,58.365,58.81,42606,0
WANT.US,D,20220422,000000,57.96,58.2167,54.485,54.71,17547,0
WANT.US,D,20220425,000000,53.01,55.59,52.155,55.59,24930,0
WANT.US,D,20220426,000000,54.28,54.28,47.33,47.4,29717,0
WANT.US,D,20220427,000000,48.02,49.765,46.59,47.27,26169,0
WANT.US,D,20220428,000000,48.91,51.1536,45.7339,50.02,50324,0
WANT.US,D,20220429,000000,46.57,48.1499,42.23,42.55,38239,0
WANT.US,D,20220502,000000,42.38,44.47,40.373,44.47,58216,0
WANT.US,D,20220503,000000,44.2,44.58,43,44.03,23993,0
WANT.US,D,20220504,000000,43.73,47.95,41.9146,47.89,34459,0
WANT.US,D,20220505,000000,45.81,45.81,38.496,39.8,39306,0
WANT.US,D,20220506,000000,39.02,40.1901,36.3601,38.44,35483,0
WANT.US,D,20220509,000000,35.64,37.1,33.0008,33.46,107673,0
WANT.US,D,20220510,000000,35.66,36.0354,31.69,33.12,43310,0
WANT.US,D,20220511,000000,32.48,33.61,29.2826,29.59,39847,0
WANT.US,D,20220512,000000,28.1,31.89,27.48,30.17,72448,0
WANT.US,D,20220513,000000,32.13,34,31.54,33.74,47835,0
WANT.US,D,20220516,000000,33.43,33.43,31.3275,31.47,19684,0
WANT.US,D,20220517,000000,33.34,33.88,31.4401,33.85,22994,0
WANT.US,D,20220518,000000,31.17,31.17,26.53,27.31,73534,0
WANT.US,D,20220519,000000,26.58,28.6,26.2437,27.32,37337,0
WANT.US,D,20220520,000000,27.75,27.81,23.5901,25.82,54710,0
WANT.US,D,20220523,000000,26.2,26.44,24.53,26.41,40430,0
WANT.US,D,20220524,000000,25.21,25.21,23.4301,24.43,19522,0
WANT.US,D,20220525,000000,23.81,27.0302,23.81,26.46,459322,0
WANT.US,D,20220526,000000,27.69,30.8247,27.69,30.29,160728,0
WANT.US,D,20220527,000000,31.39,33.39,31.39,33.39,158424,0
WANT.US,D,20220531,000000,33.33,34.84,31.98,33.96,120583,0
WANT.US,D,20220601,000000,34.8,35.08,32.22,32.89,221218,0
WANT.US,D,20220602,000000,33.03,35.94,32.69,35.89,68476,0
WANT.US,D,20220603,000000,33.98,34.46,32.38,32.76,98189,0
WANT.US,D,20220606,000000,34.24,34.8886,33.14,33.74,53783,0
WANT.US,D,20220607,000000,31.6,33.71,31.05,33.47,81729,0
WANT.US,D,20220608,000000,33,34.105,32.7115,32.88,61148,0
WANT.US,D,20220609,000000,32.69,33.98,31.08,31.1,45641,0
WANT.US,D,20220610,000000,29.14,29.59,27.06,27.37,52644,0
WANT.US,D,20220613,000000,24.59,25.13,23,23.55,56492,0
WANT.US,D,20220614,000000,23.9,24.12,22.93,23.43,42740,0
WANT.US,D,20220615,000000,23.93,26.22,23.93,25.45,143894,0
WANT.US,D,20220616,000000,23.37,23.37,20.8301,21.73,75025,0
WANT.US,D,20220617,000000,21.75,22.92,21.5493,22.44,23390,0
WANT.US,D,20220621,000000,23.71,25,23.59,24.29,38585,0
WANT.US,D,20220622,000000,23.34,25.5937,23.3,24.21,30968,0
WANT.US,D,20220623,000000,24.61,25.48,23.79,25.3,46246,0
WANT.US,D,20220624,000000,26.04,28.12,26.04,28.12,64762,0
WANT.US,D,20220627,000000,28.6,28.7,27.04,27.28,58789,0
WANT.US,D,20220628,000000,27.55,28.3717,24.03,24.1,57508,0
WANT.US,D,20220629,000000,23.92,24.1956,23.23,23.99,9412,0
WANT.US,D,20220630,000000,23,23.62,21.558,22.86,30524,0
WANT.US,D,20220701,000000,22.89,24.2,22.75,24.2,59739,0
WANT.US,D,20220705,000000,23.09,25.785,22.63,25.75,99446,0
WANT.US,D,20220706,000000,25.59,26.34,24.68,25.5,112916,0
WANT.US,D,20220707,000000,25.94,27.57,25.755,27.49,66865,0
WANT.US,D,20220708,000000,26.8,28.08,26.5,27.52,62638,0
WANT.US,D,20220711,000000,27.14,27.14,25.055,25.26,49028,0
WANT.US,D,20220712,000000,25.23,26.3102,24.465,24.76,35256,0
WANT.US,D,20220713,000000,23.39,25.99,22.95,25.4,68107,0
WANT.US,D,20220714,000000,24.29,25.4295,23.7166,25.31,33671,0
WANT.US,D,20220715,000000,26.22,26.8113,26,26.5,55686,0
WANT.US,D,20220718,000000,27.35,28.5434,26.5,26.77,51958,0
WANT.US,D,20220719,000000,27.88,29.33,27.335,29.15,36266,0
WANT.US,D,20220720,000000,29.18,30.7729,29.18,30.59,80160,0
WANT.US,D,20220721,000000,31.08,32.77,30.53,32.73,92285,0
WANT.US,D,20220722,000000,33.02,34.08,31.55,32.13,79975,0
WANT.US,D,20220725,000000,32.19,32.19,30.7501,31.31,56285,0
WANT.US,D,20220726,000000,29.38,29.55,28.1201,28.26,58704,0
WANT.US,D,20220727,000000,29.34,31.8777,29.23,31.51,66304,0
WANT.US,D,20220728,000000,31.71,33.12,30.67,33.06,68820,0
WANT.US,D,20220729,000000,35.51,37.3399,34.73,37,210953,0
WANT.US,D,20220801,000000,36.98,39.0125,36.515,37.54,130908,0
WANT.US,D,20220802,000000,36.7,38.7,36.41,36.71,73258,0
WANT.US,D,20220803,000000,38,39.89,37.8406,39.41,88269,0
WANT.US,D,20220804,000000,39.93,40.34,39.02,39.87,75070,0
WANT.US,D,20220805,000000,38.21,39.56,37.3,37.78,114766,0
WANT.US,D,20220808,000000,38.95,40.75,38.0011,38.34,72619,0
WANT.US,D,20220809,000000,37.67,37.73,35.83,36.43,58161,0
WANT.US,D,20220810,000000,39.58,40.1299,38.5691,39.55,94713,0
WANT.US,D,20220811,000000,40.82,41.03,38.57,38.92,75158,0
WANT.US,D,20220812,000000,39.8,41.595,39,41.57,70008,0
WANT.US,D,20220815,000000,41.31,42.82,41.18,42.46,82361,0
WANT.US,D,20220816,000000,42.79,45.1799,42.19,43.91,109377,0
WANT.US,D,20220817,000000,42.12,43.72,41.58,42.47,84944,0
WANT.US,D,20220818,000000,42.35,42.5,41.5901,42.39,60834,0
WANT.US,D,20220819,000000,41.1,41.25,39.3291,39.72,43142,0
WANT.US,D,20220822,000000,37.84,37.84,36.14,36.42,83439,0
WANT.US,D,20220823,000000,36.23,37.455,36.23,36.72,24633,0
WANT.US,D,20220824,000000,36.4,38.1699,36.28,37.19,33399,0
WANT.US,D,20220825,000000,38.11,38.6143,37.0149,38.45,62044,0
WANT.US,D,20220826,000000,38.41,38.81,34.0699,34.11,59176,0
WANT.US,D,20220829,000000,32.81,34.26,32.81,33.44,65334,0
WANT.US,D,20220830,000000,34.23,34.52,31.39,32.4,46892,0
WANT.US,D,20220831,000000,33,33.01,31.44,31.47,94886,0
WANT.US,D,20220901,000000,30.64,32.3284,29.9,32.23,84441,0
WANT.US,D,20220902,000000,33.18,33.62,30.88,31.45,48601,0
WANT.US,D,20220906,000000,31.99,31.99,29.84,31.19,35790,0
WANT.US,D,20220907,000000,31.16,34.13,31.16,34,82354,0
WANT.US,D,20220908,000000,33.14,34.97,32.75,34.94,80375,0
WANT.US,D,20220909,000000,35.8,37.06,35.7305,36.97,80914,0
WANT.US,D,20220912,000000,37.68,38.733,37.65,38.34,76897,0
WANT.US,D,20220913,000000,34.59,35.16,32.19,32.45,111623,0
WANT.US,D,20220914,000000,32.93,34.0872,32.395,33.74,57694,0
WANT.US,D,20220915,000000,33.29,35.1068,32.7279,33.15,88627,0
WANT.US,D,20220916,000000,31.5,32.4,30.95,32.36,46977,0
WANT.US,D,20220919,000000,31.45,33.7022,31.45,33.69,45100,0
WANT.US,D,20220920,000000,32.75,32.97,31.3,31.95,23021,0
WANT.US,D,20220921,000000,32.41,32.639,29.73,29.73,33395,0
WANT.US,D,20220922,000000,29.29,29.3954,27.33,27.64,37264,0
WANT.US,D,20220923,000000,26.36,26.48,24.84,25.69,80115,0
WANT.US,D,20220926,000000,25.5,27.1,25.5,25.57,51629,0
WANT.US,D,20220927,000000,26.53,27.41,25,25.73,57822,0
WANT.US,D,20220928,000000,26,28.22,25.7146,27.84,68709,0
WANT.US,D,20220929,000000,26.52,26.52,24.27,25,49892,0
WANT.US,D,20220930,000000,24.34,25.5,23.28,23.57,38123,0
WANT.US,D,20221003,000000,23.48,24.125,22.3987,23.51,71125,0
WANT.US,D,20221004,000000,25.36,26.66,25.0767,25.95,111845,0
WANT.US,D,20221005,000000,24.59,25.755,23.9492,25.5,44928,0
WANT.US,D,20221006,000000,25.19,25.9885,24.79,24.93,33836,0
WANT.US,D,20221007,000000,23.74,23.74,21.98,22.27,57486,0
WANT.US,D,20221010,000000,22.33,22.49,21.2801,21.95,47274,0
WANT.US,D,20221011,000000,21.49,22.66,21,21.42,36350,0
WANT.US,D,20221012,000000,21.39,21.875,21.0501,21.57,23381,0
WANT.US,D,20221013,000000,19.65,22.6,19.0516,22.28,72664,0
WANT.US,D,20221014,000000,23,23,19.65,19.77,40260,0
WANT.US,D,20221017,000000,21.09,22.28,21.06,22.18,56812,0
WANT.US,D,20221018,000000,24.44,24.44,22.41,23.02,116063,0
WANT.US,D,20221019,000000,22.53,22.9,21.68,22.24,57408,0
WANT.US,D,20221020,000000,21.53,22.555,20.77,21,49215,0
WANT.US,D,20221021,000000,20.82,22.819,20.82,22.75,52797,0
WANT.US,D,20221024,000000,22.6,23.23,21.4912,23.03,38934,0
WANT.US,D,20221025,000000,23.08,24.96,23.08,24.77,58812,0
WANT.US,D,20221026,000000,24.6176,25.57,23.78,24.17,58225,0
WANT.US,D,20221027,000000,24.43,24.88,23.69,23.93,41505,0
WANT.US,D,20221028,000000,21.91,24.04,21.5128,23.99,58900,0
WANT.US,D,20221031,000000,23.42,23.97,22.84,23.53,17484,0
WANT.US,D,20221101,000000,24.56,24.6956,22.674,22.71,21881,0
WANT.US,D,20221102,000000,22.67,23.06,20.18,20.21,48615,0
WANT.US,D,20221103,000000,19.85,20.405,19.5,19.82,26700,0
WANT.US,D,20221104,000000,21,21.6564,19.26,20.32,55454,0
WANT.US,D,20221107,000000,20.72,20.72,19.2601,19.87,48869,0
WANT.US,D,20221108,000000,19.81,20.42,18.9,19.66,74794,0
WANT.US,D,20221109,000000,19.44,19.5833,17.84,17.89,62380,0
WANT.US,D,20221110,000000,20.43,21.86,20.11,21.75,101738,0
WANT.US,D,20221111,000000,22.02,23.71,21.8,23.4,99930,0
WANT.US,D,20221114,000000,22.69,23.3099,22.185,22.28,64083,0
WANT.US,D,20221115,000000,23.85,24.0726,22.41,23.11,96617,0
WANT.US,D,20221116,000000,21.98,22.57,21.51,22.09,60988,0
WANT.US,D,20221117,000000,20.99,21.36,20.7,21.24,38704,0
WANT.US,D,20221118,000000,22,22,20.635,21.37,29097,0
WANT.US,D,20221121,000000,21.03,21.11,20.1,20.41,34264,0
WANT.US,D,20221122,000000,20.58,21.12,20.275,21.1,72071,0
WANT.US,D,20221123,000000,21.11,22.09,21.11,22.05,147231,0
WANT.US,D,20221125,000000,21.94,22.17,21.67,22.05,51846,0
WANT.US,D,20221128,000000,21.79,22.34,21.49,21.6,98821,0
WANT.US,D,20221129,000000,21.66,21.78,21.17,21.41,36678,0
WANT.US,D,20221130,000000,21.55,23.55,21,23.55,168697,0
WANT.US,D,20221201,000000,23.75,24,23.05,23.55,68705,0
WANT.US,D,20221202,000000,22.42,23.52,22.42,23.49,42544,0
WANT.US,D,20221205,000000,22.6,22.71,21.25,21.44,124866,0
WANT.US,D,20221206,000000,21.35,21.35,19.86,20.42,65527,0
WANT.US,D,20221207,000000,20.09,20.4269,19.816,20.06,33973,0
WANT.US,D,20221208,000000,20.11,20.7435,19.9301,20.63,48168,0
WANT.US,D,20221209,000000,20.15,20.9025,20.15,20.34,24438,0
WANT.US,D,20221212,000000,20.2,20.48,19.82,20.48,39214,0
WANT.US,D,20221213,000000,22.89,22.89,19.88,20.5,107837,0
WANT.US,D,20221214,000000,20.34,20.8,19.3409,20.05,45276,0
WANT.US,D,20221215,000000,19,19.26,18.59,19.06,82120,0
WANT.US,D,20221216,000000,18.52,18.85,17.65,17.94,114676,0
WANT.US,D,20221219,000000,18,18,16.86,17.07,77982,0
WANT.US,D,20221220,000000,16.8,17.17,16.42,16.48,64361,0
WANT.US,D,20221221,000000,17.15,17.47,16.86,17.26,71015,0
WANT.US,D,20221222,000000,16.68,16.68,15.205,15.91,132339,0
WANT.US,D,20221223,000000,15.81,16.3,15.4333,16.23,47679,0
WANT.US,D,20221227,000000,15.92,15.94,15.38,15.42,43845,0
WANT.US,D,20221228,000000,15.36,15.7453,14.9453,15.03,60048,0
WANT.US,D,20221229,000000,15.54,16.2521,15.5,16.18,96189,0
WANT.US,D,20221230,000000,15.59,16.03,15.47,16.03,58918,0
WANT.US,D,20230103,000000,16.21,16.43,15.245,15.73,68263,0
WANT.US,D,20230104,000000,16.14,16.65,15.6646,16.42,45056,0
WANT.US,D,20230105,000000,16.04,16.19,15.58,15.97,116951,0
WANT.US,D,20230106,000000,15.81,17.23,15.52,17.07,72515,0
WANT.US,D,20230109,000000,17.53,18.155,17.345,17.38,107468,0
WANT.US,D,20230110,000000,17.23,18,17.16,17.98,34146,0
WANT.US,D,20230111,000000,18.3,19.48,18.3,19.43,129731,0
WANT.US,D,20230112,000000,19.84,19.84,18.62,19.53,132585,0
WANT.US,D,20230113,000000,18.55,20.11,18.55,20.1,65285,0
WANT.US,D,20230117,000000,20.18,20.59,19.98,20.14,71419,0
WANT.US,D,20230118,000000,20.65,21.08,19.3,19.37,119705,0
WANT.US,D,20230119,000000,18.87,19.02,18.1,18.37,71028,0
WANT.US,D,20230120,000000,18.55,19.69,18.2615,19.69,115461,0
WANT.US,D,20230123,000000,19.89,20.75,19.63,20.6,140456,0
WANT.US,D,20230124,000000,20.27,20.752,19.95,20.47,50962,0
WANT.US,D,20230125,000000,19.46,20.84,19.11,20.84,63409,0
WANT.US,D,20230126,000000,21.72,22.2591,21.3,22.1,96948,0
WANT.US,D,20230127,000000,21.95,24.07,21.95,23.55,177363,0
WANT.US,D,20230130,000000,23.01,23.3538,22.33,22.4,92227,0
WANT.US,D,20230131,000000,22.51,23.91,22.51,23.91,87306,0
WANT.US,D,20230201,000000,23.9,25.82,23.03,25.21,106623,0
WANT.US,D,20230202,000000,26.6,28.45,26.55,27.6,157445,0
WANT.US,D,20230203,000000,25.17,26.82,24.67,25.02,117271,0
WANT.US,D,20230206,000000,24.56,25.21,24.27,24.9,91587,0
WANT.US,D,20230207,000000,24.78,25.1292,23.29,25.06,100708,0
WANT.US,D,20230208,000000,24.73,24.96,23.91,24.4,26707,0
WANT.US,D,20230209,000000,25.4,25.8599,23.92,24.28,66663,0
WANT.US,D,20230210,000000,23.58,23.834,22.87,23.4,41648,0
WANT.US,D,20230213,000000,23.4,24.44,23.0182,24.44,31886,0
WANT.US,D,20230214,000000,23.79,25.412,23.5417,25.28,79736,0
WANT.US,D,20230215,000000,24.79,26.16,24.79,26.12,61595,0
WANT.US,D,20230216,000000,25.17,25.957,24.46,24.47,73846,0
WANT.US,D,20230217,000000,23.91,24.45,23.2468,24.45,48721,0
WANT.US,D,20230221,000000,23.15,23.4455,21.91,21.91,56414,0
WANT.US,D,20230222,000000,22.3,22.62,21.7901,22.33,24056,0
WANT.US,D,20230223,000000,22.4699,22.4699,21.14,22.23,40502,0
WANT.US,D,20230224,000000,21.04,21.21,20.6,21.18,44677,0
WANT.US,D,20230227,000000,21.73,22.332,21.71,21.94,55998,0
WANT.US,D,20230228,000000,22.05,22.29,21.64,21.96,62012,0
WANT.US,D,20230301,000000,21.66,21.78,20.68,21.07,40871,0
WANT.US,D,20230302,000000,19.89,20.87,19.82,20.87,51294,0
WANT.US,D,20230303,000000,21.25,22.18,21.25,22.17,42006,0
WANT.US,D,20230306,000000,22.35,22.5,21.65,21.69,74213,0
WANT.US,D,20230307,000000,21.67,21.78,20.74,20.79,30673,0
WANT.US,D,20230308,000000,20.63,20.67,20.13,20.67,16554,0
WANT.US,D,20230309,000000,20.49,21.15,19.135,19.2,48046,0
WANT.US,D,20230310,000000,19.38,19.8483,18.39,18.62,173071,0
WANT.US,D,20230313,000000,18,19.32,17.58,18.67,175553,0
WANT.US,D,20230314,000000,19.59,19.74,18.9404,19.66,121188,0
WANT.US,D,20230315,000000,18.68,19.56,18.43,19.56,73498,0
WANT.US,D,20230316,000000,19.04,20.7874,19.04,20.59,49222,0
WANT.US,D,20230317,000000,20.4788,20.53,19.26,19.8,33873,0
WANT.US,D,20230320,000000,19.63,20.39,19.342,20.05,30214,0
WANT.US,D,20230321,000000,20.78,21.6999,20.78,21.59,57334,0
WANT.US,D,20230322,000000,21.74,22.014,20.13,20.19,38913,0
WANT.US,D,20230323,000000,20.75,21.2866,19.6101,20,49973,0
WANT.US,D,20230324,000000,19.78,19.995,19.1921,19.92,49292,0
WANT.US,D,20230327,000000,20.52,20.56,19.8101,20.04,67213,0
WANT.US,D,20230328,000000,19.99,20.02,19.59,19.95,18356,0
WANT.US,D,20230329,000000,20.41,21.04,20.41,21.02,36179,0
WANT.US,D,20230330,000000,21.7,21.87,21.4,21.61,55454,0
WANT.US,D,20230331,000000,21.99,23.33,21.99,23.28,107474,0
WANT.US,D,20230403,000000,22.86,23,22.29,22.69,70316,0
WANT.US,D,20230404,000000,22.79,22.94,22.1306,22.53,33374,0
WANT.US,D,20230405,000000,22.19,22.2445,21.055,21.19,45320,0
WANT.US,D,20230406,000000,21,21.19,20.2562,21.15,39317,0
WANT.US,D,20230410,000000,20.55,21.46,20.12,21.46,38620,0
WANT.US,D,20230411,000000,21.61,21.81,21.248,21.52,58305,0
WANT.US,D,20230412,000000,21.97,22.0633,20.46,20.55,64381,0
WANT.US,D,20230413,000000,20.97,21.89,20.9359,21.86,53745,0
WANT.US,D,20230414,000000,21.61,22.32,21.4,21.95,72461,0
WANT.US,D,20230417,000000,22.18,22.5,21.76,22.4,26566,0
WANT.US,D,20230418,000000,22.69,22.82,22.2601,22.47,20526,0
WANT.US,D,20230419,000000,21.84,22.7,21.84,22.43,28262,0
WANT.US,D,20230420,000000,21.32,21.93,21.1101,21.4,68641,0
WANT.US,D,20230421,000000,21.78,22.3,21.47,22.08,40379,0
WANT.US,D,20230424,000000,22.25,22.55,21.5,22.06,71428,0
WANT.US,D,20230425,000000,21.54,21.665,20.71,20.72,34562,0
WANT.US,D,20230426,000000,20.88,21.19,20.345,20.42,32027,0
WANT.US,D,20230427,000000,20.78,22.09,20.78,22.02,64895,0
WANT.US,D,20230428,000000,21.53,22.189,21.111,22.17,30236,0
WANT.US,D,20230501,000000,21.88,22.01,21.45,21.52,17894,0
WANT.US,D,20230502,000000,21.33,21.57,20.8,21.57,19586,0
WANT.US,D,20230503,000000,21.23,22.02,21,21.08,26546,0
WANT.US,D,20230504,000000,20.98,21.13,20.4901,20.58,22571,0
WANT.US,D,20230505,000000,21,21.88,21,21.77,21510,0
WANT.US,D,20230508,000000,22.07,22.07,21.65,22.01,13403,0
WANT.US,D,20230509,000000,21.6001,21.99,21.53,21.98,7644,0
WANT.US,D,20230510,000000,22.5822,22.86,21.59,22.25,38459,0
WANT.US,D,20230511,000000,22.2,22.6495,22.15,22.6,17749,0
WANT.US,D,20230512,000000,22.695,22.98,21.58,22.01,155657,0
WANT.US,D,20230515,000000,22,22.1359,21.48,22.08,36001,0
WANT.US,D,20230516,000000,21.52,22.35,21.52,21.8,38207,0
WANT.US,D,20230517,000000,22.24,23.1834,22.24,23.11,52879,0
WANT.US,D,20230518,000000,23.2,24.1989,23.2,24.18,65821,0
WANT.US,D,20230519,000000,24,24,23.21,23.59,42342,0
WANT.US,D,20230522,000000,23.71,23.74,23.17,23.38,27764,0
WANT.US,D,20230523,000000,22.87,23.57,22.59,22.72,86481,0
WANT.US,D,20230524,000000,22.45,22.69,22.035,22.5,24969,0
WANT.US,D,20230525,000000,22.32,22.426,21.98,22.16,25416,0
WANT.US,D,20230526,000000,22.21,24.13,22.21,23.57,134854,0
WANT.US,D,20230530,000000,24.33,24.63,23.7,24.14,72189,0
WANT.US,D,20230531,000000,23.8,23.8,22.54,23.52,71572,0
WANT.US,D,20230601,000000,23.51,24.6,22.92,24.28,78070,0
WANT.US,D,20230602,000000,25.13,26.2659,25.13,26.02,235846,0
WANT.US,D,20230605,000000,26.02,26.49,25.7704,26.2,85171,0
WANT.US,D,20230606,000000,25.93,27.12,25.93,27,106297,0
WANT.US,D,20230607,000000,27.66,27.8499,26.3455,26.5,80915,0
WANT.US,D,20230608,000000,26.89,27.7099,26.7363,27.66,98736,0
WANT.US,D,20230609,000000,28.36,29.1183,27.91,28.09,149969,0
WANT.US,D,20230612,000000,28.57,29.5851,28.325,29.5,100706,0
WANT.US,D,20230613,000000,30.23,30.3899,29.4411,30.37,183338,0
WANT.US,D,20230614,000000,30.41,30.76,29.19,30.33,124850,0
WANT.US,D,20230615,000000,29.52,31.08,29.47,30.9,73478,0
WANT.US,D,20230616,000000,31.61,31.61,30.73,30.81,155271,0
WANT.US,D,20230620,000000,30.62,31.51,30.31,31.48,42400,0
WANT.US,D,20230621,000000,31.1,31.53,30.15,30.3,65057,0
WANT.US,D,20230622,000000,29.85,31.41,29.58,31.41,51194,0
WANT.US,D,20230623,000000,30.36,31.0826,29.9506,30.28,59661,0
WANT.US,D,20230626,000000,29.67,30.98,29.05,29.12,46294,0
WANT.US,D,20230627,000000,29.4,31.1,29.4,31.02,124362,0
WANT.US,D,20230628,000000,30.63,32.01,30.63,31.38,90993,0
WANT.US,D,20230629,000000,31.64,31.7,30.8801,31.45,42956,0
WANT.US,D,20230630,000000,32.31,32.845,31.985,32.55,63175,0
WANT.US,D,20230703,000000,33.75,34.2936,33.65,33.83,53278,0
WANT.US,D,20230705,000000,33.42,33.9,33.17,33.73,49603,0
WANT.US,D,20230706,000000,32.24,32.65,31.688,32.16,66446,0
WANT.US,D,20230707,000000,31.9,33.16,31.9,32.25,50910,0
WANT.US,D,20230710,000000,32,32.5291,31.69,32.51,110249,0
WANT.US,D,20230711,000000,32.84,33.425,32.75,33.31,35151,0
WANT.US,D,20230712,000000,34.36,34.75,33.99,34.23,57712,0
WANT.US,D,20230713,000000,34.99,35.37,34.4101,35.11,77601,0
WANT.US,D,20230714,000000,34.88,35.645,34.88,35.41,34463,0
WANT.US,D,20230717,000000,35.65,35.99,35.41,35.76,38137,0
WANT.US,D,20230718,000000,35.6,36.4189,35.04,36.16,40088,0
WANT.US,D,20230719,000000,36.49,37.03,36.38,36.52,39113,0
WANT.US,D,20230720,000000,35.5,35.5,32.66,32.85,116920,0
WANT.US,D,20230721,000000,33.9,33.9,32.45,32.86,51359,0
WANT.US,D,20230724,000000,32.61,33.56,32.3675,33.5,33812,0
WANT.US,D,20230725,000000,33.46,33.5401,33,33.25,20993,0
WANT.US,D,20230726,000000,32.26,33.385,32.26,33.24,31750,0
WANT.US,D,20230727,000000,34.29,34.3599,31.9401,32.18,55254,0
WANT.US,D,20230728,000000,33.23,33.9918,32.92,33.83,44227,0
WANT.US,D,20230731,000000,34.06,34.3,33.67,34.3,28216,0
WANT.US,D,20230801,000000,33.65,33.725,33.09,33.17,23233,0
WANT.US,D,20230802,000000,32.28,32.28,31.1501,31.4,45316,0
WANT.US,D,20230803,000000,30.89,31.75,30.595,31.57,35235,0
WANT.US,D,20230804,000000,34.04,34.6189,32.81,32.93,68465,0
WANT.US,D,20230807,000000,33.28,33.94,32.4722,33.91,26232,0
WANT.US,D,20230808,000000,32.56,33.1686,32.095,33.07,38670,0
WANT.US,D,20230809,000000,32.94,32.94,31.75,31.93,17892,0
WANT.US,D,20230810,000000,32.78,33.5381,31.81,32.1,37563,0
WANT.US,D,20230811,000000,31.5,31.89,31,31.76,44000,0
WANT.US,D,20230814,000000,31.34,32.01,31,32.01,38692,0
WANT.US,D,20230815,000000,31.51,32.039,30.56,30.71,27379,0
WANT.US,D,20230816,000000,30.49,30.83,29.5,29.57,69100,0
WANT.US,D,20230817,000000,29.7,29.7,27.99,28.07,108320,0
WANT.US,D,20230818,000000,27.03,27.94,26.89,27.83,41748,0
WANT.US,D,20230821,000000,28.02,28.836,27.8517,28.77,38893,0
WANT.US,D,20230822,000000,29.505,29.51,28.64,28.89,39591,0
WANT.US,D,20230823,000000,28.5998,29.72,28.42,29.6,36442,0
WANT.US,D,20230824,000000,29.8,29.8,27.78,27.78,20401,0
WANT.US,D,20230825,000000,28.52,28.86,27.44,28.72,27376,0
WANT.US,D,20230828,000000,29.21,29.3,28.5469,29.07,26854,0
WANT.US,D,20230829,000000,28.84,31.25,28.84,31.16,33785,0
WANT.US,D,20230830,000000,30.99,31.9063,30.9,31.53,24559,0
WANT.US,D,20230831,000000,31.51,32.3449,31.51,31.86,39797,0
WANT.US,D,20230901,000000,32.47,32.47,30.81,31.33,39315,0
WANT.US,D,20230905,000000,31.02,31.5,30.66,31.27,23732,0
WANT.US,D,20230906,000000,30.75,30.75,29.8338,30.44,21623,0
WANT.US,D,20230907,000000,29.4,30.753,29.28,30.7,26784,0
WANT.US,D,20230908,000000,30.34,31.3,30.34,30.7,12550,0
WANT.US,D,20230911,000000,31.96,33.27,31.96,33.12,57886,0
WANT.US,D,20230912,000000,32.57,33.4533,32.23,32.25,32956,0
WANT.US,D,20230913,000000,32.62,33.18,32.2914,32.94,23388,0
WANT.US,D,20230914,000000,33.27,34.17,32.93,33.91,36452,0
WANT.US,D,20230915,000000,33.7,33.7,31.95,32.2,40104,0
WANT.US,D,20230918,000000,31.84,31.95,31.04,31.15,22445,0
WANT.US,D,20230919,000000,30.605,30.7262,29.84,30.65,21568,0
WANT.US,D,20230920,000000,30.97,31.25,29.64,29.74,23665,0
WANT.US,D,20230921,000000,28.62,28.62,27.19,27.26,44148,0
WANT.US,D,20230922,000000,27.75,27.83,26.4038,26.45,25025,0
WANT.US,D,20230925,000000,26.34,26.92,25.91,26.91,42915,0
WANT.US,D,20230926,000000,26.08,26.53,25.28,25.45,22240,0
WANT.US,D,20230927,000000,25.64,25.6762,24.3,25.14,22961,0
WANT.US,D,20230928,000000,24.83,26.15,24.72,25.94,23980,0
WANT.US,D,20230929,000000,27,27.2138,26.03,26.35,48047,0
WANT.US,D,20231002,000000,25.9,26.805,25.83,26.44,44796,0
WANT.US,D,20231003,000000,25.65,25.65,24.24,24.46,24290,0
WANT.US,D,20231004,000000,24.76,26.0299,24.76,25.92,22608,0
WANT.US,D,20231005,000000,25.69,25.8939,24.9734,25.47,13585,0
WANT.US,D,20231006,000000,24.67,26.2034,24.28,25.98,27691,0
WANT.US,D,20231009,000000,25,26.1838,24.53,26.07,32296,0
WANT.US,D,20231010,000000,25.99,27.6361,25.99,26.87,44623,0
WANT.US,D,20231011,000000,27.18,27.53,26.4898,27.2,37667,0
WANT.US,D,20231012,000000,27.21,27.21,25.78,26.31,19528,0
WANT.US,D,20231013,000000,26.38,26.3871,24.95,25.14,39281,0
WANT.US,D,20231016,000000,25.47,26.48,25.47,26.32,30583,0
WANT.US,D,20231017,000000,25.51,26.8788,25.51,26.49,23968,0
WANT.US,D,20231018,000000,25.7121,25.929,24.48,24.64,19879,0
WANT.US,D,20231019,000000,23.92,24.27,22.42,22.75,92543,0
WANT.US,D,20231020,000000,22.25,22.4531,21.64,21.64,32766,0
WANT.US,D,20231023,000000,21.29,22.21,20.83,21.76,29217,0
WANT.US,D,20231024,000000,22.18,22.805,22.0001,22.42,33638,0
WANT.US,D,20231025,000000,21.88,21.8912,21,21.05,36503,0
WANT.US,D,20231026,000000,20.9,21.24,19.95,20.04,40615,0
WANT.US,D,20231027,000000,21.11,21.565,20.47,20.66,34824,0
WANT.US,D,20231030,000000,21.47,21.54,20.71,21.22,27905,0
WANT.US,D,20231031,000000,21.17,21.79,20.9901,21.65,25516,0
WANT.US,D,20231101,000000,22.05,22.57,21.65,22.5,142359,0
WANT.US,D,20231102,000000,23.68,24.24,23.5451,24.23,58648,0
WANT.US,D,20231103,000000,24.75,25.5,24.75,25.17,44586,0
WANT.US,D,20231106,000000,25.54,25.625,24.85,25.27,24431,0
WANT.US,D,20231107,000000,25.32,26.1972,25.3099,26.09,45320,0
WANT.US,D,20231108,000000,26.16,26.16,25.5044,25.89,28933,0
WANT.US,D,20231109,000000,25.595,25.595,24.2825,24.5,30041,0
WANT.US,D,20231110,000000,24.57,25.65,24.1991,25.65,28786,0
WANT.US,D,20231113,000000,25.24,26.2,25.02,25.94,32735,0
WANT.US,D,20231114,000000,27.9,28.8299,27.857,28.55,89731,0
WANT.US,D,20231115,000000,29,29.38,28.47,28.67,39557,0
WANT.US,D,20231116,000000,27.88,28.405,27.46,27.83,25405,0
WANT.US,D,20231117,000000,27.92,28.57,27.6,28.29,26653,0
WANT.US,D,20231120,000000,28.33,28.9,28.0401,28.72,32369,0
WANT.US,D,20231121,000000,28.03,28.59,27.8636,28.53,23510,0
WANT.US,D,20231122,000000,28.88,29.29,28.4517,28.77,33257,0
WANT.US,D,20231124,000000,28.6,28.9642,28.54,28.78,7447,0
WANT.US,D,20231127,000000,28.99,29.36,28.58,28.96,32343,0
WANT.US,D,20231128,000000,28.79,29.47,28.39,29.47,20673,0
WANT.US,D,20231129,000000,30.08,30.51,29.1457,29.21,21074,0
WANT.US,D,20231130,000000,29.08,29.14,28.4961,29.01,32594,0
WANT.US,D,20231201,000000,28.6628,30.23,28.6628,30.23,75810,0
WANT.US,D,20231204,000000,29.47,30.1143,29.3444,29.845,37645,0
WANT.US,D,20231205,000000,29.56,30.8499,29.545,29.96,43898,0
WANT.US,D,20231206,000000,30.76,31.04,30.04,30.09,46115,0
WANT.US,D,20231207,000000,30.605,30.92,30.2799,30.83,17276,0
WANT.US,D,20231208,000000,30.5,31.42,30.2915,31.27,38639,0
WANT.US,D,20231211,000000,31.02,31.59,30.9774,31.53,19294,0
WANT.US,D,20231212,000000,31.28,31.8037,31.03,31.78,27242,0
WANT.US,D,20231213,000000,31.7,33.1059,31,33,52600,0
WANT.US,D,20231214,000000,33.98,34.64,33.5201,34.39,68932,0
WANT.US,D,20231215,000000,34.14,34.72,34.0258,34.55,39897,0
WANT.US,D,20231218,000000,34.74,35.44,34.74,35.14,55164,0
WANT.US,D,20231219,000000,35.36,36.1663,35.36,35.95,43798,0
WANT.US,D,20231220,000000,35.48,36.3799,33.91,34,74649,0
WANT.US,D,20231221,000000,35,35.5,34.4891,35.49,49565,0
WANT.US,D,20231222,000000,34.9882,35.45,34.31,34.68,41381,0
WANT.US,D,20231226,000000,34.64,35.1554,34.64,35.01,33343,0
WANT.US,D,20231227,000000,35.13,35.68,35.13,35.37,26585,0
WANT.US,D,20231228,000000,35.48,35.48,34.79,34.85,17015,0
WANT.US,D,20231229,000000,34.73,34.99,33.915,34.18,35424,0
WANT.US,D,20240102,000000,33.79,33.81,32.83,33.24,58721,0
WANT.US,D,20240103,000000,32.56,32.56,31.15,31.16,38383,0
WANT.US,D,20240104,000000,30.81,31.4899,30.4401,30.5,22942,0
WANT.US,D,20240105,000000,30.16,31.28,30.16,30.69,25817,0
WANT.US,D,20240108,000000,30.73,32.22,30.73,32.17,42747,0
WANT.US,D,20240109,000000,31.38,31.8899,31.35,31.82,18931,0
WANT.US,D,20240110,000000,32.04,32.7299,31.97,32.56,25683,0
WANT.US,D,20240111,000000,32.5,32.66,31.4,32.43,48376,0
WANT.US,D,20240112,000000,32,32.36,30.97,31.22,61031,0
WANT.US,D,20240116,000000,30.53,31.4,30.48,31.07,33962,0
WANT.US,D,20240117,000000,30.17,30.27,29.63,30.27,26268,0
WANT.US,D,20240118,000000,30.55,30.72,29.76,30.72,50996,0
WANT.US,D,20240119,000000,30.62,31.73,30.4099,31.59,28958,0
WANT.US,D,20240122,000000,31.73,32.015,30.78,31.15,61643,0
WANT.US,D,20240123,000000,31.45,31.45,30.46,30.91,26346,0
WANT.US,D,20240124,000000,31.0873,31.5,30.49,30.64,26530,0
WANT.US,D,20240125,000000,29.64,29.64,28.8,29.46,42548,0
WANT.US,D,20240126,000000,29.61,30.209,29.61,29.81,36916,0
WANT.US,D,20240129,000000,29.9,31.11,29.81,31.11,31804,0
WANT.US,D,20240130,000000,31.16,31.4499,30.87,31.01,39589,0
WANT.US,D,20240131,000000,30.37,30.77,29.265,29.39,122258,0
WANT.US,D,20240201,000000,29.67,31,29.45,31,29350,0
WANT.US,D,20240202,000000,31.81,33,31.2,32.59,45677,0
WANT.US,D,20240205,000000,31.65,31.65,30.1301,31.28,48036,0
WANT.US,D,20240206,000000,31.03,31.8,31.03,31.75,18372,0
WANT.US,D,20240207,000000,32.18,33.13,32.1466,32.82,30141,0
WANT.US,D,20240208,000000,32.74,33.26,32.74,33.26,14853,0
WANT.US,D,20240209,000000,33.08,34.07,33.01,33.89,93064,0
WANT.US,D,20240212,000000,33.88,34.44,33.67,33.83,54453,0
WANT.US,D,20240213,000000,31.75,32.2715,31.26,31.89,50933,0
WANT.US,D,20240214,000000,32.08,32.85,31.7128,32.84,40814,0
WANT.US,D,20240215,000000,32.88,33.94,32.81,33.93,30653,0
WANT.US,D,20240216,000000,33.25,33.88,32.71,33.37,36624,0
WANT.US,D,20240220,000000,32.41,32.68,31.7901,32.41,32094,0
WANT.US,D,20240221,000000,32.48,33.35,32.48,33.07,29947,0
WANT.US,D,20240222,000000,33.81,35.0853,33.76,34.97,44382,0
WANT.US,D,20240223,000000,34.4,34.835,34.24,34.47,39872,0
WANT.US,D,20240226,000000,34.52,35.2,34.52,34.69,35746,0
WANT.US,D,20240227,000000,35.12,35.555,34.76,35.08,20743,0
WANT.US,D,20240228,000000,34.77,36,34.77,35.55,56013,0
WANT.US,D,20240229,000000,35.84,36.4099,35.37,36.18,35610,0
WANT.US,D,20240301,000000,36.29,36.65,35.61,36.55,43854,0
WANT.US,D,20240304,000000,36.02,36.3387,34.99,34.99,46337,0
WANT.US,D,20240305,000000,34.3,34.3427,33.36,33.71,53683,0
WANT.US,D,20240306,000000,33.96,34.35,33.19,33.32,80057,0
WANT.US,D,20240307,000000,33.49,34.42,33.49,34.08,28785,0
WANT.US,D,20240308,000000,34.18,34.6729,33.465,33.68,23746,0
WANT.US,D,20240311,000000,33.62,33.69,33.12,33.42,26547,0
WANT.US,D,20240312,000000,33.54,34.6084,33.1304,34.17,22058,0
WANT.US,D,20240313,000000,33.86,34.6,33.86,34.04,13820,0
WANT.US,D,20240314,000000,33.9,34.1,32.94,33.33,18196,0
WANT.US,D,20240315,000000,33.07,33.07,32.06,32.31,21381,0
WANT.US,D,20240318,000000,33.21,33.4992,32.84,33.03,10716,0
WANT.US,D,20240319,000000,32.83,33.8078,32.78,33.78,13066,0
WANT.US,D,20240320,000000,33.93,35.25,33.93,35.25,28112,0
WANT.US,D,20240321,000000,35.8,36.33,35.8,35.86,16985,0
WANT.US,D,20240322,000000,34.65,35.06,34.5,34.93,10589,0
WANT.US,D,20240325,000000,34.46,35.07,34.46,34.59,10440,0
WANT.US,D,20240326,000000,35.13,35.66,34.63,34.73,15720,0
WANT.US,D,20240327,000000,35.42,35.88,34.99,35.88,18019,0
WANT.US,D,20240328,000000,35.62,35.92,35.51,35.51,17395,0
WANT.US,D,20240401,000000,35.43,35.7,34.36,34.68,17380,0
WANT.US,D,20240402,000000,32.99,33.14,32.68,33.12,18141,0
WANT.US,D,20240403,000000,32.81,33.4752,32.6801,33.2,19427,0
WANT.US,D,20240404,000000,33.93,34.245,32.05,32.09,23201,0
WANT.US,D,20240405,000000,32.23,33.0765,32.18,32.54,25085,0
WANT.US,D,20240408,000000,33.07,33.6512,33.07,33.41,18217,0
WANT.US,D,20240409,000000,33.72,33.94,33.0629,33.94,18381,0
WANT.US,D,20240410,000000,32.1,32.58,31.9,32.42,24518,0
WANT.US,D,20240411,000000,32.5575,33.4,31.96,33.15,8927,0
WANT.US,D,20240412,000000,32.22,32.2326,31.1801,31.5,24373,0
WANT.US,D,20240415,000000,31.7501,31.7501,29.81,29.86,28222,0
WANT.US,D,20240416,000000,29.47,29.47,28.89,29.34,11751,0
WANT.US,D,20240417,000000,29.495,29.495,28.5466,28.96,39446,0
WANT.US,D,20240418,000000,28.69,29.35,28.13,28.35,14564,0
WANT.US,D,20240419,000000,28.29,28.48,27.27,27.59,23065,0
WANT.US,D,20240422,000000,27.83,28.3399,27.1899,27.95,16937,0
WANT.US,D,20240423,000000,28.26,29.16,28.09,28.98,13956,0
WANT.US,D,20240424,000000,30.19,30.3801,29.21,29.81,19506,0
WANT.US,D,20240425,000000,28.5,29.9,28.2334,29.85,14925,0
WANT.US,D,20240426,000000,30.115,31.05,30.115,30.59,47267,0
WANT.US,D,20240429,000000,32.38,32.8,31.8039,32.66,35010,0
WANT.US,D,20240430,000000,31.65,32.1,30.18,30.24,21391,0
WANT.US,D,20240501,000000,30.28,31.3867,29.3793,29.71,18289,0
WANT.US,D,20240502,000000,30.47,30.81,29.7739,30.81,13956,0
WANT.US,D,20240503,000000,31.78,32.28,31.2984,31.42,26072,0
WANT.US,D,20240506,000000,31.89,32.4,31.89,32.35,9310,0
WANT.US,D,20240507,000000,32.25,32.3294,31.59,31.74,13791,0
WANT.US,D,20240508,000000,31.05,31.33,30.71,31.33,6480,0
WANT.US,D,20240509,000000,31.21,32.08,31.21,31.96,4604,0
WANT.US,D,20240510,000000,31.8135,31.885,31.23,31.41,5213,0
WANT.US,D,20240513,000000,32,32,31.07,31.3,25493,0
WANT.US,D,20240514,000000,31.3,31.77,31.3,31.7,6596,0
WANT.US,D,20240515,000000,31.95,31.95,31.32,31.82,30997,0
WANT.US,D,20240516,000000,31.8,31.8201,31.18,31.2,23528,0
WANT.US,D,20240517,000000,30.97,31.6,30.97,31.6,12305,0
WANT.US,D,20240520,000000,31.6,31.6,30.7954,30.94,10809,0
WANT.US,D,20240521,000000,30.76,31.5,30.46,31.5,12071,0
WANT.US,D,20240522,000000,31.4,31.4,30.19,30.55,22188,0
WANT.US,D,20240523,000000,30.64,30.64,28.89,29.04,26836,0
WANT.US,D,20240524,000000,29.35,30.12,29.35,29.87,36944,0
WANT.US,D,20240528,000000,29.86,29.86,29.353,29.59,10767,0
WANT.US,D,20240529,000000,28.86,29.35,28.86,29.15,17316,0
WANT.US,D,20240530,000000,29.11,29.6131,29.11,29.48,29619,0
WANT.US,D,20240531,000000,29.65,30,28.744,30,16750,0
WANT.US,D,20240603,000000,30.15,30.31,29.1676,29.92,36849,0
WANT.US,D,20240604,000000,29.6,30.31,29.595,29.99,23868,0
WANT.US,D,20240605,000000,30.17,30.5155,29.5101,30.49,13930,0
WANT.US,D,20240606,000000,30.67,31.187,30.64,31.15,60666,0
WANT.US,D,20240607,000000,30.7342,31.1394,30.6737,30.74,9602,0
WANT.US,D,20240610,000000,30.54,31.0835,30.53,31.04,12252,0
WANT.US,D,20240611,000000,30.99,30.99,30.02,30.75,8915,0
WANT.US,D,20240612,000000,31.55,32.31,31.52,31.69,24589,0
WANT.US,D,20240613,000000,32.33,32.55,31.55,31.8,28596,0
WANT.US,D,20240614,000000,31.2709,31.2709,30.586,31.01,18221,0
WANT.US,D,20240617,000000,30.87,32.85,30.87,32.62,30305,0
WANT.US,D,20240618,000000,32.71,32.71,32,32.27,13499,0
WANT.US,D,20240620,000000,32.22,32.5602,31.9,32.38,13826,0
WANT.US,D,20240621,000000,32.81,33.277,32.46,33.14,16354,0
