<TICKER>,<PER>,<DATE>,<TIME>,<OPEN>,<HIGH>,<LOW>,<CLOSE>,<VOL>,<OPENINT>
WEBS.US,D,20191108,000000,253.018,253.718,250.229,250.229,2992.8509669872,0
WEBS.US,D,20191111,000000,252.358,252.358,252.358,252.358,5.0014220705,0
WEBS.US,D,20191112,000000,251.498,251.498,251.498,251.498,5.0014220705,0
WEBS.US,D,20191113,000000,252.218,254.068,252.218,254.068,416.1183162656,0
WEBS.US,D,20191114,000000,255.307,255.407,254.308,254.308,243.0691126263,0
WEBS.US,D,20191115,000000,249.129,249.129,246.13,246.13,643.1828782663,0
WEBS.US,D,20191118,000000,247.73,248.629,241.951,243.641,50.014220705,0
WEBS.US,D,20191119,000000,241.851,241.851,238.162,239.802,120.034129692,0
WEBS.US,D,20191120,000000,241.991,242.201,241.991,242.201,100.02844141,0
WEBS.US,D,20191121,000000,243.161,243.161,243.161,243.161,5.0014220705,0
WEBS.US,D,20191122,000000,240.462,240.462,240.462,240.462,5.0014220705,0
WEBS.US,D,20191125,000000,230.374,230.374,230.374,230.374,25.0071103525,0
WEBS.US,D,20191126,000000,227.675,227.675,227.675,227.675,4.0011376564,0
WEBS.US,D,20191127,000000,226.386,226.386,226.386,226.386,1.0002844141,0
WEBS.US,D,20191129,000000,227.865,227.865,227.865,227.865,4.0011376564,0
WEBS.US,D,20191202,000000,239.832,239.832,239.832,239.832,0,0
WEBS.US,D,20191203,000000,261.796,261.796,240.931,240.931,599.1703640459,0
WEBS.US,D,20191204,000000,241.231,241.961,241.231,241.961,13.0036973833,0
WEBS.US,D,20191205,000000,244.41,244.75,244.051,244.41,138.0392491458,0
WEBS.US,D,20191206,000000,239.952,240.652,239.852,240.332,30.008532423,0
WEBS.US,D,20191209,000000,242.081,242.081,242.081,242.081,35.0099544935,0
WEBS.US,D,20191210,000000,246.29,246.29,246.29,246.29,35.0099544935,0
WEBS.US,D,20191211,000000,254.318,254.318,244.39,244.39,114.0324232074,0
WEBS.US,D,20191212,000000,239.462,240.562,239.462,240.072,31.0088168371,0
WEBS.US,D,20191213,000000,238.052,238.872,237.852,238.872,20.005688282,0
WEBS.US,D,20191216,000000,226.736,226.736,226.736,226.736,35.0099544935,0
WEBS.US,D,20191217,000000,229.355,229.775,229.355,229.775,10.002844141,0
WEBS.US,D,20191218,000000,226.276,227.685,223.796,227.685,1223.3478384443,0
WEBS.US,D,20191219,000000,224.896,224.896,221.307,221.307,90.025597269,0
WEBS.US,D,20191220,000000,219.248,219.248,219.248,219.248,35.0099544935,0
WEBS.US,D,20191223,000000,220.417,220.417,220.417,220.417,35.0099544935,0
WEBS.US,D,20191224,000000,219.708,221.067,219.708,221.067,52.0147895332,0
WEBS.US,D,20191226,000000,216.169,216.169,213.819,214.719,2051.5833333191,0
WEBS.US,D,20191227,000000,216.548,216.548,216.548,216.548,35.0099544935,0
WEBS.US,D,20191230,000000,223.137,223.786,223.137,223.786,43.0122298063,0
WEBS.US,D,20191231,000000,221.507,222.607,220.507,220.507,70.019908987,0
WEBS.US,D,20200102,000000,214.589,214.589,210.14,210.14,40.011376564,0
WEBS.US,D,20200103,000000,215.029,215.029,215.029,215.029,4.0011376564,0
WEBS.US,D,20200106,000000,229.695,229.695,205.991,205.991,108.0307167228,0
WEBS.US,D,20200107,000000,208.221,208.221,204.732,205.312,39.0110921499,0
WEBS.US,D,20200108,000000,197.284,199.903,196.894,199.903,50.014220705,0
WEBS.US,D,20200109,000000,194.895,194.895,194.755,194.755,10.002844141,0
WEBS.US,D,20200110,000000,193.845,197.854,193.445,197.544,50.014220705,0
WEBS.US,D,20200113,000000,193.765,193.765,190.266,190.266,56.0159271896,0
WEBS.US,D,20200114,000000,190.446,191.026,190.046,191.026,32.0091012512,0
WEBS.US,D,20200115,000000,189.066,189.066,189.066,189.066,35.0099544935,0
WEBS.US,D,20200116,000000,183.758,183.808,183.258,183.258,1281.3643344621,0
WEBS.US,D,20200117,000000,182.358,182.358,181.208,181.208,569.1618316229,0
WEBS.US,D,20200121,000000,183.858,183.858,180.359,181.198,3674.0446529893,0
WEBS.US,D,20200122,000000,178.259,182.108,177.17,182.108,170.048350397,0
WEBS.US,D,20200123,000000,182.888,182.888,177.909,177.909,422.1200227502,0
WEBS.US,D,20200124,000000,173.871,184.757,173.871,181.938,685.1948236585,0
WEBS.US,D,20200127,000000,193.145,193.145,191.805,192.355,458.1302616578,0
WEBS.US,D,20200128,000000,192.045,192.045,185.207,186.017,138.0392491458,0
WEBS.US,D,20200129,000000,183.458,186.987,183.058,186.987,360.102389076,0
WEBS.US,D,20200130,000000,194.545,194.545,187.317,187.317,389.1106370849,0
WEBS.US,D,20200131,000000,193.745,195.085,193.745,195.085,98.0278725818,0
WEBS.US,D,20200203,000000,186.797,186.797,186.797,186.797,8.0022753128,0
WEBS.US,D,20200204,000000,176.67,176.67,174.92,174.92,91.0258816831,0
WEBS.US,D,20200205,000000,180.409,180.409,178.169,179.459,67.0190557447,0
WEBS.US,D,20200206,000000,173.981,174.44,172.121,173.291,624.1774743984,0
WEBS.US,D,20200207,000000,174.21,176.37,173.171,175.39,270.076791807,0
WEBS.US,D,20200210,000000,171.271,172.871,170.102,170.102,286.0813424326,0
WEBS.US,D,20200211,000000,164.883,170.072,164.183,168.852,223.0634243443,0
WEBS.US,D,20200212,000000,165.233,166.223,163.753,163.753,162.0460750842,0
WEBS.US,D,20200213,000000,165.933,165.933,160.684,163.174,170.048350397,0
WEBS.US,D,20200214,000000,163.084,164.083,163.084,163.304,365.1038111465,0
WEBS.US,D,20200218,000000,159.635,159.735,159.635,159.735,21.0059726961,0
WEBS.US,D,20200219,000000,159.785,159.785,157.995,159.365,412.1171786092,0
WEBS.US,D,20200220,000000,158.885,158.985,158.585,158.585,224.0637087584,0
WEBS.US,D,20200221,000000,164.443,168.872,164.443,167.422,622.1769055702,0
WEBS.US,D,20200224,000000,188.746,189.146,182.558,184.707,2461.6999431001,0
WEBS.US,D,20200225,000000,182.058,202.133,182.058,200.323,1067.3034698447,0
WEBS.US,D,20200226,000000,195.045,206.031,191.645,203.912,1682.4783845162,0
WEBS.US,D,20200227,000000,227.195,227.195,204.582,221.687,1756.4994311596,0
WEBS.US,D,20200228,000000,264.545,264.545,223.606,238.882,5512.5674061051,0
WEBS.US,D,20200302,000000,197.534,230.994,197.534,205.781,3167.9007394547,0
WEBS.US,D,20200303,000000,200.233,230.874,170.072,222.547,2755.7835608455,0
WEBS.US,D,20200304,000000,214.019,218.198,201.853,201.853,1660.472127406,0
WEBS.US,D,20200305,000000,219.708,219.708,207.971,215.849,1035.2943685935,0
WEBS.US,D,20200306,000000,249.069,249.069,217.778,229.695,5480.5583048539,0
WEBS.US,D,20200309,000000,311.591,319.079,249.669,270.513,2522.7172923602,0
WEBS.US,D,20200310,000000,256.557,277.011,240.062,240.062,4643.3202502522,0
WEBS.US,D,20200311,000000,275.832,311.991,254.268,275.692,3928.1168941707,0
WEBS.US,D,20200312,000000,303.294,405.465,303.294,352.73,7817.2226961915,0
WEBS.US,D,20200313,000000,337.054,454.001,259.656,268.544,5381.530147858,0
WEBS.US,D,20200316,000000,295.406,478.664,295.406,478.664,5922.6840158861,0
WEBS.US,D,20200317,000000,454.701,454.701,260.656,313.481,4202.1948236341,0
WEBS.US,D,20200318,000000,392.378,392.378,293.127,315.08,6633.8862343112,0
WEBS.US,D,20200319,000000,318.18,318.18,245.67,275.332,3886.1049487785,0
WEBS.US,D,20200320,000000,264.645,302.594,249.169,284.119,4312.2261091851,0
WEBS.US,D,20200323,000000,309.592,315.98,284.119,288.258,2985.8489760885,0
WEBS.US,D,20200324,000000,295.316,295.316,231.034,238.532,1522.4328782602,0
WEBS.US,D,20200325,000000,240.032,247.929,186.547,241.081,2888.8213879208,0
WEBS.US,D,20200326,000000,240.732,240.732,205.012,205.012,624.1774743984,0
WEBS.US,D,20200327,000000,223.736,226.336,216.878,223.436,898.2554038618,0
WEBS.US,D,20200330,000000,222.037,227.505,194.715,206.441,1052.2992036332,0
WEBS.US,D,20200331,000000,210.14,218.338,193.845,214.139,2166.6160409406,0
WEBS.US,D,20200401,000000,246.53,246.53,228.035,238.432,4849.3788395568,0
WEBS.US,D,20200402,000000,243.331,246.03,225.336,235.983,3666.0423776765,0
WEBS.US,D,20200403,000000,236.633,252.628,232.434,244.5,4081.160409528,0
WEBS.US,D,20200406,000000,214.939,216.039,184.508,187.947,3615.0278725574,0
WEBS.US,D,20200407,000000,165.853,187.647,165.853,186.647,5722.6271330661,0
WEBS.US,D,20200408,000000,176.08,180.949,165.953,168.072,3555.0108077114,0
WEBS.US,D,20200409,000000,162.454,167.202,156.156,162.854,3219.9155289879,0
WEBS.US,D,20200413,000000,170.951,170.951,161.354,161.654,2744.7804322904,0
WEBS.US,D,20200414,000000,150.857,151.157,143.259,144.849,2897.8239476477,0
WEBS.US,D,20200415,000000,158.255,158.255,145.159,147.558,6920.9678611579,0
WEBS.US,D,20200416,000000,145.089,150.057,141.76,143.259,1382.3930602862,0
WEBS.US,D,20200417,000000,134.962,142.26,130.063,137.861,1833.5213310453,0
WEBS.US,D,20200420,000000,144.259,144.259,130.563,134.692,2072.5893060152,0
WEBS.US,D,20200421,000000,139.66,151.457,138.711,148.858,3260.927189966,0
WEBS.US,D,20200422,000000,138.861,138.861,129.163,131.273,2638.7502843958,0
WEBS.US,D,20200423,000000,132.062,132.462,125.664,132.362,2808.7986347928,0
WEBS.US,D,20200424,000000,132.162,132.162,124.165,124.285,1279.3637656339,0
WEBS.US,D,20200427,000000,120.066,120.066,116.567,118.386,1381.3927758721,0
WEBS.US,D,20200428,000000,116.067,125.864,115.737,125.864,1333.3791239953,0
WEBS.US,D,20200429,000000,118.166,118.166,112.068,112.618,2088.5938566408,0
WEBS.US,D,20200430,000000,114.158,115.067,110.908,112.518,990.281569959,0
WEBS.US,D,20200501,000000,121.066,125.764,118.116,123.065,1991.5662684731,0
WEBS.US,D,20200504,000000,129.863,129.863,118.266,118.606,6463.8378839142,0
WEBS.US,D,20200505,000000,113.968,114.757,110.968,113.628,1003.2852673423,0
WEBS.US,D,20200506,000000,111.468,114.567,107.869,109.619,2203.6265642623,0
WEBS.US,D,20200507,000000,105.17,105.17,100.571,101.611,2624.7463025984,0
WEBS.US,D,20200508,000000,99.9716,101.071,96.3726,96.9724,4564.2977815383,0
WEBS.US,D,20200511,000000,105.17,105.17,92.8736,93.9733,2564.7292377524,0
WEBS.US,D,20200512,000000,93.4734,99.2708,92.7186,99.1718,2424.6894197784,0
WEBS.US,D,20200513,000000,99.9716,108.569,97.7722,104.37,5189.4755403508,0
WEBS.US,D,20200514,000000,108.069,109.079,102.551,102.671,7487.1288395385,0
WEBS.US,D,20200515,000000,104.77,104.77,96.2726,96.9724,908.2582480028,0
WEBS.US,D,20200518,000000,89.8744,93.9983,89.8744,93.2735,3636.0338452535,0
WEBS.US,D,20200519,000000,93.6734,94.773,89.4756,93.4734,975.2773037475,0
WEBS.US,D,20200520,000000,89.4746,89.5345,86.9253,87.3472,3184.9055744944,0
WEBS.US,D,20200521,000000,87.1752,91.0241,86.4254,89.6745,1013.2881114833,0
WEBS.US,D,20200522,000000,89.8744,90.0644,87.2212,87.2212,538.1530147858,0
WEBS.US,D,20200526,000000,80.977,87.875,80.977,87.3891,2878.8185437798,0
WEBS.US,D,20200527,000000,86.9753,95.8727,86.9753,87.1262,7301.0759385159,0
WEBS.US,D,20200528,000000,87.5751,87.5751,82.4266,86.4904,3374.9596131734,0
WEBS.US,D,20200529,000000,86.4754,86.4754,81.2749,81.2749,2422.6888509502,0
WEBS.US,D,20200601,000000,81.2769,82.1266,77.8779,78.0778,4186.1902730085,0
WEBS.US,D,20200602,000000,78.3277,81.3769,77.478,77.7779,4179.1882821098,0
WEBS.US,D,20200603,000000,76.7782,78.1778,76.2463,76.5822,3578.0173492357,0
WEBS.US,D,20200604,000000,77.478,81.5768,75.8784,80.3581,5547.5773605986,0
WEBS.US,D,20200605,000000,77.8779,79.9773,76.4283,77.355,2551.7255403691,0
WEBS.US,D,20200608,000000,76.0784,77.7279,73.869,73.869,4815.3691694774,0
WEBS.US,D,20200609,000000,76.1783,76.1783,73.0292,74.1049,2753.7829920173,0
WEBS.US,D,20200610,000000,73.779,75.0786,71.9805,73.1952,3394.9653014554,0
WEBS.US,D,20200611,000000,81.6768,84.476,76.1783,84.1761,11471.261660899,0
WEBS.US,D,20200612,000000,76.9781,86.3754,76.9281,80.987,5166.4689988265,0
WEBS.US,D,20200615,000000,85.0758,85.2757,77.1281,77.6779,7091.0162115549,0
WEBS.US,D,20200616,000000,71.4797,74.6288,71.4797,72.9792,7735.1993742353,0
WEBS.US,D,20200617,000000,72.5794,73.0792,70.7799,72.0795,4934.4030147553,0
WEBS.US,D,20200618,000000,72.3294,72.9692,71.6796,71.9795,2621.7454493561,0
WEBS.US,D,20200619,000000,69.9801,72.9782,69.3803,70.8798,4174.1868600393,0
WEBS.US,D,20200622,000000,70.1301,70.48,67.4808,67.5808,4245.2070534404,0
WEBS.US,D,20200623,000000,66.4311,66.5321,64.3317,66.2811,5151.464732615,0
WEBS.US,D,20200624,000000,68.1806,72.1795,65.9312,71.0898,9472.693401527,0
WEBS.US,D,20200625,000000,71.4797,72.4794,68.1306,68.1756,4397.2502843836,0
WEBS.US,D,20200626,000000,69.0804,72.5794,69.0804,72.1795,6398.8193969977,0
WEBS.US,D,20200629,000000,80.1772,80.1772,72.4794,72.7793,12671.602957819,0
WEBS.US,D,20200630,000000,72.0795,72.0795,68.1756,68.3806,9335.6544367953,0
WEBS.US,D,20200701,000000,68.1806,68.2806,63.0821,63.6819,5920.6834470579,0
WEBS.US,D,20200702,000000,61.0826,63.182,61.0826,62.7821,9751.7727530609,0
WEBS.US,D,20200706,000000,60.0829,60.5828,57.4837,59.2831,7619.1663821997,0
WEBS.US,D,20200707,000000,59.783,59.783,56.4849,59.2831,8934.5403867412,0
WEBS.US,D,20200708,000000,58.6833,58.6833,55.8841,55.9841,6749.9192263468,0
WEBS.US,D,20200709,000000,54.5845,57.0838,53.6847,54.1846,9252.630830425,0
WEBS.US,D,20200710,000000,53.8847,56.384,53.6847,53.6847,8459.4052900437,0
WEBS.US,D,20200713,000000,52.585,60.3828,51.7853,60.2829,18514.264220577,0
WEBS.US,D,20200714,000000,62.1823,65.4814,58.9832,59.2831,28889.214163622,0
WEBS.US,D,20200715,000000,58.8833,61.1816,58.0835,58.8833,9085.5833332703,0
WEBS.US,D,20200716,000000,61.4825,62.8821,59.4831,60.0829,20031.695676767,0
WEBS.US,D,20200717,000000,60.0829,61.6815,58.8833,59.5831,5918.6828782297,0
WEBS.US,D,20200720,000000,59.883,59.883,53.0859,53.3848,8365.3785551183,0
WEBS.US,D,20200721,000000,51.8852,55.3842,51.8852,55.0843,6545.8612058704,0
WEBS.US,D,20200722,000000,54.4845,56.384,54.0846,55.3842,6423.8265073502,0
WEBS.US,D,20200723,000000,55.5842,59.647,54.5595,58.6833,13496.837599451,0
WEBS.US,D,20200724,000000,63.282,63.282,58.8333,60.1229,24572.986916781,0
WEBS.US,D,20200727,000000,59.0982,59.9899,56.8838,57.2837,10142.883958974,0
WEBS.US,D,20200728,000000,58.2834,59.883,57.2837,59.883,4787.3612058826,0
WEBS.US,D,20200729,000000,61.3825,61.3825,56.083,56.6839,6576.8700227075,0
WEBS.US,D,20200730,000000,60.3828,60.3828,55.2843,55.4842,8885.5264504503,0
WEBS.US,D,20200731,000000,53.1849,55.1343,52.4851,52.785,23080.562570943,0
WEBS.US,D,20200803,000000,52.4851,52.4851,50.7856,51.3854,74870.288110971,0
WEBS.US,D,20200804,000000,52.2851,52.2851,50.5856,50.7856,20892.940557307,0
WEBS.US,D,20200805,000000,50.2857,51.2854,49.7858,50.3857,100062.45108008,0
WEBS.US,D,20200806,000000,50.4856,51.2134,49.186,49.386,51892.75483468,0
WEBS.US,D,20200807,000000,50.1557,52.836,49.286,51.4854,13989.977815603,0
WEBS.US,D,20200810,000000,50.8855,54.7844,50.8855,52.9849,8586.4414106344,0
WEBS.US,D,20200811,000000,53.9846,56.084,52.5271,56.0341,7025.9977246384,0
WEBS.US,D,20200812,000000,55.3842,55.3842,53.3848,54.0846,3961.126279836,0
WEBS.US,D,20200813,000000,54.1846,54.2846,52.0582,53.0849,5015.4260522974,0
WEBS.US,D,20200814,000000,53.0849,54.2846,52.2851,54.1846,3772.0725255711,0
WEBS.US,D,20200817,000000,52.9849,53.0849,51.8852,52.3851,4039.1484641358,0
WEBS.US,D,20200818,000000,51.8852,51.8852,49.4859,49.5859,6296.7903867595,0
WEBS.US,D,20200819,000000,49.286,50.2957,48.2863,50.0858,34507.811717622,0
WEBS.US,D,20200820,000000,50.7856,50.7916,47.7864,47.9864,52596.955062206,0
WEBS.US,D,20200821,000000,48.7861,48.9361,47.6864,48.4862,6664.8950511483,0
WEBS.US,D,20200824,000000,47.0866,49.4859,46.8867,48.5862,21158.015927043,0
WEBS.US,D,20200825,000000,49.336,49.336,46.9866,47.0866,6055.7218429614,0
WEBS.US,D,20200826,000000,45.1871,45.2871,41.1883,41.3382,19999.686575515,0
WEBS.US,D,20200827,000000,41.4882,42.9878,41.3882,41.9881,8317.3649032415,0
WEBS.US,D,20200828,000000,41.2883,41.8981,40.8784,41.6981,24241.892775713,0
WEBS.US,D,20200831,000000,41.0583,41.3882,40.1987,40.7284,87585.90358301,0
WEBS.US,D,20200901,000000,40.5485,40.5485,36.7995,36.8265,92719.363196171,0
WEBS.US,D,20200902,000000,35.8098,38.1791,35.7098,35.8098,121971.68060211,0
WEBS.US,D,20200903,000000,38.679,42.9978,38.4692,41.6182,89881.55631337,0
WEBS.US,D,20200904,000000,44.4274,50.8339,41.9081,45.4371,341708.15898512,0
WEBS.US,D,20200908,000000,52.595,52.595,46.4668,49.7059,261442.33674449,0
WEBS.US,D,20200909,000000,47.0766,49.0261,45.2071,46.0069,145568.38993073,0
WEBS.US,D,20200910,000000,44.9672,49.6437,43.5876,49.6437,138163.28441315,0
WEBS.US,D,20200911,000000,47.3665,51.8652,47.3565,50.0983,39745.300909849,0
WEBS.US,D,20200914,000000,48.4162,49.8268,47.3785,49.0261,51943.769339799,0
WEBS.US,D,20200915,000000,47.5065,48.7861,46.8567,47.6864,50910.475540034,0
WEBS.US,D,20200916,000000,47.2066,49.5359,46.5068,49.5059,112528.99573301,0
WEBS.US,D,20200917,000000,52.715,54.0546,51.5553,51.5553,96084.319965204,0
WEBS.US,D,20200918,000000,51.4054,54.6345,50.5256,52.0752,193754.09072676,0
WEBS.US,D,20200921,000000,54.8344,54.9444,50.9155,50.9155,70694.100682103,0
WEBS.US,D,20200922,000000,49.5469,50.8955,46.7467,46.8225,60118.093571824,0
WEBS.US,D,20200923,000000,47.0066,50.2957,46.1769,50.0558,79209.521899337,0
WEBS.US,D,20200924,000000,51.9162,52.795,49.5759,51.2354,91748.08703008,0
WEBS.US,D,20200925,000000,50.5556,51.2654,46.7267,47.1471,28537.114049859,0
WEBS.US,D,20200928,000000,44.3874,46.4518,44.3874,45.1871,10440.968714376,0
WEBS.US,D,20200929,000000,45.1771,45.2871,44.6573,45.1372,5413.5392491092,0
WEBS.US,D,20200930,000000,44.4973,45.777,43.5876,45.2371,8848.5159271286,0
WEBS.US,D,20201001,000000,43.4376,43.9925,42.328,42.338,8733.4832195071,0
WEBS.US,D,20201002,000000,47.7064,49.5159,42.8078,44.6673,22303.341581188,0
WEBS.US,D,20201005,000000,43.3277,43.4876,42.128,42.128,4609.3105801728,0
WEBS.US,D,20201006,000000,42.2959,43.9275,41.9731,43.9075,7454.1194538732,0
WEBS.US,D,20201007,000000,42.5479,43.0877,41.3582,41.3582,9396.6717860554,0
WEBS.US,D,20201008,000000,41.2083,41.2083,40.8284,40.8284,2878.8185437798,0
WEBS.US,D,20201009,000000,39.1889,39.1889,38.789,38.809,3902.1094994041,0
WEBS.US,D,20201012,000000,37.3794,37.3794,35.5799,36.5989,11299.212741674,0
WEBS.US,D,20201013,000000,36.1897,36.2797,35.25,35.6099,4329.2309442248,0
WEBS.US,D,20201014,000000,35.3511,37.7743,35.1256,36.9399,4904.3944823323,0
WEBS.US,D,20201015,000000,38.8689,38.9439,37.3394,37.3394,6773.9260522852,0
WEBS.US,D,20201016,000000,36.3867,37.4893,35.9098,37.4893,3485.9911831385,0
WEBS.US,D,20201019,000000,36.4053,38.739,36.4053,38.4191,10141.88367456,0
WEBS.US,D,20201020,000000,37.8235,38.7349,37.1694,38.5112,4697.3356086136,0
WEBS.US,D,20201021,000000,37.2894,37.997,35.7498,37.997,7857.2340727555,0
WEBS.US,D,20201022,000000,39.173,39.5914,37.9492,38.2166,4746.3495449045,0
WEBS.US,D,20201023,000000,38.4391,38.58,36.9909,36.9909,3503.9963025923,0
WEBS.US,D,20201026,000000,37.4893,40.4585,36.9195,39.1994,8751.4883389609,0
WEBS.US,D,20201027,000000,38.539,38.539,37.1594,37.209,6050.7204208909,0
WEBS.US,D,20201028,000000,39.2788,41.3158,39.2788,41.1968,11955.399317323,0
WEBS.US,D,20201029,000000,39.9486,39.9486,39.1167,39.1592,3047.8666097627,0
WEBS.US,D,20201030,000000,42.4279,44.9872,42.4279,44.5831,17526.98350386,0
WEBS.US,D,20201102,000000,43.2977,45.8238,43.1502,44.5842,11418.246586951,0
WEBS.US,D,20201103,000000,43.8375,43.8375,41.3182,41.9586,12149.454493659,0
WEBS.US,D,20201104,000000,38.819,38.819,35.5899,35.9442,18310.2062001,0
WEBS.US,D,20201105,000000,33.5105,33.6404,32.6107,32.7706,15346.363481122,0
WEBS.US,D,20201106,000000,32.8507,33.9036,32.2876,32.3675,12049.426052249,0
WEBS.US,D,20201109,000000,33.2405,37.1094,33.2405,37.1094,36334.331057768,0
WEBS.US,D,20201110,000000,38.0292,41.9881,38.0292,39.7587,50709.4183728,0
WEBS.US,D,20201111,000000,38.729,38.729,36.4897,36.5846,10321.934869098,0
WEBS.US,D,20201112,000000,35.9898,36.9145,35.2714,36.7382,6570.8683162229,0
WEBS.US,D,20201113,000000,35.8198,36.6971,35.673,35.9618,8282.354948748,0
WEBS.US,D,20201116,000000,37.0495,37.0495,35.8538,35.9219,6444.8324800463,0
WEBS.US,D,20201117,000000,36.0797,36.0797,34.8901,35.2679,6911.965301431,0
WEBS.US,D,20201118,000000,35.8398,35.8398,34.8001,35.7398,7506.1342434064,0
WEBS.US,D,20201119,000000,35.6549,35.6549,33.9903,34.1227,5407.5375426246,0
WEBS.US,D,20201120,000000,33.9803,33.9803,33.2705,33.9425,7333.0850397671,0
WEBS.US,D,20201123,000000,33.4905,34.7301,33.4905,33.9336,5365.5255972324,0
WEBS.US,D,20201124,000000,34.1903,34.1903,33.2905,33.298,10756.058304817,0
WEBS.US,D,20201125,000000,32.5907,32.8407,31.791,31.9884,65457.61177429,0
WEBS.US,D,20201127,000000,31.1411,31.1611,30.6813,30.6813,9031.5679749089,0
WEBS.US,D,20201130,000000,30.5313,32.1259,30.4313,30.9239,23873.788111325,0
WEBS.US,D,20201201,000000,30.9362,31.1311,30.3314,30.7012,6720.9109783379,0
WEBS.US,D,20201202,000000,31.471,32.6293,30.9612,31.1095,16139.589021503,0
WEBS.US,D,20201203,000000,30.7712,30.7712,30.1544,30.7605,5015.4260522974,0
WEBS.US,D,20201204,000000,30.5313,30.5313,29.8815,30.2737,44111.542377396,0
WEBS.US,D,20201207,000000,30.4313,30.4313,29.4916,29.819,4119.1712172638,0
WEBS.US,D,20201208,000000,29.6502,29.8577,29.3616,29.4143,4106.1675198805,0
WEBS.US,D,20201209,000000,29.7615,31.701,29.2948,31.3253,20722.89220691,0
WEBS.US,D,20201210,000000,31.9309,32.1409,29.5016,29.5288,19911.661547075,0
WEBS.US,D,20201211,000000,29.8965,30.5413,29.3017,29.3465,7371.0958475029,0
WEBS.US,D,20201214,000000,29.1217,29.3117,28.4928,29.2247,15219.327360532,0
WEBS.US,D,20201215,000000,29.0717,29.1567,28.5019,28.503,5209.4812286328,0
WEBS.US,D,20201216,000000,28.102,28.102,27.4222,27.4822,10998.12713303,0
WEBS.US,D,20201217,000000,26.8624,26.9303,26.2275,26.6238,9854.8020477132,0
WEBS.US,D,20201218,000000,26.1726,26.8774,26.1726,26.2275,24940.091296755,0
WEBS.US,D,20201221,000000,27.1923,27.6421,26.4825,26.4825,10079.866040886,0
WEBS.US,D,20201222,000000,26.1226,26.3375,25.5427,25.5427,7106.0204777664,0
WEBS.US,D,20201223,000000,25.4228,26.5025,25.4028,26.5025,36056.251990649,0
WEBS.US,D,20201224,000000,26.3925,26.9123,26.3925,26.8731,30539.683446887,0
WEBS.US,D,20201228,000000,26.0626,27.9719,26.0626,27.5279,35121.986347879,0
WEBS.US,D,20201229,000000,27.0023,28.052,26.9923,27.7843,44843.750568517,0
WEBS.US,D,20201230,000000,27.6921,28.132,27.6921,28.132,48337.744026968,0
WEBS.US,D,20201231,000000,28.267,28.5869,28.232,28.262,18361.22070522,0
WEBS.US,D,20210104,000000,27.992,30.1914,27.972,29.0632,58806.720704939,0
WEBS.US,D,20210105,000000,29.4216,29.4216,28.391,28.391,13134.734641547,0
WEBS.US,D,20210106,000000,29.8715,30.3114,28.7818,29.9414,168398.88139815,0
WEBS.US,D,20210107,000000,28.9418,28.9418,27.6121,27.6121,17859.077929341,0
WEBS.US,D,20210108,000000,27.0873,27.5522,26.5125,26.6531,84427.005403282,0
WEBS.US,D,20210111,000000,27.7821,28.4619,26.7524,27.5622,13587.863481134,0
WEBS.US,D,20210112,000000,27.5622,27.5622,26.5924,26.6203,8340.3714447658,0
WEBS.US,D,20210113,000000,26.7026,26.7026,25.7327,26.3915,55000.638509289,0
WEBS.US,D,20210114,000000,25.9926,27.0461,25.8027,27.0461,29812.476677836,0
WEBS.US,D,20210115,000000,27.7119,27.7421,27.1424,27.6513,9669.7494311047,0
WEBS.US,D,20210119,000000,26.9123,27.2966,26.1527,26.2284,8957.5469282655,0
WEBS.US,D,20210120,000000,24.9129,24.9129,23.9878,24.2031,31893.068259164,0
WEBS.US,D,20210121,000000,23.6633,24.0319,23.6233,23.9926,21551.127701784,0
WEBS.US,D,20210122,000000,24.2431,24.2431,23.7932,23.8232,6831.942548303,0
WEBS.US,D,20210125,000000,23.0634,24.232,23.0634,23.8053,33024.389931511,0
WEBS.US,D,20210126,000000,23.5933,24.062,23.5533,24.062,6750.9195107609,0
WEBS.US,D,20210127,000000,25.1428,26.3225,24.533,26.2125,27649.861774552,0
WEBS.US,D,20210128,000000,25.5727,25.5727,24.3331,25.1139,17208.893060176,0
WEBS.US,D,20210129,000000,25.3528,27.0123,25.2578,26.018,39596.258532149,0
WEBS.US,D,20210201,000000,25.6527,25.8127,23.8932,23.9423,28385.070818916,0
WEBS.US,D,20210202,000000,23.4033,23.4033,22.2537,22.4835,44262.585323925,0
WEBS.US,D,20210203,000000,22.0637,22.3936,21.6238,22.1316,15619.441126171,0
WEBS.US,D,20210204,000000,21.4539,21.5636,20.9929,20.9929,12357.513651791,0
WEBS.US,D,20210205,000000,20.6741,20.7841,19.8492,19.8492,20733.895335465,0
WEBS.US,D,20210208,000000,19.5244,19.7143,19.1616,19.4345,13987.977246774,0
WEBS.US,D,20210209,000000,19.5544,19.5544,19.0346,19.2265,5852.6641068991,0
WEBS.US,D,20210210,000000,18.9146,19.9643,18.6397,18.9816,29236.312855315,0
WEBS.US,D,20210211,000000,18.5147,18.7697,18.1298,18.5722,15860.50966997,0
WEBS.US,D,20210212,000000,18.5947,18.7747,18.1041,18.1041,17348.93287815,0
WEBS.US,D,20210216,000000,17.755,18.2746,17.505,18.1169,17283.914391234,0
WEBS.US,D,20210217,000000,18.9446,19.4935,18.5547,18.7006,33695.580773373,0
WEBS.US,D,20210218,000000,19.5844,19.866,18.9084,19.0946,33393.494880314,0
WEBS.US,D,20210219,000000,18.6947,19.1845,18.6147,19.1845,27010.680033942,0
WEBS.US,D,20210222,000000,20.1243,21.104,19.8444,21.084,31406.930033912,0
WEBS.US,D,20210223,000000,22.9835,24.453,20.8591,20.944,113102.15870229,0
WEBS.US,D,20210224,000000,21.3239,22.1229,20.9495,21.0287,43143.267064547,0
WEBS.US,D,20210225,000000,21.2159,23.6633,20.7141,23.3434,31155.858645973,0
WEBS.US,D,20210226,000000,22.7335,23.9932,22.0037,22.6736,23075.561148873,0
WEBS.US,D,20210301,000000,21.5039,22.1374,20.4442,20.5542,23330.633674468,0
WEBS.US,D,20210302,000000,20.1943,21.8976,20.1943,21.8976,14819.213594892,0
WEBS.US,D,20210303,000000,21.9937,25.0129,21.9937,24.743,82686.510522748,0
WEBS.US,D,20210304,000000,25.8626,27.7921,24.1631,26.5225,159555.36689309,0
WEBS.US,D,20210305,000000,25.6927,29.8515,25.4366,25.8191,171169.66922521,0
WEBS.US,D,20210308,000000,25.8426,28.262,24.9429,28.262,109166.0395328,0
WEBS.US,D,20210309,000000,25.8227,25.8227,23.9232,24.4331,59798.002559312,0
WEBS.US,D,20210310,000000,22.7535,25.0029,22.7535,24.703,21967.24601805,0
WEBS.US,D,20210311,000000,23.2434,23.3081,21.6648,21.9334,47130.40073915,0
WEBS.US,D,20210312,000000,23.1434,23.7832,22.6436,22.6636,34648.85182001,0
WEBS.US,D,20210315,000000,22.5036,22.8883,21.8838,21.8838,18172.166950955,0
WEBS.US,D,20210316,000000,21.224,22.5986,21.034,22.1137,25001.108646015,0
WEBS.US,D,20210317,000000,23.1997,23.5523,21.2839,21.8386,41751.871444534,0
WEBS.US,D,20210318,000000,22.8285,24.1431,22.6736,24.0931,41220.720420647,0
WEBS.US,D,20210319,000000,23.9932,23.9932,22.9335,23.0634,29625.4234924,0
WEBS.US,D,20210322,000000,22.6486,22.8435,21.7038,22.1076,19130.439419662,0
WEBS.US,D,20210323,000000,21.9638,22.4742,21.6538,22.4036,11511.273037463,0
WEBS.US,D,20210324,000000,22.3812,24.603,22.3812,24.5529,27595.846416191,0
WEBS.US,D,20210325,000000,25.5227,25.8626,24.3731,24.9029,38774.024743758,0
WEBS.US,D,20210326,000000,24.653,25.2778,23.7332,23.7332,18624.295506128,0
WEBS.US,D,20210329,000000,23.7932,24.633,23.3833,24.124,29442.371444619,0
WEBS.US,D,20210330,000000,24.7929,24.9691,24.2181,24.3931,6507.8503981346,0
WEBS.US,D,20210331,000000,23.6633,23.6633,22.3436,22.8035,28327.054322898,0
WEBS.US,D,20210401,000000,21.7538,21.7538,20.994,21.154,30196.585892851,0
WEBS.US,D,20210405,000000,20.7141,21.074,20.5142,20.5451,27115.709897423,0
WEBS.US,D,20210406,000000,20.4842,20.5342,19.8044,20.1636,8468.4078497706,0
WEBS.US,D,20210407,000000,20.1043,20.3742,19.8144,20.035,19857.646188713,0
WEBS.US,D,20210408,000000,19.5844,19.5844,19.0546,19.0546,28374.067690361,0
WEBS.US,D,20210409,000000,19.4045,19.4045,18.8069,18.8069,5342.5190557081,0
WEBS.US,D,20210412,000000,19.0946,19.4145,18.9366,18.9546,30214.591012305,0
WEBS.US,D,20210413,000000,18.3748,18.5947,18.1437,18.254,15812.496018093,0
WEBS.US,D,20210414,000000,18.0699,19.1645,18.0541,19.1146,8947.5440841245,0
WEBS.US,D,20210415,000000,18.5947,18.5947,18.0449,18.1109,5666.6112058765,0
WEBS.US,D,20210416,000000,17.9549,18.6347,17.9549,18.5121,5913.6814561592,0
WEBS.US,D,20210419,000000,18.7047,19.3645,18.4554,19.0146,30158.575085115,0
WEBS.US,D,20210420,000000,19.1546,20.2941,19.0246,19.8644,48740.858645851,0
WEBS.US,D,20210421,000000,20.3042,20.5116,19.6144,19.6264,38238.872582215,0
WEBS.US,D,20210422,000000,19.5344,20.1643,19.0846,19.9943,41654.843856366,0
WEBS.US,D,20210423,000000,19.5045,19.5144,18.8846,18.9731,19227.46700783,0
WEBS.US,D,20210426,000000,18.9046,18.9046,18.3748,18.4148,12699.610921414,0
WEBS.US,D,20210427,000000,18.0649,18.4707,18.0649,18.4348,9402.67349254,0
WEBS.US,D,20210428,000000,18.3548,18.3748,18.0768,18.3551,5186.4746871085,0
WEBS.US,D,20210429,000000,17.8959,19.2035,17.8959,18.5812,29481.382536769,0
WEBS.US,D,20210430,000000,19.0046,19.4445,18.7197,19.4284,12624.589590356,0
WEBS.US,D,20210503,000000,19.1246,20.4492,19.1246,20.4042,41015.662115756,0
WEBS.US,D,20210504,000000,20.934,22.8335,20.934,21.8538,92021.16467513,0
WEBS.US,D,20210505,000000,21.104,22.5636,21.104,22.4136,19476.537826941,0
WEBS.US,D,20210506,000000,22.4136,23.4933,22.4136,22.5632,63981.191979078,0
WEBS.US,D,20210507,000000,21.6238,21.9937,21.014,21.7638,98377.972126735,0
WEBS.US,D,20210510,000000,22.1137,23.1734,22.1137,23.1702,51423.621444467,0
WEBS.US,D,20210511,000000,25.2628,25.2628,22.2137,22.4336,240891.4934568,0
WEBS.US,D,20210512,000000,23.4133,24.8829,23.1434,24.573,56911.18174022,0
WEBS.US,D,20210513,000000,23.9532,25.5427,23.4633,24.563,66166.813423887,0
WEBS.US,D,20210514,000000,23.9132,23.9332,22.3536,22.4236,35644.134812039,0
WEBS.US,D,20210517,000000,22.8635,23.1934,22.3636,22.4635,26790.61746284,0
WEBS.US,D,20210518,000000,22.1637,22.5936,21.5839,22.5936,13400.810295698,0
WEBS.US,D,20210519,000000,24.0832,24.0832,22.5136,22.5136,38903.061433177,0
WEBS.US,D,20210520,000000,22.2837,22.2837,20.994,21.0675,22306.34243443,0
WEBS.US,D,20210521,000000,20.8441,21.4139,20.7041,21.3939,15473.399601713,0
WEBS.US,D,20210524,000000,20.954,20.954,19.9743,20.2242,18771.337315001,0
WEBS.US,D,20210525,000000,19.9643,20.2742,19.8943,20.1643,27469.810580014,0
WEBS.US,D,20210526,000000,19.8644,19.9543,19.5444,19.705,14795.206768953,0
WEBS.US,D,20210527,000000,19.9543,20.4349,19.6344,19.9243,14395.093003313,0
WEBS.US,D,20210528,000000,19.6144,19.6744,19.0746,19.6744,20193.741751851,0
WEBS.US,D,20210601,000000,19.3245,20.0743,19.2005,19.6319,85142.208759364,0
WEBS.US,D,20210602,000000,19.7044,19.7044,19.2845,19.4284,18289.200227404,0
WEBS.US,D,20210603,000000,20.1043,20.3471,19.6944,20.0843,88832.257962979,0
WEBS.US,D,20210604,000000,19.6344,19.6894,18.9646,19.0046,22251.326791655,0
WEBS.US,D,20210607,000000,19.0846,19.1795,18.4148,18.4647,67117.083617282,0
WEBS.US,D,20210608,000000,18.4048,18.5447,17.9149,18.3148,23559.698805297,0
WEBS.US,D,20210609,000000,18.0049,18.4548,17.9349,18.4504,18995.401023759,0
WEBS.US,D,20210610,000000,18.5447,18.5447,17.675,17.705,53671.26052295,0
WEBS.US,D,20210611,000000,17.685,17.7739,17.455,17.455,32098.126564055,0
WEBS.US,D,20210614,000000,17.435,17.455,17.0352,17.0352,20160.732366186,0
WEBS.US,D,20210615,000000,17.1551,17.535,17.075,17.5137,59220.838452376,0
WEBS.US,D,20210616,000000,17.505,18.1748,17.2351,17.675,80625.924629702,0
WEBS.US,D,20210617,000000,17.8749,17.8849,16.6353,16.7752,94926.99089809,0
WEBS.US,D,20210618,000000,16.9952,17.0551,16.5653,16.7336,75790.549771943,0
WEBS.US,D,20210621,000000,16.7452,17.3451,16.6453,16.7462,21832.207622147,0
WEBS.US,D,20210622,000000,16.8352,16.8352,16.0254,16.1154,16635.730090897,0
WEBS.US,D,20210623,000000,16.1754,16.2254,15.7555,15.8755,24933.089305857,0
WEBS.US,D,20210624,000000,15.5956,15.5956,15.1857,15.5184,25439.233219391,0
WEBS.US,D,20210625,000000,15.4956,15.7855,15.3456,15.5056,27016.681740427,0
WEBS.US,D,20210628,000000,15.2457,15.3356,14.9614,14.9845,30946.799203426,0
WEBS.US,D,20210629,000000,14.9557,15.1857,14.8958,14.8958,20630.866040812,0
WEBS.US,D,20210630,000000,15.0457,15.2357,15.0157,15.1997,17531.984925931,0
WEBS.US,D,20210701,000000,15.3456,15.4756,14.9954,15.2174,13224.760238816,0
WEBS.US,D,20210702,000000,14.9957,15.1257,14.8058,14.8658,18111.149601695,0
WEBS.US,D,20210706,000000,14.7358,14.8558,14.3459,14.4059,92510.303753624,0
WEBS.US,D,20210707,000000,14.056,14.6358,14.0461,14.6158,24734.032707451,0
WEBS.US,D,20210708,000000,15.4456,15.5455,14.735,14.9957,53492.209612826,0
WEBS.US,D,20210709,000000,14.8758,15.0664,14.5159,14.5359,39628.2676334,0
WEBS.US,D,20210712,000000,14.2659,14.7858,14.2659,14.7458,44048.524459308,0
WEBS.US,D,20210713,000000,14.8958,15.0557,14.4659,15.0057,18312.206768929,0
WEBS.US,D,20210714,000000,14.7152,15.4056,14.6558,15.3955,42084.966154429,0
WEBS.US,D,20210715,000000,15.4556,16.2254,15.3456,15.9255,75623.502274788,0
WEBS.US,D,20210716,000000,15.8155,16.2153,15.6655,16.1754,46549.235494558,0
WEBS.US,D,20210719,000000,16.8552,16.9952,16.2854,16.3753,65854.724686688,0
WEBS.US,D,20210720,000000,16.1254,16.3354,15.3356,15.6555,50697.41495983,0
WEBS.US,D,20210721,000000,15.6655,15.7355,15.2857,15.2857,17993.116040831,0
WEBS.US,D,20210722,000000,15.2157,15.2157,14.8758,14.8958,23998.823663087,0
WEBS.US,D,20210723,000000,14.3959,14.4959,13.7861,13.936,112632.02502766,0
WEBS.US,D,20210726,000000,13.936,14.1959,13.896,13.946,25274.186291065,0
WEBS.US,D,20210727,000000,13.996,15.1057,13.996,14.5759,204623.18117037,0
WEBS.US,D,20210728,000000,14.3459,14.5759,14.021,14.126,53976.34726925,0
WEBS.US,D,20210729,000000,14.4659,14.5859,14.236,14.5759,67498.191979054,0
WEBS.US,D,20210730,000000,15.4956,15.5656,15.1257,15.5556,90502.732934526,0
WEBS.US,D,20210802,000000,15.4056,15.8355,15.3156,15.6456,31239.882536757,0
WEBS.US,D,20210803,000000,15.5556,16.0354,15.4356,15.4956,50707.417803971,0
WEBS.US,D,20210804,000000,15.6655,15.7655,15.2357,15.2657,16382.65813413,0
WEBS.US,D,20210805,000000,15.4856,15.4956,14.9358,14.9957,18959.390784851,0
WEBS.US,D,20210806,000000,15.1457,15.6356,15.1403,15.4556,29287.327360434,0
WEBS.US,D,20210809,000000,15.4456,15.7355,15.3856,15.4156,7832.226962403,0
WEBS.US,D,20210810,000000,15.2457,15.9355,15.1457,15.8855,32520.246586805,0
WEBS.US,D,20210811,000000,15.6755,16.2754,15.6755,15.8955,37009.523037286,0
WEBS.US,D,20210812,000000,15.9955,16.0853,15.6356,15.6555,34410.784129454,0
WEBS.US,D,20210813,000000,15.5656,15.7555,15.5456,15.6056,19386.512229672,0
WEBS.US,D,20210816,000000,15.8655,16.5053,15.7055,15.9155,56397.035551372,0
WEBS.US,D,20210817,000000,16.2654,16.7352,16.2049,16.4453,98727.071387256,0
WEBS.US,D,20210818,000000,16.4553,16.6853,16.0954,16.6853,53426.190841495,0
WEBS.US,D,20210819,000000,17.1751,17.1851,16.2854,16.6311,40852.615756258,0
WEBS.US,D,20210820,000000,16.6453,16.6453,16.0854,16.0854,27876.926336553,0
WEBS.US,D,20210823,000000,15.8355,15.8721,15.2657,15.3556,38504.948236365,0
WEBS.US,D,20210824,000000,15.1157,15.1157,14.9258,14.9457,31542.968714229,0
WEBS.US,D,20210825,000000,14.9557,14.9557,14.7748,14.7858,24930.088452614,0
WEBS.US,D,20210826,000000,14.7458,14.9058,14.4258,14.8758,20358.788680177,0
WEBS.US,D,20210827,000000,14.8058,14.8058,14.225,14.2693,26279.472127235,0
WEBS.US,D,20210830,000000,14.2759,14.3119,13.776,13.8455,36488.37485754,0
WEBS.US,D,20210831,000000,14.096,14.2459,13.936,14.036,38462.936290973,0
WEBS.US,D,20210901,000000,13.8761,13.8861,13.5561,13.8661,28956.233219367,0
WEBS.US,D,20210902,000000,13.8661,13.9461,13.7077,13.896,11239.195676828,0
WEBS.US,D,20210903,000000,13.936,13.956,13.5859,13.6261,21536.123435573,0
WEBS.US,D,20210907,000000,13.5861,13.7361,13.4962,13.5561,53714.272752756,0
WEBS.US,D,20210908,000000,13.7661,14.106,13.6461,13.966,53291.152445592,0
WEBS.US,D,20210909,000000,13.9359,14.006,13.7161,13.986,13599.866894104,0
WEBS.US,D,20210910,000000,13.7761,14.3759,13.7761,14.3559,41799.885096411,0
WEBS.US,D,20210913,000000,14.096,14.9957,14.096,14.5958,493170.22468372,0
WEBS.US,D,20210914,000000,14.4259,14.8358,14.3559,14.7458,128331.48890696,0
WEBS.US,D,20210915,000000,14.6458,14.9957,14.3359,14.4059,556436.21330672,0
WEBS.US,D,20210916,000000,14.4559,14.6558,14.146,14.216,61431.467007537,0
WEBS.US,D,20210917,000000,14.216,14.6308,14.216,14.4159,54469.487485401,0
WEBS.US,D,20210920,000000,15.4756,15.9655,15.0057,15.3556,87789.961603487,0
WEBS.US,D,20210921,000000,15.0557,15.4856,14.9557,15.2357,110797.5034122,0
WEBS.US,D,20210922,000000,15.1257,15.2956,14.6958,14.8758,59780.997724272,0
WEBS.US,D,20210923,000000,14.5958,14.824,14.2459,14.2959,33613.557451416,0
WEBS.US,D,20210924,000000,14.5759,14.6058,14.096,14.106,12023.418657482,0
WEBS.US,D,20210927,000000,14.4059,14.7758,14.3659,14.5059,13721.901592624,0
WEBS.US,D,20210928,000000,15.1357,16.0664,15.1257,15.9655,109417.11092074,0
WEBS.US,D,20210929,000000,15.8255,16.5053,15.5556,16.4553,72212.532422707,0
WEBS.US,D,20210930,000000,16.3254,16.4352,15.9155,16.3154,40736.582764222,0
WEBS.US,D,20211001,000000,16.0554,16.4953,15.6555,15.7305,40198.429749437,0
WEBS.US,D,20211004,000000,16.0454,17.535,16.0454,17.1551,92949.428611414,0
WEBS.US,D,20211005,000000,17.0851,17.0851,16.1304,16.4253,49767.150454717,0
WEBS.US,D,20211006,000000,16.8852,17.0452,15.8955,15.9055,82588.482650167,0
WEBS.US,D,20211007,000000,15.4156,15.4256,14.9457,15.3656,85587.335323638,0
WEBS.US,D,20211008,000000,15.1167,15.7155,15.0857,15.6955,58200.548349994,0
WEBS.US,D,20211011,000000,15.9355,16.1654,15.5556,16.1654,39561.248577655,0
WEBS.US,D,20211012,000000,16.0454,16.2554,15.8275,15.9355,24989.105233046,0
WEBS.US,D,20211013,000000,15.5656,15.7254,15.1857,15.2157,26369.497724504,0
WEBS.US,D,20211014,000000,14.7758,14.7758,14.3859,14.5896,29428.367462822,0
WEBS.US,D,20211015,000000,14.3659,14.6157,14.3059,14.4059,28887.213594794,0
WEBS.US,D,20211018,000000,14.5459,14.5859,14.076,14.076,33335.478384297,0
WEBS.US,D,20211019,000000,13.996,14.076,13.6661,13.7361,32109.12969261,0
WEBS.US,D,20211020,000000,13.7461,13.9674,13.5461,13.906,35013.955631156,0
WEBS.US,D,20211021,000000,14.026,14.094,13.5561,13.6561,47829.599544606,0
WEBS.US,D,20211022,000000,14.226,14.7358,14.0273,14.5559,75752.538964207,0
WEBS.US,D,20211025,000000,14.6058,14.8838,14.3459,14.4359,50606.389078147,0
WEBS.US,D,20211026,000000,14.076,14.7794,14.056,14.6758,60254.132252142,0
WEBS.US,D,20211027,000000,14.6458,14.9657,14.3859,14.9657,83682.793799192,0
WEBS.US,D,20211028,000000,14.9457,15.1007,14.5169,14.5859,50454.345847204,0
WEBS.US,D,20211029,000000,14.9258,14.9258,14.3709,14.3959,21392.082479943,0
WEBS.US,D,20211101,000000,14.226,14.5859,14.226,14.4059,22363.358646034,0
WEBS.US,D,20211102,000000,14.3459,14.6959,14.236,14.5159,22685.450227374,0
WEBS.US,D,20211103,000000,14.6858,14.7158,14.206,14.2344,12321.503412884,0
WEBS.US,D,20211104,000000,14.186,14.186,13.6761,13.9339,17187.88708748,0
WEBS.US,D,20211105,000000,13.6161,13.8061,13.4452,13.7361,27193.732081723,0
WEBS.US,D,20211108,000000,13.5761,13.6361,13.3462,13.5961,30774.750284201,0
WEBS.US,D,20211109,000000,13.7261,13.996,13.5565,13.6661,64784.420363601,0
WEBS.US,D,20211110,000000,13.928,14.8458,13.7461,14.5958,112851.08731435,0
WEBS.US,D,20211111,000000,14.3859,14.6358,14.183,14.6358,21053.986347977,0
WEBS.US,D,20211112,000000,14.2859,14.3159,13.6861,13.6861,34802.895619781,0
WEBS.US,D,20211115,000000,13.4762,13.6161,13.2762,13.4966,68788.558873243,0
WEBS.US,D,20211116,000000,13.6241,13.6241,13.2062,13.2562,24766.041808702,0
WEBS.US,D,20211117,000000,13.3662,13.5761,13.1163,13.5561,56836.160409162,0
WEBS.US,D,20211118,000000,13.6261,14.186,13.6261,13.7961,62315.718429602,0
WEBS.US,D,20211119,000000,13.7381,14.226,13.6361,14.216,37530.671217032,0
WEBS.US,D,20211122,000000,14.106,15.4856,14.076,15.3856,119164.88253615,0
WEBS.US,D,20211123,000000,15.7855,16.5743,15.4956,15.9255,146000.51279762,0
WEBS.US,D,20211124,000000,16.2654,16.4343,15.3956,15.4556,57961.480375025,0
WEBS.US,D,20211126,000000,15.6555,15.9855,15.3156,15.8755,51399.614618529,0
WEBS.US,D,20211129,000000,15.3756,15.9955,15.3756,15.4912,19798.629408281,0
WEBS.US,D,20211130,000000,15.6855,17.0302,15.4956,16.9552,74145.081910748,0
WEBS.US,D,20211201,000000,16.2954,18.8146,16.2954,18.8146,67836.28811102,0
WEBS.US,D,20211202,000000,18.7547,19.0146,17.625,17.8649,37360.622866635,0
WEBS.US,D,20211203,000000,17.9449,20.074,17.9449,19.2645,75004.32622246,0
WEBS.US,D,20211206,000000,19.3245,20.1323,18.1448,18.3713,77095.920932343,0
WEBS.US,D,20211207,000000,17.3751,17.3751,16.4153,16.8106,117198.32337803,0
WEBS.US,D,20211208,000000,16.5553,16.7952,15.8655,16.0354,79381.570818562,0
WEBS.US,D,20211209,000000,16.0754,16.8652,15.7455,16.7652,54552.511091772,0
WEBS.US,D,20211210,000000,16.4153,17.2851,16.1944,17,33433.506256878,0
WEBS.US,D,20211213,000000,17.0152,17.9049,16.8652,17.585,54471.48805423,0
WEBS.US,D,20211214,000000,18.4048,18.8146,18.1148,18.2248,48933.913537772,0
WEBS.US,D,20211215,000000,18.4847,19.1845,17.2051,17.2451,83530.750568249,0
WEBS.US,D,20211216,000000,17.2451,18.9146,17.1951,18.5847,107060.44084112,0
WEBS.US,D,20211217,000000,19.1046,19.5144,17.7849,18.0249,56902.179180493,0
WEBS.US,D,20211220,000000,19.0146,19.1346,18.4148,18.6947,114948.68373072,0
WEBS.US,D,20211221,000000,18.2148,18.5947,16.9052,16.9052,52669.975824436,0
WEBS.US,D,20211222,000000,17.0352,17.1151,16.5953,16.7552,50658.40386768,0
WEBS.US,D,20211223,000000,16.8552,16.8752,16.2654,16.4353,46342.176620839,0
WEBS.US,D,20211227,000000,16.1201,16.2354,15.9255,16.0954,24212.884527705,0
WEBS.US,D,20211228,000000,16.1054,16.6881,15.9455,16.5642,36723.441694853,0
WEBS.US,D,20211229,000000,16.5353,16.9951,16.5353,16.7052,15142.305460646,0
WEBS.US,D,20211230,000000,16.6753,16.6753,15.9755,16.4653,18187.171217166,0
WEBS.US,D,20211231,000000,16.4653,17.0152,16.4653,17.0081,10079.866040886,0
WEBS.US,D,20220103,000000,16.8052,17.54,16.7752,16.9455,17530.984641517,0
WEBS.US,D,20220104,000000,16.6953,18.7247,16.6953,17.9721,47969.63936258,0
WEBS.US,D,20220105,000000,18.6647,20.2942,18.3348,20.2942,182617.92434458,0
WEBS.US,D,20220106,000000,20.7441,21.154,19.3755,20.2342,91447.001421436,0
WEBS.US,D,20220107,000000,20.3742,21.054,19.6044,20.6541,62267.704777725,0
WEBS.US,D,20220110,000000,21.6738,22.9235,20.4762,20.4762,354986.93458229,0
WEBS.US,D,20220111,000000,20.5342,20.7541,19.1346,19.2545,60607.232650319,0
WEBS.US,D,20220112,000000,18.8047,19.8544,18.4248,19.5226,93641.625425972,0
WEBS.US,D,20220113,000000,19.3545,21.4129,19.3545,21.3439,95488.1504544,0
WEBS.US,D,20220114,000000,21.9138,22.2537,20.954,21.3639,122494.82935069,0
WEBS.US,D,20220118,000000,22.5536,23.1134,21.8838,23.0235,185731.80972567,0
WEBS.US,D,20220119,000000,22.8035,23.3434,21.9538,23.2734,248568.67633502,0
WEBS.US,D,20220120,000000,22.4936,24.1031,21.334,23.9832,97481.717291701,0
WEBS.US,D,20220121,000000,25.0029,27.3622,24.733,27.2622,296070.1825918,0
WEBS.US,D,20220124,000000,30.0814,31.8909,26.0526,26.1426,664635.9780955,0
WEBS.US,D,20220125,000000,27.8721,29.5104,27.0503,28.8768,302417.98748368,0
WEBS.US,D,20220126,000000,27.0323,30.7812,26.1926,30.1714,235320.90955468,0
WEBS.US,D,20220127,000000,28.6119,30.5213,27.2323,30.4413,248306.60181853,0
WEBS.US,D,20220128,000000,30.3014,31.431,27.3822,27.4022,210718.91438989,0
WEBS.US,D,20220131,000000,27.0823,27.1023,23.3933,23.4533,228842.06740456,0
WEBS.US,D,20220201,000000,22.8235,24.2911,22.2837,22.3636,112686.04038602,0
WEBS.US,D,20220202,000000,21.8838,24.3031,21.8238,23.7432,189231.80489061,0
WEBS.US,D,20220203,000000,27.2822,28.4919,26.4125,28.222,323881.09015702,0
WEBS.US,D,20220204,000000,26.6824,27.5472,23.7533,24.8129,342028.24999763,0
WEBS.US,D,20220207,000000,24.513,25.5923,23.4333,25.3828,208226.20562995,0
WEBS.US,D,20220208,000000,25.9526,26.3466,24.703,24.9329,144323.03583518,0
WEBS.US,D,20220209,000000,23.9932,24.4662,22.9673,23.0035,123362.07593771,0
WEBS.US,D,20220210,000000,24.3131,24.3131,21.9937,23.7432,225959.24772312,0
WEBS.US,D,20220211,000000,23.3434,26.0492,22.7835,25.6827,149686.56086358,0
WEBS.US,D,20220214,000000,26.2125,26.2125,24.2331,25.6027,138193.29294557,0
WEBS.US,D,20220215,000000,24.2331,24.658,23.2784,23.2834,62428.750568395,0
WEBS.US,D,20220216,000000,24.553,24.8929,23.8232,23.9332,88098.049203029,0
WEBS.US,D,20220217,000000,24.703,26.5425,24.2531,26.5225,185676.7940829,0
WEBS.US,D,20220218,000000,26.2725,28.232,25.7627,27.8721,205389.39903157,0
WEBS.US,D,20220222,000000,28.8518,29.8115,27.2023,29.1817,218077.00654001,0
WEBS.US,D,20220223,000000,28.212,31.771,28.112,31.651,267791.14192078,0
WEBS.US,D,20220224,000000,35.8098,35.8098,26.7986,27.1223,380127.08276187,0
WEBS.US,D,20220225,000000,26.7024,28.3919,25.8526,25.9126,160824.72781458,0
WEBS.US,D,20220228,000000,26.3825,26.7224,24.653,25.3828,177074.34812164,0
WEBS.US,D,20220301,000000,25.3828,26.7224,24.693,26.3405,79126.498292966,0
WEBS.US,D,20220302,000000,25.9926,27.6372,25.3728,25.7027,112652.03071594,0
WEBS.US,D,20220303,000000,25.6827,28.8519,25.6827,28.4519,153647.68714342,0
WEBS.US,D,20220304,000000,28.7618,30.9912,28.042,30.3514,221751.051193,0
WEBS.US,D,20220307,000000,30.4413,34.9001,29.9915,34.8801,243587.2599528,0
WEBS.US,D,20220308,000000,34.99,36.3797,31.9609,35,465488.35380792,0
WEBS.US,D,20220309,000000,31.791,32.2408,29.7915,30.1114,199682.77644913,0
WEBS.US,D,20220310,000000,31.9009,32.2708,30.5513,31.1321,306483.14334258,0
WEBS.US,D,20220311,000000,30.2114,34.4502,30.1914,34.4502,259506.78640321,0
WEBS.US,D,20220314,000000,34.6801,37.3894,33.3405,36.8095,267133.95506072,0
WEBS.US,D,20220315,000000,35.9798,36.7072,33.5904,33.8204,229368.21700637,0
WEBS.US,D,20220316,000000,32.3308,33.1906,28.9968,28.9968,357016.5116585,0
WEBS.US,D,20220317,000000,29.9915,29.9915,26.6814,26.8424,186477.02161418,0
WEBS.US,D,20220318,000000,27.3722,27.3722,23.9532,24.0832,274712.10978194,0
WEBS.US,D,20220321,000000,24.4031,25.9726,24.0532,24.9829,225386.08475384,0
WEBS.US,D,20220322,000000,24.9129,25.0967,22.3936,23.1034,139345.62059061,0
WEBS.US,D,20220323,000000,23.9332,24.572,22.9435,24.2331,237481.52388914,0
WEBS.US,D,20220324,000000,23.8432,24.8929,22.9635,22.9735,121697.60267265,0
WEBS.US,D,20220325,000000,22.8035,24.693,22.8035,23.7732,116026.99032912,0
WEBS.US,D,20220328,000000,23.6733,24.2631,22.3936,22.4236,75043.33731461,0
WEBS.US,D,20220329,000000,21.5339,21.9408,20.3042,20.6441,173637.37087479,0
WEBS.US,D,20220330,000000,20.954,22.1137,20.5242,21.7938,220395.6658119,0
WEBS.US,D,20220331,000000,21.7038,22.8235,21.6938,22.8135,170850.57849711,0
WEBS.US,D,20220401,000000,22.6636,22.7932,21.7338,22.3037,147424.9178033,0
WEBS.US,D,20220404,000000,21.8538,21.8538,19.8644,20.0243,235237.88594831,0
WEBS.US,D,20220405,000000,20.0243,21.7938,19.9143,21.6039,198043.31029442,0
WEBS.US,D,20220406,000000,22.8835,24.673,22.7235,23.9632,529952.68315901,0
WEBS.US,D,20220407,000000,24.2931,25.7573,23.3434,24.2831,343949.79635711,0
WEBS.US,D,20220408,000000,24.523,25.5527,24.3632,25.4628,254936.48691518,0
WEBS.US,D,20220411,000000,26.5524,27.0623,25.4828,26.3725,173824.42406023,0
WEBS.US,D,20220412,000000,24.9729,27.4222,24.2031,27.0423,286229.38452589,0
WEBS.US,D,20220413,000000,27.2622,27.3397,24.727,24.9529,229274.19027145,0
WEBS.US,D,20220414,000000,24.763,26.9123,24.763,26.9023,168263.84300225,0
WEBS.US,D,20220418,000000,27.1623,28.8118,26.9323,27.7221,220901.80972543,0
WEBS.US,D,20220419,000000,27.992,28.082,25.1728,25.4828,190808.25312723,0
WEBS.US,D,20220420,000000,26.2925,29.1517,26.2925,29.0317,317020.13936071,0
WEBS.US,D,20220421,000000,28.072,32.3908,27.3522,32.1409,282147.22383194,0
WEBS.US,D,20220422,000000,32.1009,34.4352,31.0313,34.1303,328735.47041865,0
WEBS.US,D,20220425,000000,34.6302,34.7801,31.691,31.9209,202167.48293375,0
WEBS.US,D,20220426,000000,32.7307,35.5199,32.5008,35.4499,196141.76962321,0
WEBS.US,D,20220427,000000,36.3797,37.6693,34.2003,37.1694,382696.81342169,0
WEBS.US,D,20220428,000000,34.8901,36.7695,31.2111,32.0909,338983.38424111,0
WEBS.US,D,20220429,000000,33.9204,36.8945,32.1009,36.7595,369142.95961064,0
WEBS.US,D,20220502,000000,37.0595,38.1392,34.0303,34.1103,487773.69026965,0
WEBS.US,D,20220503,000000,34.5702,35.4924,33.3555,34.8201,178487.74999876,0
WEBS.US,D,20220504,000000,35.13,38.0684,31.491,31.671,359391.18685757,0
WEBS.US,D,20220505,000000,33.3105,38.9088,33.3105,37.9092,376456.03896212,0
WEBS.US,D,20220506,000000,39.3287,43.1577,38.0792,41.1283,659396.48833445,0
WEBS.US,D,20220509,000000,44.0075,47.8464,42.308,47.1866,510887.26222626,0
WEBS.US,D,20220510,000000,44.2774,50.3257,42.7478,46.8467,522791.64703847,0
WEBS.US,D,20220511,000000,48.3063,51.5352,44.4873,51.2954,413370.53498007,0
WEBS.US,D,20220512,000000,54.1546,55.2243,45.8969,49.7858,472596.37485451,0
WEBS.US,D,20220513,000000,47.441,47.7724,41.788,42.238,386686.94794954,0
WEBS.US,D,20220516,000000,43.3877,46.2968,42.138,46.0769,276652.66154529,0
WEBS.US,D,20220517,000000,43.1377,47.1466,42.088,43.3877,465132.2525565,0
WEBS.US,D,20220518,000000,45.4971,50.3457,44.4923,49.8058,387882.28782439,0
WEBS.US,D,20220519,000000,51.6853,51.6853,46.0869,48.3862,605056.03753846,0
WEBS.US,D,20220520,000000,46.4268,52.9849,45.4371,48.7361,461843.31740294,0
WEBS.US,D,20220523,000000,47.9364,51.1754,47.4865,48.0663,351740.01137412,0
WEBS.US,D,20220524,000000,52.4851,57.6136,52.4801,55.7741,603639.6348081,0
WEBS.US,D,20220525,000000,56.5339,56.7739,49.8858,51.6253,377928.45761968,0
WEBS.US,D,20220526,000000,52.4051,53.3298,46.2368,47.3965,365210.84157881,0
WEBS.US,D,20220527,000000,46.3368,46.3368,42.7079,42.7079,250839.32195503,0
WEBS.US,D,20220531,000000,42.9578,45.5271,42.288,43.7875,303870.40045295,0
WEBS.US,D,20220601,000000,42.018,45.2171,39.9886,44.1075,350825.75141964,0
WEBS.US,D,20220602,000000,44.5473,44.6572,37.1994,37.7493,347427.78526494,0
WEBS.US,D,20220603,000000,39.3488,40.8384,38.2491,40.4885,286399.43287628,0
WEBS.US,D,20220606,000000,38.4691,40.8984,37.7193,39.9286,239549.11177308,0
WEBS.US,D,20220607,000000,41.6482,41.9143,38.559,38.844,215658.31882672,0
WEBS.US,D,20220608,000000,39.1789,39.1789,37.2132,38.729,206125.60836034,0
WEBS.US,D,20220609,000000,39.2188,43.0278,38.729,42.9678,308877.82422994,0
WEBS.US,D,20220610,000000,46.7767,49.671,45.9069,49.166,607720.79521763,0
WEBS.US,D,20220613,000000,54.8744,58.3834,52.9849,57.9235,586112.65130424,0
WEBS.US,D,20220614,000000,56.184,60.7023,55.1793,59.0932,489582.20449035,0
WEBS.US,D,20220615,000000,56.5039,57.2837,49.8658,52.5151,558617.83361387,0
WEBS.US,D,20220616,000000,57.6936,61.3825,56.206,60.3328,528393.23975743,0
WEBS.US,D,20220617,000000,59.4431,59.923,53.9846,55.6642,400677.92604955,0
WEBS.US,D,20220621,000000,53.1749,53.4248,49.8158,53.2649,235123.8535251,0
WEBS.US,D,20220622,000000,55.6942,55.6942,49.2366,52.4151,368515.781283,0
WEBS.US,D,20220623,000000,50.9355,52.785,47.0266,47.4865,496083.05289758,0
WEBS.US,D,20220624,000000,46.1369,46.1369,40.3185,40.4285,656166.56996132,0
WEBS.US,D,20220627,000000,39.7487,43.1127,39.4888,42.4979,416478.41865468,0
WEBS.US,D,20220628,000000,42.278,47.8664,41.0783,47.7764,676858.45335139,0
WEBS.US,D,20220629,000000,47.8064,49.8458,46.5668,47.8564,422417.10722119,0
WEBS.US,D,20220630,000000,50.0058,54.4919,49.316,51.4854,745317.91865239,0
WEBS.US,D,20220701,000000,51.8353,52.635,48.0763,48.2463,571431.47695849,0
WEBS.US,D,20220705,000000,50.5356,51.921,42.3679,42.3779,521806.36689058,0
WEBS.US,D,20220706,000000,42.088,43.9875,40.7384,42.7978,472425.3262197,0
WEBS.US,D,20220707,000000,42.4079,42.6879,39.0089,39.2988,281246.96785925,0
WEBS.US,D,20220708,000000,41.2683,42.1306,38.599,40.0286,680287.42832293,0
WEBS.US,D,20220711,000000,41.4782,44.6656,41.1283,44.0275,387700.23606102,0
WEBS.US,D,20220712,000000,43.6776,46.8063,41.6032,45.9969,604699.93628704,0
WEBS.US,D,20220713,000000,49.4759,50.1157,44.7073,46.4168,735832.22155348,0
WEBS.US,D,20220714,000000,47.9963,50.7856,47.4465,49.056,633300.06825499,0
WEBS.US,D,20220715,000000,46.7667,48.1363,44.0775,44.4074,427760.62656131,0
WEBS.US,D,20220718,000000,42.9078,45.1372,40.9484,44.6073,461453.20648144,0
WEBS.US,D,20220719,000000,42.5079,44.1374,39.6887,39.7887,513847.10380758,0
WEBS.US,D,20220720,000000,39.2288,39.2288,35.07,35.7398,725438.26620657,0
WEBS.US,D,20220721,000000,36.0997,36.9895,34.2103,34.2303,477733.83560533,0
WEBS.US,D,20220722,000000,36.0797,39.1182,34.3702,38.4991,878499.78668333,0
WEBS.US,D,20220725,000000,38.569,40.4585,38.3494,39.5388,503160.06512734,0
WEBS.US,D,20220726,000000,41.1083,44.0175,40.9983,43.7476,634133.30517194,0
WEBS.US,D,20220727,000000,40.5085,41.0983,35.9598,36.7196,796242.39817423,0
WEBS.US,D,20220728,000000,37.3194,39.1688,35.7898,35.8698,1017001.1672284,0
WEBS.US,D,20220729,000000,34.8901,36.1096,33.6404,33.8904,552582.11745919,0
WEBS.US,D,20220801,000000,34.8001,35.8627,32.2108,33.7004,577641.24260123,0
WEBS.US,D,20220802,000000,34.0703,34.1803,31.531,32.7907,544926.94083809,0
WEBS.US,D,20220803,000000,31.9909,32.1209,29.3067,29.5716,537686.88224883,0
WEBS.US,D,20220804,000000,29.8715,30.7013,29.1883,29.2617,490383.43230604,0
WEBS.US,D,20220805,000000,30.5913,30.7413,28.242,28.9018,667546.80574053,0
WEBS.US,D,20220808,000000,28.262,28.4519,26.1527,28.242,647951.23406831,0
WEBS.US,D,20220809,000000,28.9518,30.5913,28.9218,30.0714,535738.32821016,0
WEBS.US,D,20220810,000000,27.1122,27.5822,26.0226,26.2125,716080.60551267,0
WEBS.US,D,20220811,000000,25.2028,27.2922,24.5031,27.0623,705423.57536484,0
WEBS.US,D,20220812,000000,26.1726,26.6724,25.2528,25.2928,225203.03270606,0
WEBS.US,D,20220815,000000,25.7427,25.7427,24.633,24.8529,231526.830772,0
WEBS.US,D,20220816,000000,25.2528,26.376,24.533,25.0229,400393.84527595,0
WEBS.US,D,20220817,000000,26.0726,27.2622,25.8926,26.8324,472050.21956442,0
WEBS.US,D,20220818,000000,26.5025,27.2922,26.0126,26.3325,285750.24829153,0
WEBS.US,D,20220819,000000,27.5522,29.2317,27.407,28.8218,610510.58844855,0
WEBS.US,D,20220822,000000,30.7113,31.6612,30.0914,31.4411,657717.01080317,0
WEBS.US,D,20220823,000000,31.8309,32.3528,30.3929,32.3408,451130.27132793,0
WEBS.US,D,20220824,000000,32.3408,32.7207,30.4913,31.4311,368012.6382227,0
WEBS.US,D,20220825,000000,30.3914,30.8912,28.7518,28.8118,380600.21728974,0
WEBS.US,D,20220826,000000,28.8518,32.2308,28.4419,32.1609,732377.23918718,0
WEBS.US,D,20220829,000000,33.3905,33.5105,31.751,33.3505,720817.95249784,0
WEBS.US,D,20220830,000000,32.3508,35.0283,31.651,33.9403,491539.76108874,0
WEBS.US,D,20220831,000000,32.0109,34.2303,31.4161,34.1303,514163.19368244,0
WEBS.US,D,20220901,000000,35.6199,37.7893,34.8101,35.26,593790.83446687,0
WEBS.US,D,20220902,000000,34.1903,36.9595,33.3305,36.3996,619869.24942687,0
WEBS.US,D,20220906,000000,36.3697,38.589,36.2797,37.5893,576378.88367063,0
WEBS.US,D,20220907,000000,37.2994,37.5593,33.9303,34.1603,627280.35665094,0
WEBS.US,D,20220908,000000,35.32,35.5898,32.5208,32.9006,745334.92348743,0
WEBS.US,D,20220909,000000,31.8909,31.9309,30.0015,30.2514,502690.93173713,0
WEBS.US,D,20220912,000000,29.8015,30.0215,28.8118,29.1017,396566.7571076,0
WEBS.US,D,20220913,000000,32.3963,33.9603,32.1709,33.8504,868645.98492003,0
WEBS.US,D,20220914,000000,33.5305,34.6102,32.6307,32.7707,407950.99402447,0
WEBS.US,D,20220915,000000,33.3805,33.9703,31.3011,33.4905,509351.82565062,0
WEBS.US,D,20220916,000000,35.3899,36.7795,35.3499,35.6699,770621.11319147,0
WEBS.US,D,20220919,000000,36.6196,36.9895,35.06,35.16,360253.43202253,0
WEBS.US,D,20220920,000000,36.388,37.575,35.56,37.16,491370,0
WEBS.US,D,20220921,000000,36.47,39.33,34.71,39.33,855779,0
WEBS.US,D,20220922,000000,39.87,41.795,39.11,41.55,597552,0
WEBS.US,D,20220923,000000,42.89,45.4014,42,43.58,795254,0
WEBS.US,D,20220926,000000,44.09,45.2,41.2,45.13,622646,0
WEBS.US,D,20220927,000000,42.75,45.61,41.22,43.96,659245,0
WEBS.US,D,20220928,000000,43.552,43.84,38.6,39.21,515932,0
WEBS.US,D,20220929,000000,40.99,43.2,40.71,41.93,476583,0
WEBS.US,D,20220930,000000,42.3,43.47,39.49,43.47,562711,0
WEBS.US,D,20221003,000000,41.97,43.49,39.75,40.53,401872,0
WEBS.US,D,20221004,000000,37.36,37.365,34.61,34.81,525517,0
WEBS.US,D,20221005,000000,36.68,37.66,34.4,35,474312,0
WEBS.US,D,20221006,000000,35.21,35.8,33.63,35.06,318190,0
WEBS.US,D,20221007,000000,37.178,39.9403,36.99,39.42,516638,0
WEBS.US,D,20221010,000000,39.16,43.2699,39.16,41.83,461858,0
WEBS.US,D,20221011,000000,42.8,46.2965,41.9164,44.68,753947,0
WEBS.US,D,20221012,000000,44.64,46.08,43.19,43.89,492513,0
WEBS.US,D,20221013,000000,48.69,50.1,42.6,43.53,973418,0
WEBS.US,D,20221014,000000,41.43,47.15,40.6,46.91,555607,0
WEBS.US,D,20221017,000000,43.01,43.29,39.37,39.94,959577,0
WEBS.US,D,20221018,000000,35.93,39.23,35.534,37.96,634376,0
WEBS.US,D,20221019,000000,38.75,39.4599,36.72,38.69,384754,0
WEBS.US,D,20221020,000000,38.67,39.01,35.2,38.27,572972,0
WEBS.US,D,20221021,000000,40.07,40.8,36.8,37,627911,0
WEBS.US,D,20221024,000000,36.58,39.35,36.2218,36.74,404412,0
WEBS.US,D,20221025,000000,36.35,36.35,32.43,32.78,423755,0
WEBS.US,D,20221026,000000,35.33,35.97,32.66,35.44,589603,0
WEBS.US,D,20221027,000000,36.0156,37.46,34.94,37.3,400476,0
WEBS.US,D,20221028,000000,38.77,39.7099,36.53,36.66,457659,0
WEBS.US,D,20221031,000000,37.48,39.0601,36.58,38.26,320575,0
WEBS.US,D,20221101,000000,36.3,39.65,35.85,39.48,266608,0
WEBS.US,D,20221102,000000,40.24,45.88,40.02,45.73,1140941,0
WEBS.US,D,20221103,000000,46.625,48.25,44.86,47.87,465285,0
WEBS.US,D,20221104,000000,46.01,52.725,45.86,49.7,496425,0
WEBS.US,D,20221107,000000,48.19,50.66,47.8,48.3,201954,0
WEBS.US,D,20221108,000000,47.61,49.464,44.63,47.08,328228,0
WEBS.US,D,20221109,000000,48.18,51.32,48.03,51.13,384181,0
WEBS.US,D,20221110,000000,41.42,42.3,36,36.26,1115663,0
WEBS.US,D,20221111,000000,35.82,36.55,31.07,31.82,702827,0
WEBS.US,D,20221114,000000,32.65,33.5,31.3,32.97,620865,0
WEBS.US,D,20221115,000000,29.988,31.65,29.12,30.23,842162,0
WEBS.US,D,20221116,000000,31.41,33.28,31.41,33,812331,0
WEBS.US,D,20221117,000000,35.238,35.73,33.9,34.86,697408,0
WEBS.US,D,20221118,000000,33.3,36.3999,33.2,35.4,400820,0
WEBS.US,D,20221121,000000,36.26,37.9499,35.53,37.35,373666,0
WEBS.US,D,20221122,000000,37.3,39.238,36.315,36.43,389458,0
WEBS.US,D,20221123,000000,36.34,36.75,34.1,34.44,698904,0
WEBS.US,D,20221125,000000,34.94,35.42,34.68,34.99,178647,0
WEBS.US,D,20221128,000000,35.72,36.72,34.4,36.39,389494,0
WEBS.US,D,20221129,000000,36.1,37.6042,35.92,37.24,206089,0
WEBS.US,D,20221130,000000,37.02,37.2,30.83,30.87,702302,0
WEBS.US,D,20221201,000000,30.81,31.185,29.2,29.82,649071,0
WEBS.US,D,20221202,000000,31.74,31.8518,30.3,30.77,503002,0
WEBS.US,D,20221205,000000,31.47,33.9897,31.04,33.63,501362,0
WEBS.US,D,20221206,000000,33.76,36.86,33.7001,36.08,649323,0
WEBS.US,D,20221207,000000,36.6299,37.8,35.5841,36.92,721806,0
WEBS.US,D,20221208,000000,35.58,36.9,33.9715,34.63,575571,0
WEBS.US,D,20221209,000000,34.65,35.31,33.32,34.79,420974,0
WEBS.US,D,20221212,000000,34.38,34.5,32.665,32.69,351837,0
WEBS.US,D,20221213,000000,28.03,31.98,27.4,30.76,1094050,0
WEBS.US,D,20221214,000000,30.72,32.01,29.38,30.98,777136,0
WEBS.US,D,20221215,000000,32.93,35.16,32.61,34.73,791698,0
WEBS.US,D,20221216,000000,35.45,36.24,34.36,35.37,630195,0
WEBS.US,D,20221219,000000,35.58,38.15,35.56,37.81,1101228,0
WEBS.US,D,20221220,000000,38.15,39.1,36.35,37.22,588025,0
WEBS.US,D,20221221,000000,36.7,37.88,34.86,35.64,479212,0
WEBS.US,D,20221222,000000,37.16,40.05,37.16,38.05,506370,0
WEBS.US,D,20221223,000000,39.1,39.84,37.8,38.2,267925,0
WEBS.US,D,20221227,000000,38.43,40.75,38.43,40.01,282931,0
WEBS.US,D,20221228,000000,40.51,41.54,39.35,41.24,293298,0
WEBS.US,D,20221229,000000,39.61,40.28,36.5799,37,355207,0
WEBS.US,D,20221230,000000,38.97,38.98,36.87,36.87,281328,0
WEBS.US,D,20230103,000000,35.05,37.75,33.9,36.67,375840,0
WEBS.US,D,20230104,000000,35.01,37.0984,34.85,35.75,329063,0
WEBS.US,D,20230105,000000,36.48,38.75,36.47,38.38,480317,0
WEBS.US,D,20230106,000000,37.54,39.8978,35.8615,36.36,474224,0
WEBS.US,D,20230109,000000,35.152,35.2,32.7,34.81,398581,0
WEBS.US,D,20230110,000000,35.47,35.53,33.3623,33.4,346750,0
WEBS.US,D,20230111,000000,33,33.4,31.06,31.14,364264,0
WEBS.US,D,20230112,000000,30.57,32.75,30.15,30.35,483065,0
WEBS.US,D,20230113,000000,31.64,31.64,29.2501,29.49,550019,0
WEBS.US,D,20230117,000000,29.61,30.63,29.04,29.36,298697,0
WEBS.US,D,20230118,000000,28.72,30.66,27.85,30.64,559050,0
WEBS.US,D,20230119,000000,31.61,32.02,30.7,31.47,546612,0
WEBS.US,D,20230120,000000,30.68,31.22,28.115,28.21,569786,0
WEBS.US,D,20230123,000000,27.68,28.37,25.91,25.99,464392,0
WEBS.US,D,20230124,000000,26.62,26.92,25.52,26.79,236935,0
WEBS.US,D,20230125,000000,28.4,29.38,26.83,27.1,785614,0
WEBS.US,D,20230126,000000,25.79,26.83,25.19,25.25,463780,0
WEBS.US,D,20230127,000000,25.48,25.65,23.2701,23.88,556183,0
WEBS.US,D,20230130,000000,24.745,25.55,24.19,25.27,442226,0
WEBS.US,D,20230131,000000,25.062,25.198,23.78,23.81,386947,0
WEBS.US,D,20230201,000000,24.15,24.8,21.8885,22.29,679048,0
WEBS.US,D,20230202,000000,19.679,19.69,17.34,18.12,1842442,0
WEBS.US,D,20230203,000000,19.97,20.11,18.37,19.96,1244307,0
WEBS.US,D,20230206,000000,20.65,21.07,20.08,20.89,772085,0
WEBS.US,D,20230207,000000,21.038,21.6,19.28,19.59,884847,0
WEBS.US,D,20230208,000000,19.911,21.1827,19.7901,20.96,975108,0
WEBS.US,D,20230209,000000,19.96,22.16,19.96,21.89,638043,0
WEBS.US,D,20230210,000000,22.5799,23.74,22.26,23.25,872230,0
WEBS.US,D,20230213,000000,22.662,23.2284,21.49,21.75,454731,0
WEBS.US,D,20230214,000000,22.38,22.81,20.6412,21.06,912946,0
WEBS.US,D,20230215,000000,21.33,21.33,19.74,19.78,372758,0
WEBS.US,D,20230216,000000,20.78,21.1,19.83,21.07,618412,0
WEBS.US,D,20230217,000000,21.64,23.02,21.52,22.36,848678,0
WEBS.US,D,20230221,000000,23.38,24,22.76,23.95,486326,0
WEBS.US,D,20230222,000000,23.7699,24.2352,23.08,23.68,627770,0
WEBS.US,D,20230223,000000,23.19,25.12,23.15,23.78,641561,0
WEBS.US,D,20230224,000000,25.49,25.938,24.97,25.47,751475,0
WEBS.US,D,20230227,000000,24.66,25.358,24.37,25.14,312520,0
WEBS.US,D,20230228,000000,25.02,25.0598,24.18,24.71,374203,0
WEBS.US,D,20230301,000000,24.92,25.59,24.3,25.46,310483,0
WEBS.US,D,20230302,000000,25.6599,25.81,24.4601,24.59,524497,0
WEBS.US,D,20230303,000000,24.0601,24.1,22.47,22.57,731575,0
WEBS.US,D,20230306,000000,22.11,22.84,21.37,22.84,647727,0
WEBS.US,D,20230307,000000,22.66,23.44,22,23.38,539274,0
WEBS.US,D,20230308,000000,23.57,24.1388,23.02,23.46,320090,0
WEBS.US,D,20230309,000000,23.31,25.5,22.7356,25.34,499321,0
WEBS.US,D,20230310,000000,25.62,28,25.52,27.6,1342053,0
WEBS.US,D,20230313,000000,28.65,29.55,26.03,27.08,840345,0
WEBS.US,D,20230314,000000,25.46,26.1975,24.75,25.23,511242,0
WEBS.US,D,20230315,000000,26.34,26.34,24.23,24.34,536676,0
WEBS.US,D,20230316,000000,24.41,24.55,22.14,22.23,470481,0
WEBS.US,D,20230317,000000,22.38,23.52,22,23.07,477177,0
WEBS.US,D,20230320,000000,23.09,23.79,22.8874,23.02,224590,0
WEBS.US,D,20230321,000000,22.1,22.21,20.745,20.91,399090,0
WEBS.US,D,20230322,000000,20.96,22.46,20.2027,22.38,371532,0
WEBS.US,D,20230323,000000,21.51,22.12,20.25,21.47,426710,0
WEBS.US,D,20230324,000000,21.65,22.2899,21.4,21.44,303405,0
WEBS.US,D,20230327,000000,21.08,22.0266,20.8016,21.73,170398,0
WEBS.US,D,20230328,000000,21.84,22.64,21.81,22.19,239451,0
WEBS.US,D,20230329,000000,21.35,21.7,20.8832,21.04,344691,0
WEBS.US,D,20230330,000000,20.5,20.92,20.2,20.58,211985,0
WEBS.US,D,20230331,000000,20.36,20.43,18.91,18.99,441549,0
WEBS.US,D,20230403,000000,19.47,19.92,19.21,19.35,343556,0
WEBS.US,D,20230404,000000,19.12,19.6,18.87,19.34,337938,0
WEBS.US,D,20230405,000000,19.5,21.0662,19.47,20.6,407383,0
WEBS.US,D,20230406,000000,21.18,21.74,20.17,20.27,435895,0
WEBS.US,D,20230410,000000,20.9,21.2774,20.34,20.43,304661,0
WEBS.US,D,20230411,000000,20.46,21.1875,20.3,20.71,224704,0
WEBS.US,D,20230412,000000,20.13,21.33,19.8,21.31,281208,0
WEBS.US,D,20230413,000000,20.78,20.78,19.58,19.71,575812,0
WEBS.US,D,20230414,000000,20.03,20.51,19.44,19.85,248145,0
WEBS.US,D,20230417,000000,20.13,20.41,19.79,19.93,208727,0
WEBS.US,D,20230418,000000,19.35,20.21,19.3474,20.05,227366,0
WEBS.US,D,20230419,000000,20.72,20.9,20.24,20.52,179196,0
WEBS.US,D,20230420,000000,21.11,21.44,20.5142,21.27,295822,0
WEBS.US,D,20230421,000000,21.26,21.6246,20.77,20.93,319359,0
WEBS.US,D,20230424,000000,20.8,21.7061,20.46,21.24,218079,0
WEBS.US,D,20230425,000000,21.62,23.06,21.62,23.05,415601,0
WEBS.US,D,20230426,000000,22.32,22.85,21.5513,22.65,421896,0
WEBS.US,D,20230427,000000,20.912,21.46,20.3,20.55,555540,0
WEBS.US,D,20230428,000000,21.65,22.25,21.06,21.06,518418,0
WEBS.US,D,20230501,000000,21.13,21.75,21.13,21.42,245477,0
WEBS.US,D,20230502,000000,21.65,22.98,21.615,22.68,328541,0
WEBS.US,D,20230503,000000,22.57,23.22,21.835,23.13,275864,0
WEBS.US,D,20230504,000000,22.98,23.15,22.47,22.98,268235,0
WEBS.US,D,20230505,000000,22.52,22.61,21.95,22.13,153323,0
WEBS.US,D,20230508,000000,22,22.06,21.19,21.28,126799,0
WEBS.US,D,20230509,000000,21.87,21.87,21.21,21.57,119379,0
WEBS.US,D,20230510,000000,20.9,21.28,20.3357,20.59,272562,0
WEBS.US,D,20230511,000000,20.51,20.6792,20.04,20.22,286685,0
WEBS.US,D,20230512,000000,20.11,21.18,20.11,20.81,246821,0
WEBS.US,D,20230515,000000,20.77,20.77,19.77,19.88,266206,0
WEBS.US,D,20230516,000000,20.14,20.2999,19.79,20.11,135519,0
WEBS.US,D,20230517,000000,19.87,20.1,18.81,18.9,271572,0
WEBS.US,D,20230518,000000,18.99,18.99,17.4832,17.52,453901,0
WEBS.US,D,20230519,000000,17.67,18.16,17.52,17.96,305836,0
WEBS.US,D,20230522,000000,17.98,17.98,17.09,17.3,326366,0
WEBS.US,D,20230523,000000,17.75,18.02,17.09,18.02,261629,0
WEBS.US,D,20230524,000000,18.38,18.4,17.67,17.95,263378,0
WEBS.US,D,20230525,000000,17.48,18.27,17.48,18.03,202113,0
WEBS.US,D,20230526,000000,17.72,17.76,16.205,16.44,572053,0
WEBS.US,D,20230530,000000,15.71,16.4336,15.65,16.05,328144,0
WEBS.US,D,20230531,000000,16.33,16.47,15.72,15.8,214823,0
WEBS.US,D,20230601,000000,16.08,16.28,14.9814,15.3,307816,0
WEBS.US,D,20230602,000000,14.85,15.08,14.42,14.82,404194,0
WEBS.US,D,20230605,000000,15,15.16,14.43,14.72,325372,0
WEBS.US,D,20230606,000000,14.91,14.95,14.2066,14.43,279175,0
WEBS.US,D,20230607,000000,14.25,15.75,13.98,15.69,532616,0
WEBS.US,D,20230608,000000,15.78,16.09,15.27,15.48,324723,0
WEBS.US,D,20230609,000000,15.21,15.45,14.67,15.33,305316,0
WEBS.US,D,20230612,000000,15.08,15.25,14.63,14.65,131395,0
WEBS.US,D,20230613,000000,14.18,14.64,14.13,14.24,162526,0
WEBS.US,D,20230614,000000,14.22,14.74,14.01,14.16,271284,0
WEBS.US,D,20230615,000000,14.41,14.59,13.35,13.47,329840,0
WEBS.US,D,20230616,000000,13.22,14,13.22,13.96,312146,0
WEBS.US,D,20230620,000000,14.27,14.46,13.69,14,367582,0
WEBS.US,D,20230621,000000,14.03,14.8687,13.9162,14.67,360087,0
WEBS.US,D,20230622,000000,14.93,14.99,14.12,14.16,404572,0
WEBS.US,D,20230623,000000,14.69,14.8669,14.32,14.59,370697,0
WEBS.US,D,20230626,000000,14.61,15.11,14.12,15.11,280178,0
WEBS.US,D,20230627,000000,14.84,15.0478,14.12,14.32,180899,0
WEBS.US,D,20230628,000000,14.43,14.43,13.5102,13.71,557328,0
WEBS.US,D,20230629,000000,13.75,14.2495,13.715,14.09,215053,0
WEBS.US,D,20230630,000000,13.55,13.67,13.29,13.67,297745,0
WEBS.US,D,20230703,000000,13.7,13.7,13.4,13.43,125579,0
WEBS.US,D,20230705,000000,13.64,13.72,13.24,13.38,226353,0
WEBS.US,D,20230706,000000,13.86,14.435,13.86,14.1,493919,0
WEBS.US,D,20230707,000000,14.05,14.06,13.5115,13.98,330602,0
WEBS.US,D,20230710,000000,14,14.26,13.551,13.57,239797,0
WEBS.US,D,20230711,000000,13.39,13.45,12.62,12.67,607823,0
WEBS.US,D,20230712,000000,12.15,12.75,12.15,12.37,384285,0
WEBS.US,D,20230713,000000,11.97,12.0293,11.45,11.54,468523,0
WEBS.US,D,20230714,000000,11.51,11.99,11.36,11.89,485109,0
WEBS.US,D,20230717,000000,11.87,11.96,11.4,11.54,399101,0
WEBS.US,D,20230718,000000,11.5,11.68,11.17,11.22,281020,0
WEBS.US,D,20230719,000000,11.01,11.21,10.69,11.05,691012,0
WEBS.US,D,20230720,000000,11.49,12.25,11.3714,12.22,728567,0
WEBS.US,D,20230721,000000,11.88,12.38,11.77,12.3,574330,0
WEBS.US,D,20230724,000000,12.23,12.59,12.1,12.35,439862,0
WEBS.US,D,20230725,000000,12.21,12.2195,11.96,12.2,320845,0
WEBS.US,D,20230726,000000,12.31,12.45,11.92,12.0583,418580,0
WEBS.US,D,20230727,000000,11.4,12.48,11.345,12.39,967766,0
WEBS.US,D,20230728,000000,12,12.0492,11.5,11.59,351234,0
WEBS.US,D,20230731,000000,11.56,11.56,11.1,11.2,283743,0
WEBS.US,D,20230801,000000,11.4,11.6162,11.21,11.32,202104,0
WEBS.US,D,20230802,000000,11.88,12.58,11.88,12.38,470611,0
WEBS.US,D,20230803,000000,12.81,12.9,12.51,12.77,322134,0
WEBS.US,D,20230804,000000,11.88,12.54,11.82,12.52,545419,0
WEBS.US,D,20230807,000000,12.24,12.766,12.1004,12.12,276584,0
WEBS.US,D,20230808,000000,12.69,13.1377,12.51,12.59,387291,0
WEBS.US,D,20230809,000000,12.45,13.21,12.45,13.08,324604,0
WEBS.US,D,20230810,000000,12.71,13.18,12.2601,12.96,469303,0
WEBS.US,D,20230811,000000,13.28,13.36,12.94,13.2,333660,0
WEBS.US,D,20230814,000000,13.32,13.44,12.83,12.84,169047,0
WEBS.US,D,20230815,000000,13.09,13.51,12.97,13.46,265155,0
WEBS.US,D,20230816,000000,13.57,13.92,13.4026,13.92,325956,0
WEBS.US,D,20230817,000000,13.7,14.33,13.69,14.28,320586,0
WEBS.US,D,20230818,000000,14.85,15,14.15,14.26,506320,0
WEBS.US,D,20230821,000000,14.13,14.41,13.8013,13.99,208510,0
WEBS.US,D,20230822,000000,13.72,14.0166,13.615,13.86,234999,0
WEBS.US,D,20230823,000000,13.7,13.75,13,13.16,303728,0
WEBS.US,D,20230824,000000,12.91,14.205,12.84,14.2,615585,0
WEBS.US,D,20230825,000000,14.01,14.53,13.51,13.68,762006,0
WEBS.US,D,20230828,000000,13.35,13.68,13.26,13.46,302252,0
WEBS.US,D,20230829,000000,13.63,13.63,12.64,12.68,318523,0
WEBS.US,D,20230830,000000,12.85,12.888,12.45,12.48,242355,0
WEBS.US,D,20230831,000000,12.16,12.18,11.7252,11.93,499303,0
WEBS.US,D,20230901,000000,11.61,11.825,11.4115,11.68,501197,0
WEBS.US,D,20230905,000000,11.82,11.86,11.5,11.61,408846,0
WEBS.US,D,20230906,000000,11.72,12,11.5,11.81,386241,0
WEBS.US,D,20230907,000000,12.27,12.29,11.765,11.84,578880,0
WEBS.US,D,20230908,000000,11.82,11.92,11.62,11.8,521753,0
WEBS.US,D,20230911,000000,11.65,11.65,11.333,11.38,261257,0
WEBS.US,D,20230912,000000,11.55,11.8,11.36,11.8,492218,0
WEBS.US,D,20230913,000000,11.85,12.09,11.73,12,398833,0
WEBS.US,D,20230914,000000,11.87,12.1811,11.79,11.97,469025,0
WEBS.US,D,20230915,000000,12.1,12.68,12.07,12.57,614078,0
WEBS.US,D,20230918,000000,12.69,12.768,12.43,12.7,262006,0
WEBS.US,D,20230919,000000,12.71,13.158,12.62,12.74,361833,0
WEBS.US,D,20230920,000000,12.55,13.27,12.431,13.27,260293,0
WEBS.US,D,20230921,000000,13.86,14.45,13.74,14.45,710108,0
WEBS.US,D,20230922,000000,14.12,14.43,13.9,14.42,286411,0
WEBS.US,D,20230925,000000,14.61,14.7,14.181,14.24,328856,0
WEBS.US,D,20230926,000000,14.57,15.0601,14.39,14.96,341151,0
WEBS.US,D,20230927,000000,14.75,15.14,14.32,14.6,383891,0
WEBS.US,D,20230928,000000,14.98,15.16,14.09,14.34,372986,0
WEBS.US,D,20230929,000000,13.79,14.28,13.49,14.19,426152,0
WEBS.US,D,20231002,000000,14.18,14.29,13.69,13.9982,285924,0
WEBS.US,D,20231003,000000,14.3603,15.1999,14.065,15.03,541647,0
WEBS.US,D,20231004,000000,14.86,15.0416,14.4503,14.58,318068,0
WEBS.US,D,20231005,000000,14.65,15.48,14.5912,15.01,294984,0
WEBS.US,D,20231006,000000,15.52,15.52,13.79,13.92,463138,0
WEBS.US,D,20231009,000000,14.31,14.49,13.5003,13.61,344026,0
WEBS.US,D,20231010,000000,13.57,13.5866,12.9001,13.26,264422,0
WEBS.US,D,20231011,000000,13.07,13.4502,12.87,13.15,332159,0
WEBS.US,D,20231012,000000,13.17,14.02,13.12,13.79,459332,0
WEBS.US,D,20231013,000000,13.67,14.63,13.635,14.5,428578,0
WEBS.US,D,20231016,000000,14.18,14.2559,13.46,13.59,455077,0
WEBS.US,D,20231017,000000,13.98,14.06,13.315,13.54,346820,0
WEBS.US,D,20231018,000000,13.77,14.465,13.62,14.39,568454,0
WEBS.US,D,20231019,000000,13.88,14.5,13.5543,14.42,663009,0
WEBS.US,D,20231020,000000,14.52,15.34,14.392,15.29,577475,0
WEBS.US,D,20231023,000000,15.58,15.94,14.81,15.3,383498,0
WEBS.US,D,20231024,000000,14.91,15.11,14.35,14.57,223477,0
WEBS.US,D,20231025,000000,15.3,16.64,15.29,16.54,405109,0
WEBS.US,D,20231026,000000,16.94,17.86,16.59,17.46,893039,0
WEBS.US,D,20231027,000000,16.74,17.31,16.5483,17.09,481705,0
WEBS.US,D,20231030,000000,16.67,16.98,16.1722,16.4,305303,0
WEBS.US,D,20231031,000000,16.06,16.47,15.69,15.82,290641,0
WEBS.US,D,20231101,000000,15.86,16.17,15.51,15.56,243351,0
WEBS.US,D,20231102,000000,14.85,15.3775,14.74,15.07,242247,0
WEBS.US,D,20231103,000000,14.76,14.82,13.8963,14.04,465242,0
WEBS.US,D,20231106,000000,13.9,14.67,13.86,14.31,220901,0
WEBS.US,D,20231107,000000,13.81,14.0203,13.19,13.46,493982,0
WEBS.US,D,20231108,000000,13.47,13.83,13.43,13.59,275701,0
WEBS.US,D,20231109,000000,13.52,14.2331,13.45,14.19,250988,0
WEBS.US,D,20231110,000000,14.23,14.395,13.45,13.49,336669,0
WEBS.US,D,20231113,000000,13.67,13.82,13.41,13.58,188072,0
WEBS.US,D,20231114,000000,12.61,12.6966,12.0501,12.15,374086,0
WEBS.US,D,20231115,000000,11.91,12.17,11.6798,12.02,195246,0
WEBS.US,D,20231116,000000,12.47,12.65,12.33,12.38,255152,0
WEBS.US,D,20231117,000000,12.38,12.49,12.22,12.25,162197,0
WEBS.US,D,20231120,000000,12.23,12.23,11.72,11.8,215524,0
WEBS.US,D,20231121,000000,12.06,12.27,11.96,12.07,130268,0
WEBS.US,D,20231122,000000,11.85,11.92,11.54,11.76,248043,0
WEBS.US,D,20231124,000000,11.8,11.93,11.74,11.75,178960,0
WEBS.US,D,20231127,000000,11.78,11.87,11.5217,11.78,138971,0
WEBS.US,D,20231128,000000,11.84,11.98,11.5,11.52,268023,0
WEBS.US,D,20231129,000000,11.17,11.3,10.9,11.28,322659,0
WEBS.US,D,20231130,000000,10.96,11.45,10.78,11.14,329975,0
WEBS.US,D,20231201,000000,11.22,11.34,10.53,10.56,556962,0
WEBS.US,D,20231204,000000,10.91,11.09,10.73,10.78,283536,0
WEBS.US,D,20231205,000000,11.01,11.11,10.71,10.86,222247,0
WEBS.US,D,20231206,000000,10.66,11.03,10.51,11.02,266951,0
WEBS.US,D,20231207,000000,10.79,10.87,10.5,10.62,177249,0
WEBS.US,D,20231208,000000,10.8,10.85,10.325,10.4,204009,0
WEBS.US,D,20231211,000000,10.41,10.52,10.1699,10.205,272597,0
WEBS.US,D,20231212,000000,10.3,10.44,10.05,10.05,265400,0
WEBS.US,D,20231213,000000,9.99,10.185,9.47,9.5,413600,0
WEBS.US,D,20231214,000000,9.21,9.57,9.05,9.27,727351,0
WEBS.US,D,20231215,000000,9.26,9.3552,9.05,9.12,167488,0
WEBS.US,D,20231218,000000,9.07,9.1,8.6731,8.79,508803,0
WEBS.US,D,20231219,000000,8.68,8.68,8.5,8.55,263927,0
WEBS.US,D,20231220,000000,8.59,8.93,8.35,8.89,1273362,0
WEBS.US,D,20231221,000000,8.5,8.61,8.33,8.35,818002,0
WEBS.US,D,20231222,000000,8.27,8.48,8.1893,8.35,730657,0
WEBS.US,D,20231226,000000,8.33,8.38,8.24,8.28,154022,0
WEBS.US,D,20231227,000000,8.28,8.3799,8.17,8.3,214024,0
WEBS.US,D,20231228,000000,8.29,8.35,8.21,8.27,489289,0
WEBS.US,D,20231229,000000,8.3399,8.6,8.255,8.52,485843,0
WEBS.US,D,20240102,000000,8.8,9.28,8.77,9.13,512523,0
WEBS.US,D,20240103,000000,9.45,9.525,9.265,9.52,629465,0
WEBS.US,D,20240104,000000,9.63,9.765,9.4,9.61,632260,0
WEBS.US,D,20240105,000000,9.68,9.7,9.28,9.5,461913,0
WEBS.US,D,20240108,000000,9.35,9.35,8.74,8.74,721908,0
WEBS.US,D,20240109,000000,8.85,8.85,8.46,8.57,238102,0
WEBS.US,D,20240110,000000,8.52,8.5888,8.24,8.36,460741,0
WEBS.US,D,20240111,000000,8.25,8.62,8.1143,8.25,677755,0
WEBS.US,D,20240112,000000,8.21,8.3199,8.06,8.31,294159,0
WEBS.US,D,20240116,000000,8.48,8.66,8.3799,8.55,375782,0
WEBS.US,D,20240117,000000,8.77,9.125,8.6107,8.64,566108,0
WEBS.US,D,20240118,000000,8.41,8.569,8.27,8.31,759070,0
WEBS.US,D,20240119,000000,8.1,8.2388,7.861,7.88,844877,0
WEBS.US,D,20240122,000000,7.61,7.78,7.46,7.73,919024,0
WEBS.US,D,20240123,000000,7.66,7.8,7.605,7.68,179854,0
WEBS.US,D,20240124,000000,7.31,7.61,7.2702,7.61,499612,0
WEBS.US,D,20240125,000000,7.43,7.64,7.34,7.48,344876,0
WEBS.US,D,20240126,000000,7.49,7.54,7.275,7.42,596201,0
WEBS.US,D,20240129,000000,7.39,7.4,6.95,6.96,497469,0
WEBS.US,D,20240130,000000,7.03,7.22,6.99,7.19,676152,0
WEBS.US,D,20240131,000000,7.56,7.8599,7.38,7.85,1919827,0
WEBS.US,D,20240201,000000,7.66,7.75,7.5001,7.57,740970,0
WEBS.US,D,20240202,000000,7.12,7.35,6.77,6.84,1367747,0
WEBS.US,D,20240205,000000,6.93,7.21,6.86,7.08,1433620,0
WEBS.US,D,20240206,000000,6.97,7.2086,6.93,7.02,687193,0
WEBS.US,D,20240207,000000,7,7.07,6.84,6.91,439560,0
WEBS.US,D,20240208,000000,6.88,6.93,6.69,6.75,611359,0
WEBS.US,D,20240209,000000,6.55,6.64,6.3601,6.44,1041949,0
WEBS.US,D,20240212,000000,6.44,6.51,6.3,6.49,728114,0
WEBS.US,D,20240213,000000,7.07,7.16,6.73,6.91,1159659,0
WEBS.US,D,20240214,000000,6.74,6.83,6.5,6.53,688581,0
WEBS.US,D,20240215,000000,6.57,6.69,6.4601,6.47,600285,0
WEBS.US,D,20240216,000000,6.66,6.95,6.66,6.88,599788,0
WEBS.US,D,20240220,000000,7.05,7.34,6.985,7.16,607557,0
WEBS.US,D,20240221,000000,7.35,7.515,7.3005,7.32,686096,0
WEBS.US,D,20240222,000000,6.87,6.99,6.73,6.79,752642,0
WEBS.US,D,20240223,000000,6.66,6.8,6.54,6.73,461148,0
WEBS.US,D,20240226,000000,6.74,6.8,6.655,6.8,569776,0
WEBS.US,D,20240227,000000,6.72,6.76,6.6,6.64,374824,0
WEBS.US,D,20240228,000000,6.74,6.78,6.6,6.71,421287,0
WEBS.US,D,20240229,000000,6.67,6.775,6.51,6.54,471103,0
WEBS.US,D,20240301,000000,6.51,6.535,6.2773,6.33,565149,0
WEBS.US,D,20240304,000000,6.32,6.4999,6.32,6.45,486099,0
WEBS.US,D,20240305,000000,6.63,6.99,6.62,6.9,583183,0
WEBS.US,D,20240306,000000,6.62,6.87,6.56,6.78,698088,0
WEBS.US,D,20240307,000000,6.65,6.78,6.461,6.54,342893,0
WEBS.US,D,20240308,000000,6.43,6.65,6.2019,6.56,512881,0
WEBS.US,D,20240311,000000,6.69,6.805,6.6,6.7,598834,0
WEBS.US,D,20240312,000000,6.61,6.74,6.45,6.51,544147,0
WEBS.US,D,20240313,000000,6.56,6.57,6.375,6.48,398627,0
WEBS.US,D,20240314,000000,6.42,6.65,6.4,6.53,486924,0
WEBS.US,D,20240315,000000,6.68,6.8799,6.64,6.87,657163,0
WEBS.US,D,20240318,000000,6.6,6.7,6.485,6.58,559206,0
WEBS.US,D,20240319,000000,6.66,6.765,6.49,6.49,703699,0
WEBS.US,D,20240320,000000,6.47,6.485,6.12,6.14,829497,0
WEBS.US,D,20240321,000000,5.99,6.15,5.9477,6.15,586980,0
WEBS.US,D,20240322,000000,6.17,6.209,6.085,6.14,411448,0
WEBS.US,D,20240325,000000,6.21,6.265,6.115,6.17,389627,0
WEBS.US,D,20240326,000000,6.08,6.1751,6,6.17,583877,0
WEBS.US,D,20240327,000000,6.07,6.365,6.03,6.24,714163,0
WEBS.US,D,20240328,000000,6.2,6.28,6.13,6.27,246711,0
WEBS.US,D,20240401,000000,6.24,6.31,6.11,6.23,228373,0
WEBS.US,D,20240402,000000,6.5,6.62,6.364,6.38,320224,0
WEBS.US,D,20240403,000000,6.44,6.44,6.23,6.3,446731,0
WEBS.US,D,20240404,000000,6.14,6.58,6.045,6.58,944348,0
WEBS.US,D,20240405,000000,6.5,6.53,6.13,6.24,990939,0
WEBS.US,D,20240408,000000,6.16,6.3,6.105,6.21,468253,0
WEBS.US,D,20240409,000000,6.12,6.3,6.07,6.11,364164,0
WEBS.US,D,20240410,000000,6.39,6.39,6.2213,6.28,511143,0
WEBS.US,D,20240411,000000,6.19,6.305,6,6.04,531466,0
WEBS.US,D,20240412,000000,6.2,6.485,6.17,6.44,716387,0
WEBS.US,D,20240415,000000,6.34,6.9798,6.33,6.96,680329,0
WEBS.US,D,20240416,000000,6.97,7.05,6.77,6.91,1004701,0
WEBS.US,D,20240417,000000,6.8,7.1402,6.78,7.05,695729,0
WEBS.US,D,20240418,000000,6.99,7.13,6.815,7.09,614197,0
WEBS.US,D,20240419,000000,7.22,7.6261,7.155,7.52,1281410,0
WEBS.US,D,20240422,000000,7.32,7.645,7.185,7.33,817998,0
WEBS.US,D,20240423,000000,7.18,7.195,6.82,6.9,497743,0
WEBS.US,D,20240424,000000,6.81,7.13,6.73,6.975,632978,0
WEBS.US,D,20240425,000000,7.7,7.78,7.23,7.28,831090,0
WEBS.US,D,20240426,000000,6.75,6.91,6.65,6.7,529131,0
WEBS.US,D,20240429,000000,6.68,6.92,6.61,6.83,807021,0
WEBS.US,D,20240430,000000,6.91,7.22,6.78,7.18,950486,0
WEBS.US,D,20240501,000000,7.07,7.148,6.4869,6.99,1234159,0
WEBS.US,D,20240502,000000,6.81,7.0899,6.675,6.69,1156754,0
WEBS.US,D,20240503,000000,6.48,6.72,6.45,6.6,697536,0
WEBS.US,D,20240506,000000,6.51,6.565,6.31,6.31,437537,0
WEBS.US,D,20240507,000000,6.38,6.41,6.27,6.35,384317,0
WEBS.US,D,20240508,000000,6.51,6.54,6.3697,6.43,239574,0
WEBS.US,D,20240509,000000,6.56,6.6101,6.445,6.47,510387,0
WEBS.US,D,20240510,000000,6.45,6.61,6.4105,6.55,248468,0
WEBS.US,D,20240513,000000,6.57,6.5995,6.475,6.48,325416,0
WEBS.US,D,20240514,000000,6.51,6.52,6.37,6.4,443882,0
WEBS.US,D,20240515,000000,6.25,6.385,6.11,6.125,547949,0
WEBS.US,D,20240516,000000,6.12,6.21,6.105,6.2,293713,0
WEBS.US,D,20240517,000000,6.2,6.26,6.1395,6.18,207799,0
WEBS.US,D,20240520,000000,6.18,6.185,6.095,6.12,246362,0
WEBS.US,D,20240521,000000,6.19,6.2817,6.175,6.22,174441,0
WEBS.US,D,20240522,000000,6.22,6.365,6.19,6.29,274618,0
WEBS.US,D,20240523,000000,6.19,6.68,6.19,6.62,610056,0
WEBS.US,D,20240524,000000,6.64,6.68,6.4732,6.59,277095,0
WEBS.US,D,20240528,000000,6.6,6.775,6.58,6.68,338985,0
WEBS.US,D,20240529,000000,6.88,6.88,6.62,6.7,323804,0
WEBS.US,D,20240530,000000,6.98,7.38,6.98,7.31,965438,0
WEBS.US,D,20240531,000000,7.36,7.78,7.3,7.41,1006572,0
WEBS.US,D,20240603,000000,7.26,7.58,7.2,7.34,370229,0
WEBS.US,D,20240604,000000,7.36,7.445,7.2485,7.33,257043,0
WEBS.US,D,20240605,000000,7.14,7.295,7.08,7.09,297712,0
WEBS.US,D,20240606,000000,7.02,7.035,6.81,6.85,558583,0
WEBS.US,D,20240607,000000,6.92,7.02,6.81,6.97,386300,0
WEBS.US,D,20240610,000000,7.02,7.09,6.8684,6.9,303436,0
WEBS.US,D,20240611,000000,6.91,7.055,6.84,6.84,362821,0
WEBS.US,D,20240612,000000,6.59,6.82,6.56,6.76,331857,0
WEBS.US,D,20240613,000000,6.76,7.0501,6.76,7.01,350584,0
WEBS.US,D,20240614,000000,7.07,7.1,6.9699,6.98,304932,0
WEBS.US,D,20240617,000000,7.05,7.17,6.7701,6.86,819700,0
WEBS.US,D,20240618,000000,6.92,6.995,6.86,6.94,551881,0
WEBS.US,D,20240620,000000,6.92,6.965,6.8192,6.85,438794,0
WEBS.US,D,20240621,000000,6.75,6.85,6.65,6.65,420572,0
