<TICKER>,<PER>,<DATE>,<TIME>,<OPEN>,<HIGH>,<LOW>,<CLOSE>,<VOL>,<OPENINT>
AEMB.US,D,20210702,000000,48.9432,48.9432,48.9432,48.9432,100.99059802759,0
AEMB.US,D,20210707,000000,49.1432,49.1432,49.1432,49.1432,1.0099059802759,0
AEMB.US,D,20210709,000000,49.0016,49.0016,48.9718,48.9718,306.0015120236,0
AEMB.US,D,20210712,000000,49.0016,49.0016,49.0016,49.0016,1.0099059802759,0
AEMB.US,D,20210713,000000,48.8837,48.8837,48.8837,48.8837,1.0099059802759,0
AEMB.US,D,20210714,000000,49.0461,49.0461,49.0461,49.0461,2.0198119605518,0
AEMB.US,D,20210720,000000,49.1927,49.1927,49.1927,49.1927,2.0198119605518,0
AEMB.US,D,20210721,000000,49.0709,49.0798,48.9917,48.9917,401.94258014982,0
AEMB.US,D,20210722,000000,49.1877,49.2175,49.1244,49.1244,612.00302404721,0
AEMB.US,D,20210723,000000,49.1828,49.2175,49.1828,49.1828,205.01091399601,0
AEMB.US,D,20210727,000000,48.8402,48.8402,48.8402,48.8402,2.0198119605518,0
AEMB.US,D,20210729,000000,48.9917,48.9917,48.9917,48.9917,1.0099059802759,0
AEMB.US,D,20210730,000000,49.1244,49.1244,49.1244,49.1244,1.0099059802759,0
AEMB.US,D,20210802,000000,49.0798,49.0798,49.0798,49.0798,614129.88604167,0
AEMB.US,D,20210803,000000,49.0066,49.0066,49.0066,49.0066,1431.036774051,0
AEMB.US,D,20210804,000000,49.0184,49.0184,49.0184,49.0184,10.099059802759,0
AEMB.US,D,20210805,000000,49.0056,49.0056,49.0056,49.0056,1.0099059802759,0
AEMB.US,D,20210806,000000,48.7729,48.7729,48.7729,48.7729,1.0099059802759,0
AEMB.US,D,20210809,000000,48.6392,48.6392,48.6392,48.6392,16.158495684415,0
AEMB.US,D,20210810,000000,48.6659,48.6659,48.6659,48.6659,3.0297179408278,0
AEMB.US,D,20210811,000000,48.7421,48.7421,48.7421,48.7421,2.0198119605518,0
AEMB.US,D,20210812,000000,48.7669,48.7669,48.7669,48.7669,1.0099059802759,0
AEMB.US,D,20210813,000000,48.9432,48.9432,48.9432,48.9432,1.0099059802759,0
AEMB.US,D,20210816,000000,48.9917,48.9917,48.9917,48.9917,2.0198119605518,0
AEMB.US,D,20210817,000000,48.8837,48.8837,48.8837,48.8837,1.0099059802759,0
AEMB.US,D,20210818,000000,48.8837,48.8837,48.8837,48.8837,1.0099059802759,0
AEMB.US,D,20210819,000000,48.8778,48.8778,48.8778,48.8778,1.0099059802759,0
AEMB.US,D,20210820,000000,48.7867,48.7867,48.7867,48.7867,1.0099059802759,0
AEMB.US,D,20210823,000000,48.9333,48.9333,48.9333,48.9333,8.0792478422073,0
AEMB.US,D,20210824,000000,48.9481,48.9481,48.9481,48.9481,1.0099059802759,0
AEMB.US,D,20210825,000000,48.8887,48.8887,48.8887,48.8887,1.0099059802759,0
AEMB.US,D,20210826,000000,48.854,48.854,48.854,48.854,40.396239211037,0
AEMB.US,D,20210827,000000,49.1244,49.1244,49.1244,49.1244,1.0099059802759,0
AEMB.US,D,20210830,000000,49.1977,49.1977,49.1977,49.1977,1.0099059802759,0
AEMB.US,D,20210831,000000,49.0511,49.2412,49.0511,49.2412,612.00302404721,0
AEMB.US,D,20210901,000000,49.1779,49.1779,49.1779,49.1779,1.0099059802759,0
AEMB.US,D,20210902,000000,49.1967,49.1967,49.1967,49.1967,20.198119605518,0
AEMB.US,D,20210903,000000,49.162,49.162,49.162,49.162,1.0099059802759,0
AEMB.US,D,20210907,000000,49.1194,49.1194,49.1194,49.1194,1.0099059802759,0
AEMB.US,D,20210908,000000,49.1877,49.1877,49.1877,49.1877,1.0099059802759,0
AEMB.US,D,20210909,000000,49.2363,49.2363,49.2363,49.2363,1.0099059802759,0
AEMB.US,D,20210910,000000,49.1432,49.1432,49.1432,49.1432,1.0099059802759,0
AEMB.US,D,20210913,000000,49.1917,49.1917,49.1917,49.1917,1.0099059802759,0
AEMB.US,D,20210914,000000,49.2858,49.2858,49.2858,49.2858,1.0099059802759,0
AEMB.US,D,20210915,000000,49.2264,49.2264,49.2264,49.2264,1.0099059802759,0
AEMB.US,D,20210916,000000,49.0848,49.0848,49.0848,49.0848,1.0099059802759,0
AEMB.US,D,20210917,000000,48.958,48.958,48.958,48.958,5.0495299013796,0
AEMB.US,D,20210920,000000,48.7551,48.7551,48.7551,48.7551,1.0099059802759,0
AEMB.US,D,20210921,000000,48.7669,48.7669,48.7669,48.7669,1.0099059802759,0
AEMB.US,D,20210922,000000,48.8788,48.8788,48.8788,48.8788,69.683512639038,0
AEMB.US,D,20210923,000000,48.8352,48.8352,48.5798,48.5798,12258.238788589,0
AEMB.US,D,20210924,000000,48.4342,48.4342,48.4342,48.4342,1.0099059802759,0
AEMB.US,D,20210927,000000,48.3095,48.3095,48.3095,48.3095,1.0099059802759,0
AEMB.US,D,20210928,000000,48.1679,48.1679,48.1252,48.1252,1098.7777065402,0
AEMB.US,D,20210929,000000,48.3303,48.3303,48.1797,48.1797,1764.305747542,0
AEMB.US,D,20210930,000000,48.15,48.15,48.1451,48.1451,205.01091399601,0
AEMB.US,D,20211001,000000,48.1252,48.1252,48.1252,48.1252,1.0099059802759,0
AEMB.US,D,20211004,000000,48.0411,48.0411,47.9827,47.9827,204.00100801574,0
AEMB.US,D,20211005,000000,47.954,47.954,47.954,47.954,1.0099059802759,0
AEMB.US,D,20211006,000000,47.845,47.845,47.845,47.845,1.0099059802759,0
AEMB.US,D,20211007,000000,47.944,47.944,47.944,47.944,1.0099059802759,0
AEMB.US,D,20211008,000000,47.8252,47.8252,47.8252,47.8252,2.0198119605518,0
AEMB.US,D,20211011,000000,47.6985,47.7064,47.6985,47.7064,205.01091399601,0
AEMB.US,D,20211012,000000,47.7509,47.7509,47.7509,47.7509,1.0099059802759,0
AEMB.US,D,20211013,000000,48.0124,48.0787,48.0124,48.0787,52324.238744076,0
AEMB.US,D,20211014,000000,48.2332,48.2332,48.2332,48.2332,1.0099059802759,0
AEMB.US,D,20211015,000000,48.1204,48.1204,48.1204,48.1204,1.0099059802759,0
AEMB.US,D,20211018,000000,48.0856,48.0856,48.0856,48.0856,1.0099059802759,0
AEMB.US,D,20211019,000000,48.0491,48.0491,48.0491,48.0491,1.0099059802759,0
AEMB.US,D,20211020,000000,48.0856,48.0856,48.0856,48.0856,1.0099059802759,0
AEMB.US,D,20211021,000000,47.9926,47.9926,47.8897,47.8897,52075.801872928,0
AEMB.US,D,20211022,000000,47.9827,47.9827,47.9827,47.9827,1.0099059802759,0
AEMB.US,D,20211025,000000,48.0461,48.051,48.0461,48.051,100.99059802759,0
AEMB.US,D,20211026,000000,48.1154,48.1154,48.1154,48.1154,1.0099059802759,0
AEMB.US,D,20211027,000000,48.3956,48.3956,48.3956,48.3956,2.0198119605518,0
AEMB.US,D,20211028,000000,48.2728,48.2728,48.2728,48.2728,1.0099059802759,0
AEMB.US,D,20211029,000000,48.1302,48.1302,48.1302,48.1302,1.0099059802759,0
AEMB.US,D,20211101,000000,47.9143,47.9143,47.9143,47.9143,5.0495299013796,0
AEMB.US,D,20211102,000000,47.9876,47.9876,47.9876,47.9876,3.0297179408278,0
AEMB.US,D,20211103,000000,47.8352,47.8352,47.8352,47.8352,4.0396239211037,0
AEMB.US,D,20211104,000000,48.1599,48.1897,48.1154,48.1154,6348.2689920144,0
AEMB.US,D,20211105,000000,48.4055,48.4055,48.4055,48.4055,168.65429870608,0
AEMB.US,D,20211108,000000,48.3758,48.3758,48.3758,48.3758,6.0594358816555,0
AEMB.US,D,20211109,000000,48.4253,48.4253,48.4253,48.4253,4.0396239211037,0
AEMB.US,D,20211110,000000,47.8054,47.8054,47.7856,47.7876,2646.9635743032,0
AEMB.US,D,20211111,000000,47.9728,47.9827,47.8549,47.8549,332.25906751078,0
AEMB.US,D,20211112,000000,47.9728,47.9728,47.9143,47.9302,3583.146418019,0
AEMB.US,D,20211115,000000,47.8549,47.8549,47.8549,47.8549,3.0297179408278,0
AEMB.US,D,20211116,000000,47.7302,47.7302,47.7302,47.7302,5.0495299013796,0
AEMB.US,D,20211117,000000,47.7659,47.7659,47.7659,47.7659,2.0198119605518,0
AEMB.US,D,20211118,000000,47.9193,47.9193,47.9193,47.9193,2.0198119605518,0
AEMB.US,D,20211119,000000,47.9045,47.9045,47.9045,47.9045,5.0495299013796,0
AEMB.US,D,20211122,000000,47.4529,47.4529,47.4529,47.4529,2.0198119605518,0
AEMB.US,D,20211123,000000,47.2163,47.2163,47.2163,47.2163,53.525016954624,0
AEMB.US,D,20211124,000000,47.2658,47.2658,47.2658,47.2658,35.346709309657,0
AEMB.US,D,20211126,000000,46.7539,46.7539,46.7539,46.7539,34.336803329381,0
AEMB.US,D,20211129,000000,47.1479,47.245,47.1381,47.1381,6615.8940767875,0
AEMB.US,D,20211130,000000,47.1579,47.1677,47.1459,47.1459,9395.1553345069,0
AEMB.US,D,20211201,000000,47.1677,47.1777,47.1479,47.1479,2039.0001741771,0
AEMB.US,D,20211202,000000,47.3688,47.3688,47.3688,47.3688,4.0396239211037,0
AEMB.US,D,20211203,000000,47.4817,47.4817,47.4817,47.4817,3.0297179408278,0
AEMB.US,D,20211206,000000,47.5004,47.5004,47.5004,47.5004,1.0099059802759,0
AEMB.US,D,20211207,000000,47.7223,47.7223,47.7223,47.7223,4.0396239211037,0
AEMB.US,D,20211208,000000,47.6688,47.6688,47.6688,47.6688,2.0198119605518,0
AEMB.US,D,20211209,000000,47.55,47.649,47.55,47.649,103.01040998814,0
AEMB.US,D,20211210,000000,47.6638,47.6638,47.6638,47.6638,82.812290382625,0
AEMB.US,D,20211213,000000,47.8649,47.8649,47.8649,47.8649,3.0297179408278,0
AEMB.US,D,20211214,000000,47.7559,47.7668,47.7559,47.7668,52619.131290317,0
AEMB.US,D,20211215,000000,47.6193,47.6193,47.6193,47.6193,100.99059802759,0
AEMB.US,D,20211216,000000,47.655,47.655,47.655,47.655,2.0198119605518,0
AEMB.US,D,20211217,000000,47.5945,47.5945,47.5945,47.5945,9.0891538224833,0
AEMB.US,D,20211220,000000,47.3193,47.3193,47.3193,47.3193,14.138683723863,0
AEMB.US,D,20211221,000000,47.4886,47.4886,47.4886,47.4886,28.277367447726,0
AEMB.US,D,20211222,000000,47.5895,47.5895,47.5895,47.5895,30.297179408278,0
AEMB.US,D,20211223,000000,47.6233,47.6233,47.6233,47.6233,31.307085388553,0
AEMB.US,D,20211227,000000,47.6985,47.6985,47.6985,47.6985,578.6761266981,0
AEMB.US,D,20211228,000000,47.7371,47.7569,47.6816,47.6816,2028.9011143743,0
AEMB.US,D,20211229,000000,47.643,47.643,47.643,47.643,4.0396239211037,0
AEMB.US,D,20211230,000000,47.8202,47.8202,47.8202,47.8202,1.0099059802759,0
AEMB.US,D,20211231,000000,47.8401,47.8401,47.8401,47.8401,25.247649506898,0
AEMB.US,D,20220103,000000,47.3926,47.3926,47.3926,47.3926,1.0099059802759,0
AEMB.US,D,20220104,000000,47.4123,47.4123,47.3529,47.3984,4386.0216723383,0
AEMB.US,D,20220105,000000,46.9875,46.9875,46.9875,46.9875,48.475487053244,0
AEMB.US,D,20220106,000000,47.0371,47.0737,47.0173,47.0737,2064.247823684,0
AEMB.US,D,20220107,000000,47.0083,47.0083,47.0083,47.0083,25.247649506898,0
AEMB.US,D,20220110,000000,46.9291,46.9291,46.9291,46.9291,2.0198119605518,0
AEMB.US,D,20220111,000000,46.9291,46.9291,46.9291,46.9291,18.178307644967,0
AEMB.US,D,20220112,000000,46.9093,46.9093,46.9093,46.9093,2.0198119605518,0
AEMB.US,D,20220113,000000,46.7261,46.7261,46.7173,46.7173,244.39724722677,0
AEMB.US,D,20220114,000000,46.3568,46.3766,46.2973,46.2973,1469.4132013015,0
AEMB.US,D,20220118,000000,45.9082,45.9082,45.9082,45.9082,72.713230579866,0
AEMB.US,D,20220119,000000,46.1499,46.1499,46.1092,46.1092,207.03072595656,0
AEMB.US,D,20220120,000000,46.2973,46.2973,46.2973,46.2973,3.0297179408278,0
AEMB.US,D,20220121,000000,46.3716,46.3716,46.3716,46.3716,3.0297179408278,0
AEMB.US,D,20220124,000000,46.031,46.031,46.031,46.031,33.326897349105,0
AEMB.US,D,20220125,000000,46.0874,46.0874,46.0874,46.0874,77.762760481246,0
AEMB.US,D,20220126,000000,45.927,45.927,45.927,45.927,2.0198119605518,0
AEMB.US,D,20220127,000000,46.135,46.135,46.135,46.135,74.733042540418,0
AEMB.US,D,20220128,000000,46.2212,46.2212,46.2212,46.2212,44.43586313214,0
AEMB.US,D,20220131,000000,46.2092,46.2092,46.2092,46.2092,1.0099059802759,0
AEMB.US,D,20220201,000000,46.1073,46.1073,46.1073,46.1073,1.0099059802759,0
AEMB.US,D,20220202,000000,46.3954,46.3954,46.3954,46.3954,6.0594358816555,0
AEMB.US,D,20220203,000000,46.1201,46.1201,46.0608,46.0608,406.99211005119,0
AEMB.US,D,20220204,000000,45.8489,45.8489,45.8489,45.8489,1.0099059802759,0
AEMB.US,D,20220207,000000,45.8775,45.8775,45.8775,45.8775,6.0594358816555,0
AEMB.US,D,20220208,000000,45.7201,45.7201,45.7201,45.7201,9.0891538224833,0
AEMB.US,D,20220209,000000,45.8142,45.8142,45.8142,45.8142,2.0198119605518,0
AEMB.US,D,20220210,000000,45.5973,45.5973,45.222,45.222,100.99059802759,0
AEMB.US,D,20220211,000000,44.9537,44.9537,44.9537,44.9537,2.0198119605518,0
AEMB.US,D,20220214,000000,45.1537,45.2122,45.0388,45.0388,2952.9650863268,0
AEMB.US,D,20220215,000000,45.3854,45.3854,45.2874,45.2874,204.00100801574,0
AEMB.US,D,20220216,000000,45.2973,45.2973,45.2973,45.2973,1.0099059802759,0
AEMB.US,D,20220217,000000,45.1299,45.1299,45.1299,45.1299,100.99059802759,0
AEMB.US,D,20220218,000000,45.2666,45.2666,45.1982,45.1982,202.99110203546,0
AEMB.US,D,20220222,000000,44.6408,44.6408,44.6408,44.6408,55.544828915175,0
AEMB.US,D,20220223,000000,44.017,44.017,44.017,44.017,82.812290382625,0
AEMB.US,D,20220224,000000,42.7366,43.4338,42.7366,43.4338,20588.953219886,0
AEMB.US,D,20220225,000000,44.719,44.719,44.3843,44.3991,37918.93984142,0
AEMB.US,D,20220228,000000,43.7674,43.7674,43.7674,43.7674,7.0693418619314,0
AEMB.US,D,20220301,000000,43.4278,43.4278,43.1496,43.1496,607.9634001261,0
AEMB.US,D,20220302,000000,43.0228,43.1446,43.0228,43.1446,103.01040998814,0
AEMB.US,D,20220303,000000,42.7664,42.7664,42.7268,42.7268,131.28777743587,0
AEMB.US,D,20220304,000000,41.8742,41.8742,41.8742,41.8742,4.0396239211037,0
AEMB.US,D,20220307,000000,41.7158,41.7801,41.6078,41.6078,4670.8151587761,0
AEMB.US,D,20220308,000000,41.6227,42.096,41.6227,41.8039,1014.9555101773,0
AEMB.US,D,20220309,000000,41.9574,42.0208,41.9574,42.0208,102.00050400787,0
AEMB.US,D,20220310,000000,41.6326,41.9574,41.6326,41.9435,836.20215166846,0
AEMB.US,D,20220311,000000,41.8197,41.8197,41.593,41.6227,1237.134825838,0
AEMB.US,D,20220314,000000,41.4623,41.5237,41.4206,41.4206,1818.8406704769,0
AEMB.US,D,20220315,000000,41.5137,41.5137,41.5137,41.5137,84.832102343177,0
AEMB.US,D,20220316,000000,41.9277,42.1653,41.9277,42.1504,2994.3712315181,0
AEMB.US,D,20220317,000000,42.0267,42.4891,41.9772,42.4891,1318.9372102403,0
AEMB.US,D,20220318,000000,42.3327,42.5099,42.3327,42.4832,3677.0676741846,0
AEMB.US,D,20220321,000000,42.2139,42.2139,41.7901,41.7901,2873.182513885,0
AEMB.US,D,20220322,000000,41.8494,41.8494,41.8494,41.8494,22.21793156607,0
AEMB.US,D,20220323,000000,41.9327,41.9327,41.9327,41.9327,51.505204994072,0
AEMB.US,D,20220324,000000,41.9574,42.0515,41.9475,42.0515,3843.7021609301,0
AEMB.US,D,20220325,000000,41.9643,41.9643,41.9643,41.9643,2.0198119605518,0
AEMB.US,D,20220328,000000,42.4951,42.4951,42.4951,42.4951,35.346709309657,0
AEMB.US,D,20220329,000000,43.008,43.008,43.008,43.008,2.0198119605518,0
AEMB.US,D,20220330,000000,42.8059,42.8059,42.7991,42.7991,2269.25873768,0
AEMB.US,D,20220331,000000,42.7664,42.8039,42.7664,42.8039,209.05053791711,0
AEMB.US,D,20220401,000000,42.6575,43.0486,42.5683,43.0486,2123.8322765203,0
AEMB.US,D,20220404,000000,43.3258,43.3258,43.3258,43.3258,10.099059802759,0
AEMB.US,D,20220405,000000,42.9743,43.0238,42.5683,42.5683,1414.8782783666,0
AEMB.US,D,20220406,000000,42.3307,42.5089,42.3307,42.5089,504.95299013796,0
AEMB.US,D,20220407,000000,42.3666,42.3666,42.3666,42.3666,7.0693418619314,0
AEMB.US,D,20220408,000000,42.2812,42.291,42.0931,42.0931,1039.1932537039,0
AEMB.US,D,20220411,000000,41.7959,41.7959,41.6177,41.6673,8418.57625158,0
AEMB.US,D,20220412,000000,41.9841,42.0138,41.7861,41.7861,6447.2397780815,0
AEMB.US,D,20220413,000000,41.7861,41.8454,41.7761,41.8454,2061.2181057431,0
AEMB.US,D,20220414,000000,41.6078,41.6078,41.4723,41.4723,1719.8698844099,0
AEMB.US,D,20220418,000000,41.4741,41.4741,41.4741,41.4741,4.0396239211037,0
AEMB.US,D,20220419,000000,41.4098,41.4098,41.332,41.332,207.03072595656,0
AEMB.US,D,20220420,000000,41.5358,41.5358,41.5358,41.5358,2.0198119605518,0
AEMB.US,D,20220421,000000,41.23,41.23,41.23,41.23,20.198119605518,0
AEMB.US,D,20220422,000000,40.8949,40.8949,40.8949,40.8949,1.0099059802759,0
AEMB.US,D,20220426,000000,41.0235,41.0235,41.0235,41.0235,3.0297179408278,0
AEMB.US,D,20220427,000000,40.8553,40.8553,40.7859,40.8157,4181.0107583423,0
AEMB.US,D,20220428,000000,40.6177,40.7651,40.6177,40.7651,2524.7649506898,0
AEMB.US,D,20220429,000000,40.5087,40.5186,40.2758,40.2758,2424.7842586425,0
AEMB.US,D,20220502,000000,39.9394,39.9394,39.9394,39.9394,10.099059802759,0
AEMB.US,D,20220503,000000,40.1424,40.1424,40.1424,40.1424,2.0198119605518,0
AEMB.US,D,20220504,000000,40.1721,40.7141,40.1721,40.7141,606.95349414583,0
AEMB.US,D,20220505,000000,40.1126,40.1126,40.1126,40.1126,1.0099059802759,0
AEMB.US,D,20220506,000000,39.9839,39.9839,39.672,39.672,260.55574291119,0
AEMB.US,D,20220509,000000,39.3502,39.3502,39.3502,39.3502,41.406145191313,0
AEMB.US,D,20220510,000000,39.5829,39.5829,39.5829,39.5829,8.0792478422073,0
AEMB.US,D,20220511,000000,39.7561,39.7561,39.7561,39.7561,1.0099059802759,0
AEMB.US,D,20220512,000000,39.6918,39.6918,39.6918,39.6918,6.0594358816555,0
AEMB.US,D,20220513,000000,39.7265,39.7265,39.6175,39.6175,1009.9059802759,0
AEMB.US,D,20220516,000000,39.491,39.491,39.491,39.491,1.0099059802759,0
AEMB.US,D,20220517,000000,39.5234,39.5234,39.5234,39.5234,1.0099059802759,0
AEMB.US,D,20220518,000000,39.3502,39.3502,39.3502,39.3502,1.0099059802759,0
AEMB.US,D,20220519,000000,39.573,39.573,39.573,39.573,82.812290382625,0
AEMB.US,D,20220520,000000,39.5384,39.7098,39.5384,39.7098,790.75638255604,0
AEMB.US,D,20220523,000000,39.7363,39.7463,39.7363,39.7463,103.01040998814,0
AEMB.US,D,20220524,000000,39.969,39.969,39.969,39.969,1.0099059802759,0
AEMB.US,D,20220525,000000,40.281,40.281,40.281,40.281,1.0099059802759,0
AEMB.US,D,20220526,000000,40.4246,40.4246,40.4246,40.4246,1.0099059802759,0
AEMB.US,D,20220527,000000,40.4344,40.4344,40.4344,40.4344,1.0099059802759,0
AEMB.US,D,20220531,000000,40.2352,40.2352,40.2352,40.2352,2.0198119605518,0
AEMB.US,D,20220601,000000,39.9245,40.0136,39.9245,39.974,405.98220407092,0
AEMB.US,D,20220602,000000,40.1226,40.4868,40.1226,40.4868,1514.8589704139,0
AEMB.US,D,20220603,000000,40.1324,40.1324,40.1324,40.1324,11.108965783035,0
AEMB.US,D,20220606,000000,39.7561,39.7561,39.7561,39.7561,1312.8777743587,0
AEMB.US,D,20220607,000000,40.0235,40.0235,40.0235,40.0235,9.0891538224833,0
AEMB.US,D,20220608,000000,39.7076,39.7076,39.7076,39.7076,3.0297179408278,0
AEMB.US,D,20220609,000000,39.4393,39.4393,39.4393,39.4393,2.0198119605518,0
AEMB.US,D,20220610,000000,39.0021,39.0021,39.0021,39.0021,2.0198119605518,0
AEMB.US,D,20220613,000000,38.0685,38.0685,38.0685,38.0685,166.63448674553,0
AEMB.US,D,20220614,000000,38.4491,38.4491,37.9342,37.9639,4544.5769112416,0
AEMB.US,D,20220615,000000,38.37,38.8254,38.2907,38.8254,68437.288659378,0
AEMB.US,D,20220616,000000,38.0333,38.0431,37.9815,37.9815,8440.7941831461,0
AEMB.US,D,20220617,000000,38.1917,38.2128,38.053,38.2128,18989.262147129,0
AEMB.US,D,20220621,000000,38.058,38.058,38.058,38.058,4.0396239211037,0
AEMB.US,D,20220622,000000,38.053,38.053,38.053,38.053,14441.655517946,0
AEMB.US,D,20220623,000000,38.0828,38.0828,38.0828,38.0828,1.0099059802759,0
AEMB.US,D,20220624,000000,38.1224,38.1224,38.1224,38.1224,14441.655517946,0
AEMB.US,D,20220627,000000,37.9045,37.9045,37.5011,37.5011,303.98170006305,0
AEMB.US,D,20220628,000000,37.4589,37.4589,37.3401,37.3698,3539.7204608671,0
AEMB.US,D,20220629,000000,37.2807,37.5216,37.2807,37.5216,245.40715320705,0
AEMB.US,D,20220630,000000,37.3104,37.515,37.2807,37.515,1472.4429192423,0
AEMB.US,D,20220701,000000,37.9261,37.9261,37.8465,37.9211,606.401533251,0
AEMB.US,D,20220705,000000,37.5681,37.5681,37.5285,37.5285,103.581024751,0
AEMB.US,D,20220706,000000,37.409,37.409,37.1088,37.1088,503.826149517,0
AEMB.US,D,20220707,000000,37.2101,37.2101,37.2101,37.2101,100.5641017,0
AEMB.US,D,20220708,000000,37.1107,37.1107,37.0013,37.0273,13787.33834307,0
AEMB.US,D,20220711,000000,36.7674,36.7674,36.7674,36.7674,1.005641017,0
AEMB.US,D,20220712,000000,36.6334,36.6334,36.6237,36.6237,911.110761402,0
AEMB.US,D,20220713,000000,36.4842,36.5538,36.4842,36.5538,241.35384408,0
AEMB.US,D,20220714,000000,36.1163,36.1328,36.1163,36.1328,20591.505464092,0
AEMB.US,D,20220715,000000,36.4234,36.4234,36.4234,36.4234,20118.854186102,0
AEMB.US,D,20220718,000000,36.6035,36.6035,36.3539,36.3539,386.166150528,0
AEMB.US,D,20220719,000000,36.6234,36.7925,36.6234,36.7925,8373.972748559,0
AEMB.US,D,20220720,000000,36.9818,36.9818,36.9818,36.9818,2.011282034,0
AEMB.US,D,20220721,000000,37.2499,37.2499,37.2499,37.2499,109.614870853,0
AEMB.US,D,20220722,000000,37.2598,37.5834,37.23,37.5834,14544.586028871,0
AEMB.US,D,20220725,000000,37.6982,37.6982,37.6982,37.6982,2.011282034,0
AEMB.US,D,20220726,000000,37.3095,37.5184,37.2797,37.4135,430.414355276,0
AEMB.US,D,20220727,000000,37.8266,37.8266,37.8266,37.8266,2.011282034,0
AEMB.US,D,20220728,000000,38.2045,38.4252,38.2045,38.4252,202.133844417,0
AEMB.US,D,20220729,000000,38.7216,38.7216,38.7216,38.7216,13978.4101363,0
AEMB.US,D,20220801,000000,38.6719,38.6719,38.6719,38.6719,703.9487119,0
AEMB.US,D,20220802,000000,38.5426,38.5426,38.3536,38.3536,404.267688834,0
AEMB.US,D,20220803,000000,38.7812,38.7812,38.7116,38.7116,101.569742717,0
AEMB.US,D,20220804,000000,38.9304,38.9354,38.9105,38.9354,1206.7692204,0
AEMB.US,D,20220805,000000,38.7514,38.7514,38.6994,38.6994,201.1282034,0
AEMB.US,D,20220808,000000,38.9801,39.2884,38.9801,39.2884,1113.244605819,0
AEMB.US,D,20220809,000000,39.1293,39.1392,38.8654,38.8654,2012.287675017,0
AEMB.US,D,20220810,000000,39.3083,39.353,39.3083,39.353,940.274350895,0
AEMB.US,D,20220811,000000,39.4873,39.4873,39.1193,39.137,704.954352917,0
AEMB.US,D,20220812,000000,39.1989,39.3779,39.1989,39.3779,2618.689208268,0
AEMB.US,D,20220815,000000,39.4077,39.5867,39.3679,39.4873,3871.71791545,0
AEMB.US,D,20220816,000000,39.348,39.348,39.1392,39.2088,909.099479368,0
AEMB.US,D,20220817,000000,38.8409,38.9006,38.7912,38.9006,502.8205085,0
AEMB.US,D,20220818,000000,38.8707,38.9055,38.8409,38.9055,503.826149517,0
AEMB.US,D,20220819,000000,38.501,38.501,38.501,38.501,85.479486445,0
AEMB.US,D,20220822,000000,38.1548,38.1548,38.0603,38.0603,1408.903064817,0
AEMB.US,D,20220823,000000,38.1448,38.4083,38.1448,38.4083,100.5641017,0
AEMB.US,D,20220824,000000,38.2542,38.3188,38.2542,38.3188,1309.344604134,0
AEMB.US,D,20220825,000000,38.4905,38.4905,38.4905,38.4905,2.011282034,0
AEMB.US,D,20220826,000000,38.2244,38.3229,38.2244,38.3229,613.44102037,0
AEMB.US,D,20220829,000000,38.1249,38.1249,38.1249,38.1249,3.016923051,0
AEMB.US,D,20220830,000000,37.8664,37.9459,37.8664,37.9459,431.419996293,0
AEMB.US,D,20220831,000000,37.8465,37.8465,37.7406,37.7406,279.568202726,0
AEMB.US,D,20220901,000000,37.2101,37.3724,37.2101,37.3724,171.964613907,0
AEMB.US,D,20220902,000000,37.6277,37.8565,37.4985,37.66,6726.732762713,0
AEMB.US,D,20220906,000000,37.5681,37.588,37.354,37.354,2043.462546544,0
AEMB.US,D,20220907,000000,37.6476,37.6946,37.6476,37.6946,202.133844417,0
AEMB.US,D,20220908,000000,37.7222,37.7222,37.7222,37.7222,7.039487119,0
AEMB.US,D,20220909,000000,37.757,38.0113,37.757,38.0113,1109.222041751,0
AEMB.US,D,20220912,000000,38.0454,38.0454,37.9432,37.9432,110.62051187,0
AEMB.US,D,20220913,000000,37.5382,37.5382,37.4438,37.4786,328.844612559,0
AEMB.US,D,20220914,000000,37.4388,37.4388,37.4388,37.4388,5.028205085,0
AEMB.US,D,20220915,000000,37.409,37.5482,37.3982,37.3982,1005.641017,0
AEMB.US,D,20220916,000000,37.3493,37.3493,37.2503,37.2503,303.703587134,0
AEMB.US,D,20220919,000000,37.1803,37.2797,37.1504,37.2797,450.527175616,0
AEMB.US,D,20220920,000000,37.0609,37.0609,37.0609,37.0609,1.005641017,0
AEMB.US,D,20220921,000000,36.9616,37.0112,36.9616,37.0112,228.280510859,0
AEMB.US,D,20220922,000000,36.7179,36.7179,36.7179,36.7179,3.016923051,0
AEMB.US,D,20220923,000000,36.2555,36.4394,36.1958,36.4394,906.082556317,0
AEMB.US,D,20220926,000000,36.0864,36.0864,35.6983,35.6983,4007.479452745,0
AEMB.US,D,20220927,000000,35.2511,35.2611,35.118,35.1206,3598.183558826,0
AEMB.US,D,20220928,000000,35.3108,35.614,35.3108,35.614,1458.17947465,0
AEMB.US,D,20220929,000000,35.1716,35.2959,35.1119,35.2959,1810.1538306,0
AEMB.US,D,20220930,000000,35.4699,35.4699,35.2909,35.4546,2539.243567925,0
AEMB.US,D,20221003,000000,35.54,35.81,35.54,35.81,912,0
AEMB.US,D,20221004,000000,36.19,36.34,36.17,36.34,252,0
AEMB.US,D,20221005,000000,35.96,35.96,35.91,35.91,101,0
AEMB.US,D,20221006,000000,35.98,35.98,35.875,35.875,101,0
AEMB.US,D,20221007,000000,35.485,35.485,35.485,35.485,12,0
AEMB.US,D,20221010,000000,35.265,35.265,35.265,35.265,8,0
AEMB.US,D,20221011,000000,35.23,35.3,35.23,35.3,201,0
AEMB.US,D,20221012,000000,35.295,35.295,35.295,35.295,4,0
AEMB.US,D,20221013,000000,34.92,35.2263,34.92,35.2263,4959,0
AEMB.US,D,20221014,000000,35.43,35.43,34.9743,34.9851,2409,0
AEMB.US,D,20221017,000000,35.3,35.31,35.0573,35.0573,1721,0
AEMB.US,D,20221018,000000,35.2098,35.2098,35.2098,35.2098,2,0
AEMB.US,D,20221019,000000,34.83,34.83,34.83,34.83,7,0
AEMB.US,D,20221020,000000,34.37,34.495,34.37,34.495,232,0
AEMB.US,D,20221021,000000,34.57,34.69,34.485,34.69,250,0
AEMB.US,D,20221024,000000,34.8,34.8,34.7878,34.7878,191,0
AEMB.US,D,20221025,000000,35,35.08,34.98,35.08,800,0
AEMB.US,D,20221026,000000,35.47,35.47,35.305,35.305,900,0
AEMB.US,D,20221027,000000,35.51,35.51,35.44,35.5,849,0
AEMB.US,D,20221028,000000,35.4291,35.4291,35.4291,35.4291,18,0
AEMB.US,D,20221031,000000,35.0201,35.0678,35,35.0678,597,0
AEMB.US,D,20221101,000000,35.42,35.42,35.42,35.42,3,0
AEMB.US,D,20221102,000000,35.48,35.48,35.27,35.355,495,0
AEMB.US,D,20221103,000000,36.52,36.52,35.1584,35.1584,308,0
AEMB.US,D,20221104,000000,35.555,35.555,35.555,35.555,2,0
AEMB.US,D,20221107,000000,35.53,35.53,35.53,35.53,10,0
AEMB.US,D,20221108,000000,35.74,35.74,35.74,35.74,9,0
AEMB.US,D,20221109,000000,35.325,35.325,35.325,35.325,1,0
AEMB.US,D,20221110,000000,36.7893,36.7893,36.7893,36.7893,20,0
AEMB.US,D,20221111,000000,36.765,36.765,36.765,36.765,3,0
AEMB.US,D,20221114,000000,36.66,36.67,36.57,36.57,398,0
AEMB.US,D,20221115,000000,36.77,37.109,36.77,37.109,400,0
AEMB.US,D,20221116,000000,37.245,37.245,37.245,37.245,1,0
AEMB.US,D,20221117,000000,37.16,37.21,37.1,37.21,33896,0
AEMB.US,D,20221118,000000,37.035,37.035,37.035,37.035,4,0
AEMB.US,D,20221121,000000,37.16,37.16,37.16,37.16,1,0
AEMB.US,D,20221122,000000,37.4202,37.4202,37.4202,37.4202,1,0
AEMB.US,D,20221123,000000,37.685,37.685,37.685,37.685,1,0
AEMB.US,D,20221125,000000,37.8658,37.8658,37.8658,37.8658,5,0
AEMB.US,D,20221128,000000,37.755,37.755,37.755,37.755,11,0
AEMB.US,D,20221129,000000,37.8146,37.8146,37.8146,37.8146,4,0
AEMB.US,D,20221130,000000,38.1552,38.1552,38.1552,38.1552,27,0
AEMB.US,D,20221201,000000,38.6149,38.6149,38.6149,38.6149,1,0
AEMB.US,D,20221202,000000,38.56,38.56,38.56,38.56,4,0
AEMB.US,D,20221205,000000,38.035,38.035,38.035,38.035,4,0
AEMB.US,D,20221206,000000,38.06,38.06,37.825,37.825,210,0
AEMB.US,D,20221207,000000,38.37,38.37,38.37,38.37,11,0
AEMB.US,D,20221208,000000,38.4,38.4,38.4,38.4,69,0
AEMB.US,D,20221209,000000,38.1848,38.1848,38.1848,38.1848,1,0
AEMB.US,D,20221212,000000,38.1646,38.1646,38.1646,38.1646,31,0
AEMB.US,D,20221213,000000,38.6528,38.6528,38.6528,38.6528,1,0
AEMB.US,D,20221214,000000,38.5518,38.5518,38.4469,38.4469,191,0
AEMB.US,D,20221215,000000,38.25,38.25,38.135,38.135,811,0
AEMB.US,D,20221216,000000,37.93,37.93,37.93,37.93,1,0
AEMB.US,D,20221219,000000,37.8146,37.8146,37.8,37.8,170,0
AEMB.US,D,20221220,000000,37.7,37.7,37.41,37.65,2919,0
AEMB.US,D,20221221,000000,38.02,38.08,38,38.08,4306,0
AEMB.US,D,20221222,000000,39.21,39.21,37.8677,37.925,286,0
AEMB.US,D,20221223,000000,37.745,37.745,37.745,37.745,11,0
AEMB.US,D,20221227,000000,37.555,37.555,37.555,37.555,4,0
AEMB.US,D,20221228,000000,37.425,37.425,37.425,37.425,1,0
AEMB.US,D,20221229,000000,37.7,37.7,37.7,37.7,101,0
AEMB.US,D,20221230,000000,37.505,37.505,37.505,37.505,1,0
AEMB.US,D,20230103,000000,37.59,37.59,37.59,37.59,100,0
AEMB.US,D,20230104,000000,37.97,37.97,37.97,37.97,101,0
AEMB.US,D,20230105,000000,37.75,37.75,37.75,37.75,100,0
AEMB.US,D,20230106,000000,38.45,38.45,38.45,38.45,119,0
AEMB.US,D,20230109,000000,38.5,38.5,38.5,38.5,58,0
AEMB.US,D,20230110,000000,38.2396,38.2396,38.2396,38.2396,28,0
AEMB.US,D,20230111,000000,38.77,38.77,38.51,38.69,116565,0
AEMB.US,D,20230112,000000,38.66,39.04,38.66,39.035,335,0
AEMB.US,D,20230113,000000,38.95,38.95,38.95,38.95,21,0
AEMB.US,D,20230117,000000,39,39,38.98,38.98,110,0
AEMB.US,D,20230118,000000,39.355,39.355,39.355,39.355,4,0
AEMB.US,D,20230119,000000,39.28,39.29,39.28,39.29,147,0
AEMB.US,D,20230120,000000,39.235,39.235,39.235,39.235,5,0
AEMB.US,D,20230123,000000,39.28,39.36,39.28,39.29,728,0
AEMB.US,D,20230124,000000,39.28,39.4,39.28,39.4,153,0
AEMB.US,D,20230125,000000,39.39,39.39,39.38,39.38,100,0
AEMB.US,D,20230126,000000,39.4564,39.4564,39.4564,39.4564,173,0
AEMB.US,D,20230127,000000,39.51,39.51,39.46,39.46,420,0
AEMB.US,D,20230130,000000,39.03,39.03,39.03,39.03,891,0
AEMB.US,D,20230131,000000,39.111,39.111,39.111,39.111,1,0
AEMB.US,D,20230201,000000,39.64,39.64,39.64,39.64,15,0
AEMB.US,D,20230202,000000,39.76,39.76,39.76,39.76,8,0
AEMB.US,D,20230203,000000,39.255,39.255,39.255,39.255,210,0
AEMB.US,D,20230206,000000,38.74,38.74,38.74,38.74,15,0
AEMB.US,D,20230207,000000,38.67,38.67,38.67,38.67,29,0
AEMB.US,D,20230208,000000,38.44,38.8,38.435,38.67,1376,0
AEMB.US,D,20230209,000000,38.445,38.445,38.445,38.445,4,0
AEMB.US,D,20230210,000000,38.0372,38.0372,38.0372,38.0372,1,0
AEMB.US,D,20230213,000000,38.2964,38.2964,38.2208,38.2208,215,0
AEMB.US,D,20230214,000000,38.23,38.3,38.135,38.135,49032,0
AEMB.US,D,20230215,000000,38.08,38.08,38.0788,38.0788,632,0
AEMB.US,D,20230216,000000,38.15,38.15,37.976,37.976,356,0
AEMB.US,D,20230217,000000,37.82,37.89,37.82,37.875,692,0
AEMB.US,D,20230221,000000,37.59,37.59,37.3319,37.3319,823,0
AEMB.US,D,20230222,000000,37.545,37.63,37.5156,37.5156,692,0
AEMB.US,D,20230223,000000,37.8755,37.8755,37.8755,37.8755,85,0
AEMB.US,D,20230224,000000,37.7077,37.7077,37.7077,37.7077,1,0
AEMB.US,D,20230227,000000,37.8012,37.8012,37.8012,37.8012,7,0
AEMB.US,D,20230228,000000,37.745,37.745,37.745,37.745,3,0
AEMB.US,D,20230301,000000,37.545,37.545,37.32,37.32,28,0
AEMB.US,D,20230302,000000,36.98,37.165,36.98,37.165,249,0
AEMB.US,D,20230303,000000,37.5964,37.6593,37.5964,37.6593,188,0
AEMB.US,D,20230306,000000,37.595,37.595,37.595,37.595,94,0
AEMB.US,D,20230307,000000,37.39,37.39,37.39,37.39,28,0
AEMB.US,D,20230308,000000,37.29,37.29,37.29,37.29,67,0
AEMB.US,D,20230309,000000,37.445,37.445,37.2441,37.2441,222,0
AEMB.US,D,20230310,000000,37.5865,37.5865,37.5865,37.5865,98,0
AEMB.US,D,20230313,000000,37.77,37.77,37.56,37.56,400,0
AEMB.US,D,20230314,000000,37.4158,37.4158,37.4158,37.4158,61,0
AEMB.US,D,20230315,000000,37.4604,37.4854,37.4604,37.4854,165,0
AEMB.US,D,20230316,000000,37.3951,37.3951,37.3951,37.3951,1,0
AEMB.US,D,20230317,000000,37.3,37.3,37.2737,37.2737,110,0
AEMB.US,D,20230320,000000,37.29,37.2939,37.29,37.2939,123,0
AEMB.US,D,20230321,000000,37.46,37.46,37.3875,37.3875,873,0
AEMB.US,D,20230322,000000,37.7355,37.7355,37.7355,37.7355,20,0
AEMB.US,D,20230323,000000,37.74,37.7695,37.731,37.7695,496,0
AEMB.US,D,20230324,000000,37.5688,37.5688,37.5688,37.5688,126,0
AEMB.US,D,20230327,000000,37.396,37.396,37.396,37.396,1,0
AEMB.US,D,20230328,000000,37.24,37.24,37.24,37.24,36,0
AEMB.US,D,20230329,000000,37.405,37.405,37.405,37.405,6,0
AEMB.US,D,20230330,000000,37.6469,37.6469,37.6469,37.6469,34,0
AEMB.US,D,20230331,000000,37.92,37.92,37.92,37.92,102,0
AEMB.US,D,20230403,000000,37.82,37.83,37.82,37.83,227,0
AEMB.US,D,20230404,000000,37.915,37.915,37.915,37.915,1,0
AEMB.US,D,20230405,000000,37.84,37.91,37.84,37.91,16500,0
AEMB.US,D,20230406,000000,37.945,37.945,37.945,37.945,22,0
AEMB.US,D,20230410,000000,37.84,37.84,37.68,37.72,208,0
AEMB.US,D,20230411,000000,37.74,37.825,37.74,37.825,2408,0
AEMB.US,D,20230412,000000,37.95,37.96,37.87,37.875,638,0
AEMB.US,D,20230413,000000,37.96,37.96,37.96,37.96,70,0
AEMB.US,D,20230414,000000,37.84,37.84,37.84,37.84,1,0
AEMB.US,D,20230417,000000,37.645,37.645,37.645,37.645,6,0
AEMB.US,D,20230418,000000,37.715,37.715,37.715,37.715,4,0
AEMB.US,D,20230419,000000,37.495,37.495,37.495,37.495,25,0
AEMB.US,D,20230420,000000,37.4789,37.4789,37.4789,37.4789,2,0
AEMB.US,D,20230421,000000,37.49,37.49,37.49,37.49,32,0
AEMB.US,D,20230424,000000,37.52,37.52,37.52,37.52,4,0
AEMB.US,D,20230425,000000,37.7503,37.7503,37.7503,37.7503,103,0
AEMB.US,D,20230426,000000,37.705,37.705,37.705,37.705,84,0
AEMB.US,D,20230427,000000,37.83,37.83,37.7,37.7,876,0
AEMB.US,D,20230428,000000,37.975,37.975,37.975,37.975,62,0
AEMB.US,D,20230501,000000,37.47,37.47,37.47,37.47,8,0
AEMB.US,D,20230502,000000,39.32,39.32,37.59,37.59,347,0
AEMB.US,D,20230503,000000,37.75,37.75,37.75,37.75,41,0
AEMB.US,D,20230504,000000,37.6302,37.6302,37.6302,37.6302,13,0
AEMB.US,D,20230505,000000,37.665,37.665,37.665,37.665,11,0
AEMB.US,D,20230508,000000,37.525,37.525,37.525,37.525,87,0
AEMB.US,D,20230509,000000,37.49,37.49,37.49,37.49,25,0
AEMB.US,D,20230510,000000,37.665,37.665,37.665,37.665,18,0
AEMB.US,D,20230511,000000,37.71,37.79,37.71,37.75,1242,0
AEMB.US,D,20230512,000000,37.5549,37.5549,37.5549,37.5549,37,0
AEMB.US,D,20230515,000000,37.385,37.385,37.385,37.385,5,0
AEMB.US,D,20230516,000000,37.2,37.26,37.2,37.26,458,0
AEMB.US,D,20230517,000000,37.2143,37.2143,37.2143,37.2143,2,0
AEMB.US,D,20230518,000000,37.09,37.09,37.09,37.09,5,0
AEMB.US,D,20230519,000000,37.05,37.05,37.05,37.05,2,0
AEMB.US,D,20230522,000000,37.0223,37.0223,37.0223,37.0223,13,0
AEMB.US,D,20230523,000000,37.04,37.04,37.04,37.04,3,0
AEMB.US,D,20230524,000000,37.0292,37.0292,37.0292,37.0292,4,0
AEMB.US,D,20230525,000000,36.8709,36.8709,36.8709,36.8709,6,0
AEMB.US,D,20230526,000000,36.87,36.935,36.8501,36.935,213,0
AEMB.US,D,20230530,000000,37.2416,37.2416,37.2416,37.2416,5,0
AEMB.US,D,20230531,000000,37.16,37.2353,37.16,37.2353,167,0
AEMB.US,D,20230601,000000,37.01,37.2506,37.01,37.2506,918,0
AEMB.US,D,20230602,000000,37.25,37.28,37.25,37.28,100,0
AEMB.US,D,20230605,000000,37.2805,37.2805,37.2805,37.2805,6,0
AEMB.US,D,20230606,000000,37.275,37.3741,37.275,37.3741,176,0
AEMB.US,D,20230607,000000,37.23,37.26,37.21,37.21,324,0
AEMB.US,D,20230608,000000,37.3049,37.3049,37.3049,37.3049,51,0
AEMB.US,D,20230609,000000,37.3524,37.3524,37.3524,37.3524,50,0
AEMB.US,D,20230612,000000,37.485,37.485,37.485,37.485,5,0
AEMB.US,D,20230613,000000,37.41,37.41,37.3739,37.3739,310,0
AEMB.US,D,20230614,000000,37.5218,37.5218,37.5218,37.5218,8,0
AEMB.US,D,20230615,000000,37.66,37.68,37.66,37.68,4130,0
AEMB.US,D,20230616,000000,37.6,37.645,37.59,37.645,344,0
AEMB.US,D,20230620,000000,37.66,37.66,37.66,37.66,1,0
AEMB.US,D,20230621,000000,37.84,37.84,37.84,37.84,1,0
AEMB.US,D,20230622,000000,37.675,37.675,37.675,37.675,15,0
AEMB.US,D,20230623,000000,37.7,37.7,37.7,37.7,14,0
AEMB.US,D,20230626,000000,37.795,37.795,37.795,37.795,289,0
AEMB.US,D,20230627,000000,37.775,37.775,37.775,37.775,4,0
AEMB.US,D,20230628,000000,37.7452,37.805,37.7452,37.805,152,0
AEMB.US,D,20230629,000000,37.575,37.575,37.575,37.575,2,0
AEMB.US,D,20230630,000000,37.86,37.86,37.805,37.805,411,0
AEMB.US,D,20230703,000000,37.68,37.68,37.68,37.68,20,0
AEMB.US,D,20230705,000000,37.55,37.55,37.47,37.51,595,0
AEMB.US,D,20230706,000000,36.97,36.97,36.97,36.97,35,0
AEMB.US,D,20230707,000000,36.93,36.93,36.93,36.93,113,0
AEMB.US,D,20230710,000000,37.03,37.03,37.03,37.03,10,0
AEMB.US,D,20230711,000000,37.24,37.24,37.24,37.24,2,0
AEMB.US,D,20230712,000000,37.65,37.69,37.65,37.65,3905,0
AEMB.US,D,20230713,000000,38.035,38.035,38.035,38.035,1,0
AEMB.US,D,20230714,000000,37.915,37.96,37.905,37.905,997,0
AEMB.US,D,20230717,000000,37.885,37.885,37.885,37.885,8,0
AEMB.US,D,20230718,000000,38.05,38.05,38.0303,38.0303,5450,0
AEMB.US,D,20230719,000000,38.025,38.025,38.025,38.025,26,0
AEMB.US,D,20230720,000000,37.76,37.76,37.76,37.76,1,0
AEMB.US,D,20230721,000000,37.87,37.87,37.87,37.87,83,0
AEMB.US,D,20230724,000000,37.92,37.925,37.92,37.925,102,0
AEMB.US,D,20230725,000000,37.86,37.86,37.86,37.86,23,0
AEMB.US,D,20230726,000000,37.98,37.98,37.895,37.905,613,0
AEMB.US,D,20230727,000000,37.8,37.8,37.6,37.6,100,0
AEMB.US,D,20230728,000000,37.9493,37.9493,37.9493,37.9493,83,0
AEMB.US,D,20230731,000000,38.0009,38.0009,38.0009,38.0009,29,0
AEMB.US,D,20230801,000000,37.6,37.6,37.6,37.6,6,0
AEMB.US,D,20230802,000000,37.2696,37.2986,37.2696,37.2986,129,0
AEMB.US,D,20230803,000000,37.02,37.05,37.02,37.0388,862,0
AEMB.US,D,20230804,000000,37.4015,37.465,37.4015,37.465,582,0
AEMB.US,D,20230807,000000,37.49,37.49,37.395,37.395,430,0
AEMB.US,D,20230808,000000,37.43,37.48,37.425,37.44,1994,0
AEMB.US,D,20230809,000000,37.5,37.515,37.5,37.515,396,0
AEMB.US,D,20230810,000000,37.7603,37.77,37.47,37.47,1061,0
AEMB.US,D,20230811,000000,37.46,37.47,37.3331,37.36,800,0
AEMB.US,D,20230814,000000,37.125,37.125,37.125,37.125,3,0
AEMB.US,D,20230815,000000,36.835,36.835,36.835,36.835,7,0
AEMB.US,D,20230816,000000,36.95,36.95,36.78,36.78,716,0
AEMB.US,D,20230817,000000,36.7598,36.7598,36.73,36.73,525,0
AEMB.US,D,20230818,000000,36.77,36.77,36.77,36.77,2,0
AEMB.US,D,20230821,000000,36.75,36.75,36.54,36.54,370,0
AEMB.US,D,20230822,000000,36.62,36.62,36.62,36.62,163,0
AEMB.US,D,20230823,000000,37.12,37.2,37.12,37.14,2756,0
AEMB.US,D,20230824,000000,37.0298,37.0298,37.0298,37.0298,10,0
AEMB.US,D,20230825,000000,36.97,36.995,36.93,36.995,883,0
AEMB.US,D,20230828,000000,37.0575,37.07,37.0575,37.07,175,0
AEMB.US,D,20230829,000000,37.39,37.39,37.39,37.39,1,0
AEMB.US,D,20230830,000000,37.365,37.365,37.365,37.365,5,0
AEMB.US,D,20230831,000000,37.3,37.3,37.3,37.3,116,0
AEMB.US,D,20230901,000000,36.92,36.92,36.92,36.92,13,0
AEMB.US,D,20230905,000000,36.695,36.695,36.695,36.695,6,0
AEMB.US,D,20230906,000000,36.61,36.61,36.585,36.585,395,0
AEMB.US,D,20230907,000000,36.62,36.83,36.62,36.76,1200,0
AEMB.US,D,20230908,000000,36.815,36.815,36.815,36.815,37,0
AEMB.US,D,20230911,000000,36.76,36.76,36.76,36.76,29,0
AEMB.US,D,20230912,000000,36.74,36.74,36.74,36.74,205,0
AEMB.US,D,20230913,000000,36.74,36.825,36.74,36.825,224,0
AEMB.US,D,20230914,000000,36.86,36.86,36.86,36.86,49,0
AEMB.US,D,20230915,000000,36.79,36.79,36.72,36.72,913,0
AEMB.US,D,20230918,000000,36.59,36.695,36.59,36.695,276,0
AEMB.US,D,20230919,000000,36.62,36.64,36.62,36.64,565,0
AEMB.US,D,20230920,000000,36.74,36.8,36.705,36.705,307,0
AEMB.US,D,20230921,000000,36.2492,36.2492,36.2492,36.2492,67,0
AEMB.US,D,20230922,000000,36.41,36.41,36.41,36.41,1,0
AEMB.US,D,20230925,000000,36.195,36.195,36.195,36.195,21,0
AEMB.US,D,20230926,000000,35.99,35.99,35.99,35.99,31,0
AEMB.US,D,20230927,000000,35.835,35.835,35.835,35.835,36,0
AEMB.US,D,20230928,000000,35.8386,35.8386,35.8386,35.8386,2,0
AEMB.US,D,20230929,000000,35.88,35.88,35.88,35.88,2,0
AEMB.US,D,20231002,000000,35.3996,35.3996,35.3996,35.3996,1,0
AEMB.US,D,20231003,000000,35.21,35.21,34.93,34.93,6315,0
AEMB.US,D,20231004,000000,35.1,35.119,35.08,35.119,13298,0
AEMB.US,D,20231005,000000,35.095,35.095,35.095,35.095,2,0
AEMB.US,D,20231006,000000,35.12,35.12,35.12,35.12,107,0
AEMB.US,D,20231009,000000,35.0595,35.215,35.0595,35.215,464,0
AEMB.US,D,20231010,000000,35.3737,35.3737,35.3737,35.3737,36,0
AEMB.US,D,20231011,000000,35.4769,35.4769,35.4769,35.4769,122,0
AEMB.US,D,20231012,000000,35.3,35.41,35.2,35.2,4344,0
AEMB.US,D,20231013,000000,35.31,35.31,35.31,35.31,15,0
AEMB.US,D,20231016,000000,35.305,35.305,35.305,35.305,40,0
AEMB.US,D,20231017,000000,35.08,35.1,35.08,35.1,232,0
AEMB.US,D,20231018,000000,34.875,34.875,34.875,34.875,3,0
AEMB.US,D,20231019,000000,34.74,34.74,34.6948,34.6948,110,0
AEMB.US,D,20231020,000000,34.67,34.745,34.67,34.745,148,0
AEMB.US,D,20231023,000000,35.09,35.09,34.99,34.99,1977,0
AEMB.US,D,20231024,000000,35.1364,35.215,35.1364,35.215,246,0
AEMB.US,D,20231025,000000,35.05,35.0899,34.935,34.935,330,0
AEMB.US,D,20231026,000000,35.065,35.065,35.065,35.065,2,0
AEMB.US,D,20231027,000000,35.0451,35.0451,35.0451,35.0451,1,0
AEMB.US,D,20231030,000000,35.18,35.18,35.18,35.18,22,0
AEMB.US,D,20231031,000000,35.1798,35.1798,35.1798,35.1798,13,0
AEMB.US,D,20231101,000000,35.27,35.325,35.27,35.325,1499,0
AEMB.US,D,20231102,000000,35.55,35.685,35.55,35.685,130,0
AEMB.US,D,20231103,000000,35.89,36.19,35.89,36.08,1041,0
AEMB.US,D,20231106,000000,35.8878,35.8878,35.7259,35.7259,157,0
AEMB.US,D,20231107,000000,35.8912,35.8912,35.8912,35.8912,135,0
AEMB.US,D,20231108,000000,35.8403,35.9888,35.8403,35.9328,803,0
AEMB.US,D,20231109,000000,35.71,35.71,35.71,35.71,131,0
AEMB.US,D,20231110,000000,35.7129,35.7129,35.7129,35.7129,42,0
AEMB.US,D,20231113,000000,35.6,35.6,35.6,35.6,452,0
AEMB.US,D,20231114,000000,36.19,36.19,36.19,36.19,104,0
AEMB.US,D,20231115,000000,36.09,36.09,35.995,35.995,539,0
AEMB.US,D,20231116,000000,36.2209,36.2209,36.2209,36.2209,66,0
AEMB.US,D,20231117,000000,36.3351,36.3351,36.3351,36.3351,74,0
AEMB.US,D,20231120,000000,36.442,36.595,36.442,36.595,431,0
AEMB.US,D,20231121,000000,36.55,36.555,36.55,36.555,341,0
AEMB.US,D,20231122,000000,36.6857,36.6857,36.6857,36.6857,3,0
AEMB.US,D,20231124,000000,36.715,36.715,36.715,36.715,92,0
AEMB.US,D,20231127,000000,36.6443,36.795,36.6443,36.795,331,0
AEMB.US,D,20231128,000000,36.7617,36.975,36.7617,36.975,400,0
AEMB.US,D,20231129,000000,37.14,37.29,37.14,37.2528,958,0
AEMB.US,D,20231130,000000,36.9656,36.9656,36.9656,36.9656,129,0
AEMB.US,D,20231201,000000,37.255,37.255,37.255,37.255,102,0
AEMB.US,D,20231204,000000,37.0394,37.0394,37.0394,37.0394,9,0
AEMB.US,D,20231205,000000,37.23,37.23,37.23,37.23,103,0
AEMB.US,D,20231206,000000,37.42,37.42,37.42,37.42,44,0
AEMB.US,D,20231207,000000,37.5,37.5,37.4258,37.4258,217,0
AEMB.US,D,20231208,000000,37.255,37.255,37.255,37.255,6,0
AEMB.US,D,20231211,000000,37.28,37.28,37.21,37.21,1690,0
AEMB.US,D,20231212,000000,37.279,37.279,37.279,37.279,3,0
AEMB.US,D,20231213,000000,37.38,37.8488,37.38,37.8488,292,0
AEMB.US,D,20231214,000000,38.2257,38.2257,38.2257,38.2257,3,0
AEMB.US,D,20231215,000000,38.24,38.24,38.1804,38.1804,488,0
AEMB.US,D,20231218,000000,37.81,37.9303,37.81,37.9303,165,0
AEMB.US,D,20231219,000000,38.0434,38.0434,38.0434,38.0434,1,0
AEMB.US,D,20231220,000000,38.08,38.21,37.99,38.0642,1661,0
AEMB.US,D,20231221,000000,38.07,38.1382,38.07,38.1382,236,0
AEMB.US,D,20231222,000000,38.28,38.28,38.095,38.095,1950,0
AEMB.US,D,20231226,000000,38.0977,38.0977,38.0977,38.0977,126,0
AEMB.US,D,20231227,000000,38.3451,38.3451,38.3451,38.3451,16,0
AEMB.US,D,20231228,000000,38.32,38.32,38.11,38.24,360,0
AEMB.US,D,20231229,000000,38.28,38.28,38.19,38.19,461,0
AEMB.US,D,20240102,000000,37.9,37.9,37.82,37.82,263,0
AEMB.US,D,20240103,000000,37.505,37.6057,37.505,37.6057,1214,0
AEMB.US,D,20240104,000000,37.56,37.56,37.51,37.51,808,0
AEMB.US,D,20240105,000000,37.52,37.52,37.45,37.45,583,0
AEMB.US,D,20240108,000000,37.4823,37.4823,37.4823,37.4823,2,0
AEMB.US,D,20240109,000000,37.3215,37.36,37.3215,37.36,721,0
AEMB.US,D,20240110,000000,37.55,37.55,37.55,37.55,25,0
AEMB.US,D,20240111,000000,37.69,38.15,37.6899,37.805,828,0
AEMB.US,D,20240112,000000,37.9734,37.98,37.895,37.895,3250,0
AEMB.US,D,20240116,000000,37.65,37.66,37.63,37.66,627,0
AEMB.US,D,20240117,000000,37.52,37.5557,37.52,37.5557,158,0
AEMB.US,D,20240118,000000,37.51,37.55,37.51,37.55,141,0
AEMB.US,D,20240119,000000,37.5043,37.5043,37.5043,37.5043,248,0
AEMB.US,D,20240122,000000,37.75,37.86,37.5719,37.5719,1518,0
AEMB.US,D,20240123,000000,37.3775,37.3775,37.3775,37.3775,44,0
AEMB.US,D,20240124,000000,37.3113,37.3113,37.3113,37.3113,84,0
AEMB.US,D,20240125,000000,37.5211,37.63,37.48,37.63,748,0
AEMB.US,D,20240126,000000,37.6331,37.6331,37.6331,37.6331,122,0
AEMB.US,D,20240129,000000,37.8,37.8,37.8,37.8,97,0
AEMB.US,D,20240130,000000,37.89,37.89,37.89,37.89,352,0
AEMB.US,D,20240131,000000,37.9733,37.9733,37.8065,37.8065,482,0
AEMB.US,D,20240201,000000,38.06,38.06,38,38,377,0
AEMB.US,D,20240202,000000,37.651,37.651,37.651,37.651,4,0
AEMB.US,D,20240205,000000,37.32,37.43,37.32,37.375,169774,0
AEMB.US,D,20240206,000000,37.63,37.75,37.63,37.75,436,0
AEMB.US,D,20240207,000000,37.72,37.72,37.6983,37.6983,288,0
AEMB.US,D,20240208,000000,37.5907,37.5907,37.5907,37.5907,98,0
AEMB.US,D,20240209,000000,37.5396,37.5396,37.5396,37.5396,8,0
AEMB.US,D,20240212,000000,37.6669,37.69,37.57,37.6361,1818,0
AEMB.US,D,20240213,000000,37.36,37.43,37.1982,37.1982,1877,0
AEMB.US,D,20240214,000000,37.48,37.69,37.46,37.46,379,0
AEMB.US,D,20240215,000000,37.7,37.98,37.7,37.98,845,0
AEMB.US,D,20240216,000000,37.66,37.84,37.58,37.67,3442,0
AEMB.US,D,20240220,000000,37.64,37.67,37.4601,37.555,2204,0
AEMB.US,D,20240221,000000,37.74,37.74,37.6855,37.6855,1678,0
AEMB.US,D,20240222,000000,37.8,37.8,37.7,37.7,120,0
AEMB.US,D,20240223,000000,37.895,37.895,37.895,37.895,210,0
AEMB.US,D,20240226,000000,37.89,38.09,37.85,37.9156,1480,0
AEMB.US,D,20240227,000000,37.95,38.03,37.93,37.9326,4085,0
AEMB.US,D,20240228,000000,38.0015,38.0015,38.0015,38.0015,55,0
AEMB.US,D,20240229,000000,38.34,38.34,38.18,38.18,1500,0
AEMB.US,D,20240301,000000,37.96,38.2,37.94,38.16,2373,0
AEMB.US,D,20240304,000000,38.11,38.2103,38.11,38.2103,1756,0
AEMB.US,D,20240305,000000,38.22,38.33,37.4,38.2798,9459,0
AEMB.US,D,20240306,000000,38.4434,38.4434,38.35,38.35,1612,0
AEMB.US,D,20240307,000000,38.49,38.55,38.182,38.55,1150,0
AEMB.US,D,20240308,000000,38.4803,38.4803,38.4803,38.4803,689,0
AEMB.US,D,20240311,000000,38.4942,38.4942,38.465,38.465,714,0
AEMB.US,D,20240312,000000,38.51,38.519,38.38,38.38,1927,0
AEMB.US,D,20240313,000000,38.3805,38.39,38.35,38.355,3213,0
AEMB.US,D,20240314,000000,38.2216,38.2216,38.2216,38.2216,43,0
AEMB.US,D,20240315,000000,38.165,38.165,38.165,38.165,1,0
AEMB.US,D,20240318,000000,38.2167,38.2167,38.1565,38.1565,1080,0
AEMB.US,D,20240319,000000,38.29,38.32,38.29,38.32,3825,0
AEMB.US,D,20240320,000000,38.4454,38.4454,38.4454,38.4454,5,0
AEMB.US,D,20240321,000000,38.65,38.9118,38.5301,38.9118,1314,0
AEMB.US,D,20240322,000000,38.87,38.87,38.76,38.76,798,0
AEMB.US,D,20240325,000000,38.811,38.91,38.811,38.86,5585,0
AEMB.US,D,20240326,000000,38.78,39,38.6344,38.6344,2477,0
AEMB.US,D,20240327,000000,38.855,38.855,38.855,38.855,2,0
AEMB.US,D,20240328,000000,38.86,38.86,38.8,38.8147,527,0
AEMB.US,D,20240401,000000,38.242,38.242,38.242,38.242,116,0
AEMB.US,D,20240402,000000,38.255,38.255,38.255,38.255,3,0
AEMB.US,D,20240403,000000,38.3947,38.5,38.3947,38.4007,1914,0
AEMB.US,D,20240404,000000,38.49,38.49,38.49,38.49,6,0
AEMB.US,D,20240405,000000,38.46,38.48,38.46,38.48,808,0
AEMB.US,D,20240408,000000,38.5908,38.5908,38.5505,38.5505,850,0
AEMB.US,D,20240409,000000,38.4741,38.98,38.4741,38.88,2050,0
AEMB.US,D,20240410,000000,38.73,38.73,38.35,38.35,2549,0
AEMB.US,D,20240411,000000,38.308,38.308,38.14,38.2108,1594,0
AEMB.US,D,20240412,000000,38.2,38.36,38.2,38.23,719,0
AEMB.US,D,20240415,000000,37.84,37.84,37.715,37.715,4128,0
AEMB.US,D,20240416,000000,37.59,37.61,37.59,37.5989,1758,0
AEMB.US,D,20240417,000000,37.75,37.8741,37.75,37.8741,16764,0
AEMB.US,D,20240418,000000,37.9516,37.9516,37.9434,37.9434,101,0
AEMB.US,D,20240419,000000,38.09,38.09,37.9916,38.03,928,0
AEMB.US,D,20240422,000000,38.08,38.1082,38.08,38.1082,257,0
AEMB.US,D,20240423,000000,38.1424,38.1424,38.1424,38.1424,2,0
AEMB.US,D,20240424,000000,37.894,37.894,37.894,37.894,2,0
AEMB.US,D,20240425,000000,37.905,37.905,37.905,37.905,1,0
AEMB.US,D,20240426,000000,37.99,37.99,37.99,37.99,100,0
AEMB.US,D,20240429,000000,38.2214,38.2214,38.2214,38.2214,7,0
AEMB.US,D,20240430,000000,37.9834,38.03,37.9834,38.03,508,0
AEMB.US,D,20240501,000000,37.8172,37.8172,37.8172,37.8172,2,0
AEMB.US,D,20240502,000000,37.9699,38.0154,37.96,38.0154,474,0
AEMB.US,D,20240503,000000,38.3899,38.3899,38.28,38.335,672,0
AEMB.US,D,20240506,000000,38.4107,38.4107,38.4,38.4,1281,0
AEMB.US,D,20240507,000000,42.24,42.24,38.52,38.52,369,0
AEMB.US,D,20240508,000000,38.59,38.59,38.32,38.32,1133,0
AEMB.US,D,20240509,000000,38.52,38.6,38.52,38.561,1051,0
AEMB.US,D,20240510,000000,38.3,38.3129,38.3,38.3129,197,0
AEMB.US,D,20240513,000000,38.46,38.46,38.4,38.4,1025,0
AEMB.US,D,20240514,000000,38.445,38.445,38.445,38.445,2,0
AEMB.US,D,20240515,000000,38.8137,38.8137,38.8137,38.8137,35,0
AEMB.US,D,20240516,000000,38.73,38.73,38.675,38.675,326,0
AEMB.US,D,20240517,000000,38.565,38.565,38.565,38.565,2,0
AEMB.US,D,20240520,000000,38.6417,38.6417,38.58,38.58,1556,0
AEMB.US,D,20240521,000000,38.635,38.635,38.635,38.635,10,0
AEMB.US,D,20240522,000000,38.466,38.466,38.466,38.466,2,0
AEMB.US,D,20240523,000000,38.46,38.46,38.4,38.4,1292,0
AEMB.US,D,20240524,000000,38.37,38.56,38.37,38.41,1060,0
AEMB.US,D,20240528,000000,38.23,38.23,38.23,38.23,68,0
AEMB.US,D,20240529,000000,38.07,38.07,38.07,38.07,21,0
AEMB.US,D,20240530,000000,38.3203,38.3203,38.3203,38.3203,2,0
AEMB.US,D,20240531,000000,38.352,38.4295,38.352,38.4295,734,0
AEMB.US,D,20240603,000000,38.3101,38.4174,38.31,38.4174,881,0
AEMB.US,D,20240604,000000,38.43,38.4517,38.43,38.4517,366,0
AEMB.US,D,20240605,000000,38.4698,38.4698,38.4698,38.4698,19,0
AEMB.US,D,20240606,000000,38.497,38.56,38.45,38.45,2471,0
AEMB.US,D,20240607,000000,38.195,38.195,38.195,38.195,117,0
AEMB.US,D,20240610,000000,38.32,38.35,38.195,38.35,1997,0
AEMB.US,D,20240611,000000,38.36,38.36,38.315,38.315,107,0
AEMB.US,D,20240612,000000,38.62,38.62,38.48,38.48,343,0
AEMB.US,D,20240613,000000,38.5756,38.5756,38.5756,38.5756,3,0
AEMB.US,D,20240614,000000,38.4851,38.4851,38.4851,38.4851,68,0
AEMB.US,D,20240617,000000,38.7,38.7,38.18,38.51,402,0
AEMB.US,D,20240618,000000,38.655,38.655,38.655,38.655,67,0
AEMB.US,D,20240620,000000,38.48,38.48,38.48,38.48,37,0
AEMB.US,D,20240621,000000,38.51,38.65,38.51,38.555,1356,0
