<TICKER>,<PER>,<DATE>,<TIME>,<OPEN>,<HIGH>,<LOW>,<CLOSE>,<VOL>,<OPENINT>
APUE.US,D,20230504,000000,24.438,24.49,24.438,24.4616,712,0
APUE.US,D,20230505,000000,24.8,24.95,24.78,24.9382,5883156,0
APUE.US,D,20230508,000000,24.86,24.9043,24.86,24.9043,2128,0
APUE.US,D,20230509,000000,24.82,24.89,24.8,24.8064,12146,0
APUE.US,D,20230510,000000,24.85,24.92,24.69,24.9114,16610,0
APUE.US,D,20230511,000000,24.739,24.88,24.739,24.8735,9636,0
APUE.US,D,20230512,000000,24.88,24.88,24.71,24.8239,2379,0
APUE.US,D,20230515,000000,24.8266,24.92,24.825,24.92,7454,0
APUE.US,D,20230516,000000,24.79,25.05,24.77,24.7778,19038,0
APUE.US,D,20230517,000000,24.8301,25.0769,24.8301,25.0769,4332,0
APUE.US,D,20230518,000000,25.0701,25.2874,25.0701,25.2874,8671,0
APUE.US,D,20230519,000000,25.47,26.8,25.22,25.2677,154128,0
APUE.US,D,20230522,000000,25.36,25.36,25.28,25.2837,9942,0
APUE.US,D,20230523,000000,25.248,25.248,25.0516,25.0634,7375,0
APUE.US,D,20230524,000000,24.82,24.93,24.8,24.8597,11714,0
APUE.US,D,20230525,000000,25.01,25.12,24.96,25.07,34793,0
APUE.US,D,20230526,000000,25.362,25.46,25.34,25.3426,8115,0
APUE.US,D,20230530,000000,25.4341,25.44,25.38,25.4,13391,0
APUE.US,D,20230531,000000,25.238,25.29,25.18,25.2696,7231,0
APUE.US,D,20230601,000000,25.26,25.525,25.26,25.4861,2341,0
APUE.US,D,20230602,000000,25.7701,25.9101,25.7701,25.9101,6529,0
APUE.US,D,20230605,000000,25.8593,26.24,25.818,25.8348,16650,0
APUE.US,D,20230606,000000,25.89,25.97,25.8503,25.9688,5734,0
APUE.US,D,20230607,000000,26.02,26.02,25.8901,25.9054,6530,0
APUE.US,D,20230608,000000,25.86,26.0376,25.86,26.0376,3734,0
APUE.US,D,20230609,000000,26.21,26.21,26.005,26.0523,7818,0
APUE.US,D,20230612,000000,26.1099,26.2569,26.06,26.2569,7975,0
APUE.US,D,20230613,000000,26.4249,26.4452,26.34,26.4452,11388,0
APUE.US,D,20230614,000000,26.49,26.53,26.27,26.4119,19274,0
APUE.US,D,20230615,000000,26.58,26.7525,26.51,26.7525,8183,0
APUE.US,D,20230616,000000,26.82,26.95,26.655,26.657,24315,0
APUE.US,D,20230620,000000,26.4563,26.6,26.4563,26.5544,5257,0
APUE.US,D,20230621,000000,26.36,26.73,26.36,26.4837,13557,0
APUE.US,D,20230622,000000,26.4,26.73,26.34,26.4801,13873,0
APUE.US,D,20230623,000000,26.27,26.62,26.26,26.4108,34091,0
APUE.US,D,20230626,000000,26.3286,26.3286,26.19,26.2061,4086,0
APUE.US,D,20230627,000000,26.33,26.6,26.23,26.5439,16289,0
APUE.US,D,20230628,000000,26.58,26.8,26.49,26.5327,173959,0
APUE.US,D,20230629,000000,26.56,26.66,26.56,26.645,9258,0
APUE.US,D,20230630,000000,26.74,27.206,26.74,26.9644,10819,0
APUE.US,D,20230703,000000,26.9549,26.9892,26.93,26.9892,1034,0
APUE.US,D,20230705,000000,26.925,26.9599,26.9,26.92,4374,0
APUE.US,D,20230706,000000,26.5318,26.68,26.5,26.6692,12943,0
APUE.US,D,20230707,000000,26.72,26.875,26.6393,26.6393,83295,0
APUE.US,D,20230710,000000,26.56,26.73,26.56,26.6943,20090,0
APUE.US,D,20230711,000000,26.75,26.91,26.75,26.9,93814,0
APUE.US,D,20230712,000000,27.1501,27.1965,26.86,27.107,18913,0
APUE.US,D,20230713,000000,27.2401,27.36,27.2401,27.33,10221,0
APUE.US,D,20230714,000000,27.44,27.45,27.27,27.2734,26511,0
APUE.US,D,20230717,000000,27.3407,27.4123,27.3407,27.4123,4855,0
APUE.US,D,20230718,000000,27.46,27.645,27.43,27.64,9160,0
APUE.US,D,20230719,000000,27.7403,27.7403,27.6412,27.66,39230,0
APUE.US,D,20230720,000000,27.395,27.62,27.395,27.49,4920,0
APUE.US,D,20230721,000000,27.5012,27.61,27.49,27.5,22389,0
APUE.US,D,20230724,000000,27.6,27.61,27.5433,27.61,8577,0
APUE.US,D,20230725,000000,27.62,27.73,27.62,27.69,17863,0
APUE.US,D,20230726,000000,27.69,27.72,27.5615,27.69,14219,0
APUE.US,D,20230727,000000,27.86,27.91,27.5,27.5063,4680,0
APUE.US,D,20230728,000000,27.73,27.81,27.71,27.76,8296,0
APUE.US,D,20230731,000000,27.8354,27.89,27.775,27.8175,9291,0
APUE.US,D,20230801,000000,27.78,27.78,27.7201,27.76,4697,0
APUE.US,D,20230802,000000,27.58,27.58,27.4,27.4,10473,0
APUE.US,D,20230803,000000,27.28,27.46,27.28,27.37,16484,0
APUE.US,D,20230804,000000,27.4308,27.61,27.14,27.27,25419,0
APUE.US,D,20230807,000000,27.3674,27.4,27.35,27.38,7034,0
APUE.US,D,20230808,000000,27.158,27.31,27.06,27.31,7971,0
APUE.US,D,20230809,000000,27.1314,27.38,26.91,27.19,16146,0
APUE.US,D,20230810,000000,26.98,27.4,26.98,27.17,8916,0
APUE.US,D,20230811,000000,27.04,27.13,26.985,27.11,16241,0
APUE.US,D,20230814,000000,27.06,27.2311,27.06,27.2311,13286,0
APUE.US,D,20230815,000000,26.98,27.08,26.9199,26.99,14482,0
APUE.US,D,20230816,000000,26.98,27.02,26.71,26.71,7780,0
APUE.US,D,20230817,000000,26.77,26.795,26.53,26.57,23418,0
APUE.US,D,20230818,000000,26.4,26.6,26.4,26.56,6309,0
APUE.US,D,20230821,000000,26.5401,26.7523,26.5401,26.71,8778,0
APUE.US,D,20230822,000000,26.76,26.76,26.56,26.56,20206,0
APUE.US,D,20230823,000000,26.84,27.01,26.8,26.9617,8445,0
APUE.US,D,20230824,000000,27.02,27.02,26.57,26.57,11914,0
APUE.US,D,20230825,000000,26.73,26.83,26.55,26.78,9101,0
APUE.US,D,20230828,000000,26.9343,26.96,26.84,26.91,4901,0
APUE.US,D,20230829,000000,27.1264,27.31,27.1264,27.3,8019,0
APUE.US,D,20230830,000000,27.425,27.48,27.3843,27.3843,6849,0
APUE.US,D,20230831,000000,27.5348,27.55,27.4383,27.46,12248,0
APUE.US,D,20230901,000000,27.535,27.535,27.356,27.4593,13405,0
APUE.US,D,20230905,000000,27.39,27.39,27.29,27.29,12400,0
APUE.US,D,20230906,000000,27.1497,27.172,27.01,27.1636,11298,0
APUE.US,D,20230907,000000,27.01,27.11,26.97,27.06,21630,0
APUE.US,D,20230908,000000,27.14,27.1807,27.0914,27.11,6993,0
APUE.US,D,20230911,000000,27.2306,27.3296,27.18,27.2873,18523,0
APUE.US,D,20230912,000000,27.25,27.25,27.1101,27.1475,4345,0
APUE.US,D,20230913,000000,27.1691,27.24,27.16,27.18,9977,0
APUE.US,D,20230914,000000,27.25,27.38,27.2,27.28,11646,0
APUE.US,D,20230915,000000,27.17,27.17,27.03,27.0339,4464,0
APUE.US,D,20230918,000000,27.0621,27.125,27.03,27.05,19250,0
APUE.US,D,20230919,000000,26.91,27.0099,26.84,26.99,6580,0
APUE.US,D,20230920,000000,27.078,27.12,26.79,26.79,10660,0
APUE.US,D,20230921,000000,26.53,26.56,26.365,26.365,4940,0
APUE.US,D,20230922,000000,26.41,26.5,26.26,26.26,7049,0
APUE.US,D,20230925,000000,26.25,26.43,26.25,26.38,19119,0
APUE.US,D,20230926,000000,26.23,26.23,26.014,26.05,280026,0
APUE.US,D,20230927,000000,26.1,26.12,25.94,26.07,15149,0
APUE.US,D,20230928,000000,26.11,26.45,26.11,26.26,22373,0
APUE.US,D,20230929,000000,26.42,26.44,26.07,26.1,83497,0
APUE.US,D,20231002,000000,26.11,26.1114,25.98,26.1044,9339,0
APUE.US,D,20231003,000000,26.01,26.06,25.6725,25.74,19539,0
APUE.US,D,20231004,000000,25.79,25.9999,25.73,25.99,21510,0
APUE.US,D,20231005,000000,25.76,25.98,25.752,25.94,23030,0
APUE.US,D,20231006,000000,25.76,26.26,25.73,26.26,5491,0
APUE.US,D,20231009,000000,26.12,26.4,26.12,26.35,14884,0
APUE.US,D,20231010,000000,26.555,26.6828,26.5536,26.57,12631,0
APUE.US,D,20231011,000000,26.59,26.7,26.4773,26.7,16110,0
APUE.US,D,20231012,000000,26.5806,26.64,26.32,26.43,11631,0
APUE.US,D,20231013,000000,26.59,26.59,26.24,26.26,8540,0
APUE.US,D,20231016,000000,26.47,26.635,26.47,26.6161,28382,0
APUE.US,D,20231017,000000,26.51,26.7599,26.49,26.5807,42817,0
APUE.US,D,20231018,000000,26.4638,26.4778,26.19,26.19,10982,0
APUE.US,D,20231019,000000,26.16,26.1999,25.98,26.02,11282,0
APUE.US,D,20231020,000000,25.91,25.91,25.68,25.69,18013,0
APUE.US,D,20231023,000000,25.68,25.83,25.59,25.6,20251,0
APUE.US,D,20231024,000000,25.77,25.9,25.69,25.84,17397,0
APUE.US,D,20231025,000000,25.63,25.64,25.43,25.441,9775,0
APUE.US,D,20231026,000000,25.38,25.4099,25.155,25.1829,12471,0
APUE.US,D,20231027,000000,25.17,25.17,24.982,25.0135,14902,0
APUE.US,D,20231030,000000,25.3,25.3863,25.21,25.35,13551,0
APUE.US,D,20231031,000000,25.33,25.5499,25.33,25.54,25938,0
APUE.US,D,20231101,000000,25.625,25.83,25.61,25.8178,26031,0
APUE.US,D,20231102,000000,26.09,26.27,26.09,26.26,54082,0
APUE.US,D,20231103,000000,26.57,26.68,26.5,26.5812,12569,0
APUE.US,D,20231106,000000,26.58,26.59,26.46,26.59,175841,0
APUE.US,D,20231107,000000,26.6,26.9,26.585,26.6541,32213,0
APUE.US,D,20231108,000000,26.72,26.72,26.52,26.66,76499,0
APUE.US,D,20231109,000000,26.71,26.71,26.4319,26.4319,17931,0
APUE.US,D,20231110,000000,26.49,26.85,26.49,26.85,9346,0
APUE.US,D,20231113,000000,26.74,26.86,26.74,26.8276,8928,0
APUE.US,D,20231114,000000,27.3,27.4746,27.3,27.4038,28584,0
APUE.US,D,20231115,000000,27.51,27.5899,27.4362,27.4545,100441,0
APUE.US,D,20231116,000000,27.43,27.46,27.3401,27.46,12735,0
APUE.US,D,20231117,000000,27.46,27.524,27.445,27.52,8592,0
APUE.US,D,20231120,000000,27.5899,27.74,27.5838,27.6849,28968,0
APUE.US,D,20231121,000000,27.5599,27.63,27.53,27.5903,10187,0
APUE.US,D,20231122,000000,27.78,27.78,27.7095,27.72,16622,0
APUE.US,D,20231124,000000,27.7204,27.78,27.7204,27.77,16216,0
APUE.US,D,20231127,000000,27.68,27.7499,27.6771,27.6903,29833,0
APUE.US,D,20231128,000000,27.64,27.72,27.6326,27.72,18820,0
APUE.US,D,20231129,000000,27.84,27.84,27.6605,27.6605,10487,0
APUE.US,D,20231130,000000,27.67,27.7719,27.6,27.7719,22805,0
APUE.US,D,20231201,000000,27.79,28.0088,27.79,27.9904,62557,0
APUE.US,D,20231204,000000,27.73,27.89,27.73,27.89,10794,0
APUE.US,D,20231205,000000,27.85,27.8982,27.77,27.84,17697,0
APUE.US,D,20231206,000000,27.92,27.925,27.705,27.73,28055,0
APUE.US,D,20231207,000000,27.84,27.98,27.84,27.94,43261,0
APUE.US,D,20231208,000000,27.98,28.13,27.94,28.11,43049,0
APUE.US,D,20231211,000000,28.1,28.22,28.1,28.2,33299,0
APUE.US,D,20231212,000000,28.24,28.32,28.24,28.32,19068,0
APUE.US,D,20231213,000000,28.3317,28.776,28.325,28.71,54192,0
APUE.US,D,20231214,000000,28.845,28.95,28.71,28.91,55756,0
APUE.US,D,20231215,000000,28.83,28.9196,28.73,28.82,22236,0
APUE.US,D,20231218,000000,28.97,29.04,28.91,28.99,50284,0
APUE.US,D,20231219,000000,29.075,29.2288,29.075,29.22,5682068,0
APUE.US,D,20231220,000000,29.182,29.2844,28.81,28.81,223307,0
APUE.US,D,20231221,000000,29.07,29.12,28.8783,29.12,44887,0
APUE.US,D,20231222,000000,29.21,29.26,29.16,29.18,31035,0
APUE.US,D,20231226,000000,29.07,29.23,29.07,29.17,44302,0
APUE.US,D,20231227,000000,29.19,29.23,29.1201,29.18,32032,0
APUE.US,D,20231228,000000,29.36,29.36,29.22,29.24,62212,0
APUE.US,D,20231229,000000,29.215,29.25,29.02,29.09,40150,0
APUE.US,D,20240102,000000,28.87,28.9718,28.85,28.9,114567,0
APUE.US,D,20240103,000000,28.77,28.785,28.644,28.6632,65720,0
APUE.US,D,20240104,000000,28.74,28.805,28.59,28.59,97987,0
APUE.US,D,20240105,000000,28.63,28.78,28.5506,28.61,21183,0
APUE.US,D,20240108,000000,28.69,29.03,28.69,29.03,44051,0
APUE.US,D,20240109,000000,28.83,29.04,28.83,28.98,72086,0
APUE.US,D,20240110,000000,29.06,29.2,29.0465,29.19,33773,0
APUE.US,D,20240111,000000,29.13,29.15,28.9,29.14,49449,0
APUE.US,D,20240112,000000,29.18,29.21,29.09,29.19,23744,0
APUE.US,D,20240116,000000,29.14,29.1507,28.9461,29.07,28266,0
APUE.US,D,20240117,000000,28.8788,28.92,28.83,28.87,21375,0
APUE.US,D,20240118,000000,29.0199,29.186,28.9,29.18,73636,0
APUE.US,D,20240119,000000,29.2384,29.54,29.225,29.51,522878,0
APUE.US,D,20240122,000000,29.755,29.755,29.59,29.62,29313,0
APUE.US,D,20240123,000000,29.67,29.7085,29.5759,29.67,177170,0
APUE.US,D,20240124,000000,29.79,29.9,29.68,29.68,29968,0
APUE.US,D,20240125,000000,29.83,29.8699,29.74,29.86,112620,0
APUE.US,D,20240126,000000,29.84,29.95,29.78,29.83,55866,0
APUE.US,D,20240129,000000,29.9,30.11,29.83,30.08,217954,0
APUE.US,D,20240130,000000,30.06,30.11,30.02,30.08,64169,0
APUE.US,D,20240131,000000,29.88,29.96,29.6,29.61,70394,0
APUE.US,D,20240201,000000,29.735,29.95,29.62,29.95,90894,0
APUE.US,D,20240202,000000,29.89,30.34,29.89,30.27,78693,0
APUE.US,D,20240205,000000,30.16,30.2436,29.97,30.13,2475754,0
APUE.US,D,20240206,000000,30.17,30.24,30.1,30.18,98833,0
APUE.US,D,20240207,000000,30.32,30.47,30.32,30.41,65659,0
APUE.US,D,20240208,000000,30.4255,30.5036,30.4,30.46,59130,0
APUE.US,D,20240209,000000,30.54,30.72,30.54,30.72,67474,0
APUE.US,D,20240212,000000,30.724,30.87,30.69,30.74,175772,0
APUE.US,D,20240213,000000,30.29,30.37,30.15,30.22,92177,0
APUE.US,D,20240214,000000,30.36,30.555,30.27,30.52,118111,0
APUE.US,D,20240215,000000,30.54,30.78,30.54,30.74,48488,0
APUE.US,D,20240216,000000,30.68,30.82,30.58,30.58,60709,0
APUE.US,D,20240220,000000,30.39,30.43,30.2727,30.42,112689,0
APUE.US,D,20240221,000000,30.33,30.46,30.22,30.4,73426,0
APUE.US,D,20240222,000000,30.885,31.11,30.8785,31.06,76064,0
APUE.US,D,20240223,000000,31.17,31.19,31.06,31.06,59698,0
APUE.US,D,20240226,000000,31.13,31.14,30.97,31.03,45641,0
APUE.US,D,20240227,000000,31.0149,31.09,30.97,31.09,85041,0
APUE.US,D,20240228,000000,30.95,31.04,30.95,31,70748,0
APUE.US,D,20240229,000000,31.1,31.24,31.03,31.21,72777,0
APUE.US,D,20240301,000000,31.19,31.45,31.19,31.43,74278,0
APUE.US,D,20240304,000000,31.42,31.5,31.3616,31.4,62616,0
APUE.US,D,20240305,000000,31.21,31.29,30.92,31.05,174001,0
APUE.US,D,20240306,000000,31.26,31.35,31.14,31.25,112080,0
APUE.US,D,20240307,000000,31.49,31.6,31.46,31.53,110529,0
APUE.US,D,20240308,000000,31.75,31.75,31.3221,31.35,69474,0
APUE.US,D,20240311,000000,31.25,31.3328,31.1382,31.28,87120,0
APUE.US,D,20240312,000000,31.36,31.65,31.33,31.6405,96373,0
APUE.US,D,20240313,000000,31.63,31.6669,31.51,31.5627,56652,0
APUE.US,D,20240314,000000,31.46,31.5,31.27,31.45,264047,0
APUE.US,D,20240315,000000,31.34,31.34,31.2,31.26,155512,0
APUE.US,D,20240318,000000,31.5,31.5926,31.43,31.43,70342,0
APUE.US,D,20240319,000000,31.36,31.67,31.35,31.67,47581,0
APUE.US,D,20240320,000000,31.76,32,31.6301,32,55529,0
APUE.US,D,20240321,000000,32.1312,32.22,32.0908,32.113,41472,0
APUE.US,D,20240322,000000,32.21,32.21,32.025,32.0738,80046,0
APUE.US,D,20240325,000000,31.9865,32.01,31.9305,31.98,81033,0
APUE.US,D,20240326,000000,32.05,32.07,31.91,31.91,75863,0
APUE.US,D,20240327,000000,31.9402,32.15,31.9243,32.1486,100974,0
APUE.US,D,20240328,000000,32.215,32.29,32.1625,32.27,53947,0
APUE.US,D,20240401,000000,32.22,32.34,32.05,32.16,85568,0
APUE.US,D,20240402,000000,31.77,31.88,31.7301,31.84,99422,0
APUE.US,D,20240403,000000,31.9,32.0213,31.8948,31.9318,51567,0
APUE.US,D,20240404,000000,32.15,32.24,31.572,31.572,36345,0
APUE.US,D,20240405,000000,31.72,32.01,31.72,31.92,61876,0
APUE.US,D,20240408,000000,31.9001,32.11,31.9,31.91,18618395,0
APUE.US,D,20240409,000000,31.97,31.97,31.67,31.94,110990,0
APUE.US,D,20240410,000000,31.54,31.7,31.4776,31.59,119351,0
APUE.US,D,20240411,000000,31.66,31.89,31.5,31.83,69135,0
APUE.US,D,20240412,000000,31.66,31.66,31.29,31.366,132100,0
APUE.US,D,20240415,000000,31.67,31.67,30.93,30.97,78769,0
APUE.US,D,20240416,000000,30.91,31.07,30.62,30.91,87981,0
APUE.US,D,20240417,000000,31.01,31.01,30.7,30.7,71131,0
APUE.US,D,20240418,000000,30.72,30.9301,30.61,30.63,113560,0
APUE.US,D,20240419,000000,30.59,30.6101,30.34,30.4,70612,0
APUE.US,D,20240422,000000,30.53,30.845,30.5001,30.71,6165436,0
APUE.US,D,20240423,000000,31.06,31.13,30.98,31.07,113628,0
APUE.US,D,20240424,000000,31.1386,31.15,30.94,31.09,34889,0
APUE.US,D,20240425,000000,30.58,30.95,30.58,30.9,81908,0
APUE.US,D,20240426,000000,31.2,31.3199,31.18,31.2297,46538,0
APUE.US,D,20240429,000000,31.3696,31.3696,31.1798,31.34,57312,0
APUE.US,D,20240430,000000,31.18,31.24,30.805,30.82,104683,0
APUE.US,D,20240501,000000,30.76,31.06,30.7101,30.77,94552,0
APUE.US,D,20240502,000000,30.94,31.0905,30.7907,31.08,37985,0
APUE.US,D,20240503,000000,31.53,31.53,31.285,31.43,85323,0
APUE.US,D,20240506,000000,31.65,31.8,31.6101,31.8,1179790,0
APUE.US,D,20240507,000000,31.78,31.9,31.78,31.8,70839,0
APUE.US,D,20240508,000000,31.69,31.83,31.69,31.78,207882,0
APUE.US,D,20240509,000000,31.77,31.96,31.77,31.95,70123,0
APUE.US,D,20240510,000000,32.08,32.1,31.944,31.99,49971,0
APUE.US,D,20240513,000000,32.14,32.14,31.9511,32.01,52035,0
APUE.US,D,20240514,000000,31.99,32.19,31.98,32.18,64058,0
APUE.US,D,20240515,000000,32.36,32.56,32.29,32.56,75549,0
APUE.US,D,20240516,000000,32.56,32.62,32.455,32.455,64473,0
APUE.US,D,20240517,000000,32.5,32.5,32.375,32.4701,99387,0
APUE.US,D,20240520,000000,32.55,32.61,32.4815,32.51,76333,0
APUE.US,D,20240521,000000,32.4747,32.58,32.4747,32.575,114897,0
APUE.US,D,20240522,000000,32.56,32.57,32.35,32.43,159964,0
APUE.US,D,20240523,000000,32.43,32.5302,32.1501,32.2,53196,0
APUE.US,D,20240524,000000,32.29,32.4703,32.29,32.43,61136,0
APUE.US,D,20240528,000000,32.42,32.485,32.3,32.4086,58769,0
APUE.US,D,20240529,000000,32.2297,32.295,32.185,32.1902,75906,0
APUE.US,D,20240530,000000,32.18,32.18,31.982,32.0543,66252,0
APUE.US,D,20240531,000000,32.12,32.31,31.77,32.29,94137,0
APUE.US,D,20240603,000000,32.45,32.45,32.07,32.285,45271,0
APUE.US,D,20240604,000000,32.21,32.3035,32.095,32.27,305152,0
APUE.US,D,20240605,000000,32.38,32.67,32.33,32.6483,100164,0
APUE.US,D,20240606,000000,32.695,32.72,32.59,32.67,97476,0
APUE.US,D,20240607,000000,32.55,32.7423,32.54,32.6012,148579,0
APUE.US,D,20240610,000000,32.7,32.72,32.49,32.71,85822,0
APUE.US,D,20240611,000000,32.59,32.76,32.44,32.76,119184,0
APUE.US,D,20240612,000000,33.16,33.1701,32.99,33.05,87249,0
APUE.US,D,20240613,000000,33.13,33.13,32.9,33.1,89446,0
APUE.US,D,20240614,000000,32.9001,33.05,32.9001,33.05,47135,0
APUE.US,D,20240617,000000,33.01,33.36,32.9901,33.32,131315,0
APUE.US,D,20240618,000000,33.28,33.41,33.28,33.4,108045,0
APUE.US,D,20240620,000000,33.41,33.48,33.2501,33.3072,47895,0
APUE.US,D,20240621,000000,33.27,33.3,33.13,33.24,110932,0
