<TICKER>,<PER>,<DATE>,<TIME>,<OPEN>,<HIGH>,<LOW>,<CLOSE>,<VOL>,<OPENINT>
ARKA.US,D,20231115,000000,36.84,38.3415,36.7299,38.3415,5688,0
ARKA.US,D,20231116,000000,37.31,37.79,36.495,36.6688,4110,0
ARKA.US,D,20231117,000000,36.98,37.3,36.665,37.1825,3244,0
ARKA.US,D,20231120,000000,37.92,38.46,37.92,38.3027,6740,0
ARKA.US,D,20231121,000000,37.89,37.935,37.53,37.6252,702,0
ARKA.US,D,20231122,000000,37.2,38.3419,37.1,38.3419,2493,0
ARKA.US,D,20231124,000000,38.89,39.16,38.6323,38.6323,592,0
ARKA.US,D,20231127,000000,37.27,37.61,37.27,37.2807,13682,0
ARKA.US,D,20231128,000000,38.04,39.12,37.9682,38.9825,11221,0
ARKA.US,D,20231129,000000,38.68,38.68,38.1092,38.1092,1812,0
ARKA.US,D,20231130,000000,38.33,38.35,38.2,38.2,1851,0
ARKA.US,D,20231201,000000,39.17,39.47,39.17,39.3079,6935,0
ARKA.US,D,20231204,000000,42.15,42.54,42.15,42.36,1075,0
ARKA.US,D,20231205,000000,42.69,44.37,42.69,44.36,8879,0
ARKA.US,D,20231206,000000,44.71,44.7906,44.25,44.3266,6569,0
ARKA.US,D,20231207,000000,43.96,44.3501,43.751,43.8235,4732,0
ARKA.US,D,20231208,000000,44.42,45.0052,44.35,45.0052,1455,0
ARKA.US,D,20231211,000000,42.05,42.05,40.53,40.93,6718,0
ARKA.US,D,20231212,000000,42,42,41.5,41.5805,931,0
ARKA.US,D,20231213,000000,41.805,43.2779,41.805,43.2779,564,0
ARKA.US,D,20231214,000000,43.01,43.19,42.9,43.19,2842,0
ARKA.US,D,20231215,000000,42.149,42.5849,42.149,42.5849,77430,0
ARKA.US,D,20231218,000000,41.8101,42.3071,41.8101,42.3071,474,0
ARKA.US,D,20231219,000000,42.78,42.78,42.1899,42.24,9704,0
ARKA.US,D,20231220,000000,43.4,44.585,43.4,43.8472,6571,0
ARKA.US,D,20231221,000000,43.95,44.15,43.73,44.049,19057,0
ARKA.US,D,20231222,000000,44.1412,44.54,43.89,43.89,3187,0
ARKA.US,D,20231226,000000,42.92,42.92,42,42.44,1510,0
ARKA.US,D,20231227,000000,43.7,43.87,43.2116,43.8306,24158,0
ARKA.US,D,20231228,000000,42.88,42.909,42.39,42.52,76459,0
ARKA.US,D,20231229,000000,43.13,43.1585,41.5,41.9289,51590,0
ARKA.US,D,20240102,000000,46.16,46.16,44.75,44.7852,36305,0
ARKA.US,D,20240103,000000,41.93,43.29,41.9098,42.5668,28828,0
ARKA.US,D,20240104,000000,43.11,44.43,43.11,44.045,27278,0
ARKA.US,D,20240105,000000,43.33,44.01,43.055,43.7767,9373,0
ARKA.US,D,20240108,000000,44.89,47.11,44.59,46.63,32311,0
ARKA.US,D,20240109,000000,46.82,46.82,46.27,46.4336,30853,0
ARKA.US,D,20240110,000000,45.13,46.48,44.421,45.69,35739,0
ARKA.US,D,20240111,000000,47.67,48.82,45.15,46,195903,0
ARKA.US,D,20240112,000000,45.44,45.81,42.68,43.29,46863,0
ARKA.US,D,20240116,000000,42.38,43,41.63,42.7368,21235,0
ARKA.US,D,20240117,000000,42.04,42.2705,41.9262,42.248,9138,0
ARKA.US,D,20240118,000000,42.02,42.42,40.28,40.5369,18172,0
ARKA.US,D,20240119,000000,40.5,41.54,39.8809,41.1922,13901,0
ARKA.US,D,20240122,000000,40.44,40.44,39,39.6592,7423,0
ARKA.US,D,20240123,000000,38.36,38.9701,38.17,38.61,10143,0
ARKA.US,D,20240124,000000,39.6,39.64,39.08,39.0873,2291,0
ARKA.US,D,20240125,000000,39.52,39.5201,39.131,39.19,6675,0
ARKA.US,D,20240126,000000,40.71,41.769,40.71,41.488,6458,0
ARKA.US,D,20240129,000000,41.48,42.66,41.34,42.6503,5257,0
ARKA.US,D,20240130,000000,43.07,43.1,42.7501,43.0757,9007,0
ARKA.US,D,20240131,000000,42.49,43.06,42.0899,42.0899,3487,0
ARKA.US,D,20240201,000000,41.85,42.52,41.85,42.4105,1661,0
ARKA.US,D,20240202,000000,42.2411,42.5616,42.2411,42.3595,1779,0
ARKA.US,D,20240205,000000,42.76,42.76,41.7504,41.7504,6571,0
ARKA.US,D,20240206,000000,42.24,42.655,42.24,42.5312,711,0
ARKA.US,D,20240207,000000,42.54,43.62,42.32,43.5813,4297,0
ARKA.US,D,20240208,000000,44.48,45.03,44.4,44.9155,6739,0
ARKA.US,D,20240209,000000,46.23,47.55,46.23,46.88,10339,0
ARKA.US,D,20240212,000000,47.67,49.5548,47.67,49.5548,10496,0
ARKA.US,D,20240213,000000,48.51,48.7478,48.031,48.7478,5691,0
ARKA.US,D,20240214,000000,50.97,51.347,50.68,51.072,6703,0
ARKA.US,D,20240215,000000,51.71,52.1799,51.0609,51.0609,7033,0
ARKA.US,D,20240216,000000,51.344,51.344,51.0884,51.0884,2483,0
ARKA.US,D,20240220,000000,51.24,51.48,49.9,51.2296,9609,0
ARKA.US,D,20240221,000000,50.32,50.42,50.0219,50.0219,2731,0
ARKA.US,D,20240222,000000,50.4302,51.0987,50.4302,51.0987,1827,0
ARKA.US,D,20240223,000000,50,50.19,49.9,50.1761,1400,0
ARKA.US,D,20240226,000000,50.54,53.731,50.54,53.6755,3342,0
ARKA.US,D,20240227,000000,55.9,56.339,55.58,55.7697,9639,0
ARKA.US,D,20240228,000000,59.14,62.76,58.9324,59.183,12329,0
ARKA.US,D,20240229,000000,62.15,62.439,59.3267,61.0134,13614,0
ARKA.US,D,20240301,000000,60.35,61.8,60.35,61.8,3434,0
ARKA.US,D,20240304,000000,64.16,66.6,64.16,66.5519,28963,0
ARKA.US,D,20240305,000000,66.68,67.54,59.6704,60.6878,18440,0
ARKA.US,D,20240306,000000,65.631,66.1799,64.38,65.59,10537,0
ARKA.US,D,20240307,000000,66.08,66.6,65.7,66.2,15116,0
ARKA.US,D,20240308,000000,66.78,68.48,65,67.6899,16230,0
ARKA.US,D,20240311,000000,70.93,71.179,70.245,70.76,8705,0
ARKA.US,D,20240312,000000,70.91,71.32,67.59,69.7145,8750,0
ARKA.US,D,20240313,000000,71.21,71.6157,70.4,71.6157,5821,0
ARKA.US,D,20240314,000000,71.19,71.19,66.98,67.56,4972,0
ARKA.US,D,20240315,000000,66.73,68.31,66.15,67.1007,7569,0
ARKA.US,D,20240318,000000,66.375,66.375,65.3175,65.3175,5955,0
ARKA.US,D,20240319,000000,62.11,63.4001,60.761,62.9211,10337,0
ARKA.US,D,20240320,000000,62.0218,64.2806,61.8909,64.2806,2787,0
ARKA.US,D,20240321,000000,66.16,66.16,63.48,63.678,4173,0
ARKA.US,D,20240322,000000,61.26,62.29,61.26,62.17,7080,0
ARKA.US,D,20240325,000000,64.85,68.869,64.85,68.869,5521,0
ARKA.US,D,20240326,000000,68.84,68.84,67.3517,67.3517,9205,0
ARKA.US,D,20240327,000000,69.285,69.285,66.21,66.3798,2007,0
ARKA.US,D,20240328,000000,69.02,69.05,68.3655,68.46,6281,0
ARKA.US,D,20240401,000000,67.56,67.56,66.07,67.3,5663,0
ARKA.US,D,20240402,000000,62.6,63.66,62.261,63.52,11284,0
ARKA.US,D,20240403,000000,64.084,64.084,63.4762,63.4762,1419,0
ARKA.US,D,20240404,000000,64.7088,66.1318,64.7088,65.9611,4073,0
ARKA.US,D,20240405,000000,64.55,65.35,64.55,64.88,2945,0
ARKA.US,D,20240408,000000,69.2501,69.475,68.88,69.15,5862,0
ARKA.US,D,20240409,000000,68.235,68.235,66.28,66.3777,1325,0
ARKA.US,D,20240410,000000,65.17,67.3911,65.17,67.3911,1341,0
ARKA.US,D,20240411,000000,67.22,67.7401,67.22,67.7401,553,0
ARKA.US,D,20240412,000000,67.59,67.59,63,64.32,2748,0
ARKA.US,D,20240415,000000,62.89,62.94,60.84,60.84,6227,0
ARKA.US,D,20240416,000000,60.67,60.67,59.37,60.3019,2677,0
ARKA.US,D,20240417,000000,58.5,59.22,57.6,58.57,7872,0
ARKA.US,D,20240418,000000,59.41,61.5908,59.41,60.919,2712,0
ARKA.US,D,20240419,000000,62.19,62.2,61.7,61.7,3300,0
ARKA.US,D,20240422,000000,63.2691,64.025,63.2691,63.88,1983,0
ARKA.US,D,20240423,000000,64.1787,64.1787,63.74,63.74,349,0
ARKA.US,D,20240424,000000,62.3702,62.3702,61.2689,61.2689,2880,0
ARKA.US,D,20240425,000000,61.8481,61.8481,61.8481,61.8481,208,0
ARKA.US,D,20240426,000000,61.401,61.71,61.042,61.042,760,0
ARKA.US,D,20240429,000000,60.33,60.33,59.81,60.1584,1630,0
ARKA.US,D,20240430,000000,57.24,57.24,56.4934,56.4934,1572,0
ARKA.US,D,20240501,000000,54.85,55.371,54.33,54.4996,3273,0
ARKA.US,D,20240502,000000,56.175,56.711,56.175,56.635,5171,0
ARKA.US,D,20240503,000000,58.8401,59.3088,58.8401,59.3088,1845,0
ARKA.US,D,20240506,000000,60.71,60.71,60.12,60.3473,1366,0
ARKA.US,D,20240507,000000,60.409,60.409,60.1607,60.1607,551,0
ARKA.US,D,20240508,000000,59.93,59.93,59.37,59.37,653,0
ARKA.US,D,20240509,000000,59.75,59.75,59.3499,59.6515,1119,0
ARKA.US,D,20240510,000000,59.5308,59.5308,57.9371,57.9371,1487,0
ARKA.US,D,20240513,000000,60.2857,60.2857,60.2857,60.2857,240,0
ARKA.US,D,20240514,000000,58.92,58.92,58.7198,58.7198,531,0
ARKA.US,D,20240515,000000,61.42,63.1296,61.42,63.1296,1030,0
ARKA.US,D,20240516,000000,63.345,63.59,62.169,62.2575,1696,0
ARKA.US,D,20240517,000000,63.431,64.3,63.431,64.13,2419,0
ARKA.US,D,20240520,000000,63.82,66.8018,63.82,66.8018,18116,0
ARKA.US,D,20240521,000000,67.6,67.65,66.14,66.1414,5480,0
ARKA.US,D,20240522,000000,66.61,66.9903,66.14,66.5414,1291,0
ARKA.US,D,20240523,000000,64.75,64.75,64.0196,64.0196,1441,0
ARKA.US,D,20240524,000000,65.091,66.1,65.05,65.81,8829,0
ARKA.US,D,20240528,000000,64.55,65.1986,64.55,65.1986,939,0
ARKA.US,D,20240529,000000,64.45,64.45,63.98,63.98,308,0
ARKA.US,D,20240530,000000,65.15,65.2566,65.15,65.2566,499,0
ARKA.US,D,20240531,000000,64.3823,64.3823,64.3823,64.3823,182,0
ARKA.US,D,20240603,000000,66.85,66.85,65.65,65.72,933,0
ARKA.US,D,20240604,000000,66.2112,67.1816,66.2112,66.9146,3420,0
ARKA.US,D,20240605,000000,68.2406,68.2406,67.7008,67.8921,3661,0
ARKA.US,D,20240606,000000,67.4205,67.4205,66.9871,66.9871,326,0
ARKA.US,D,20240607,000000,65.2294,65.7186,65.21,65.7186,705,0
ARKA.US,D,20240610,000000,66.53,66.53,65.89,65.89,504,0
ARKA.US,D,20240611,000000,62.87,63.98,62.81,63.98,1758,0
ARKA.US,D,20240612,000000,65.73,66.05,63.84,63.9444,1073,0
ARKA.US,D,20240613,000000,63.22,63.2492,63.1648,63.1648,1267,0
ARKA.US,D,20240614,000000,62.5,62.5,61.94,62.03,1658,0
ARKA.US,D,20240617,000000,63.1799,63.1799,63.1799,63.1799,985,0
ARKA.US,D,20240618,000000,61.37,61.37,60.7269,60.7269,2069,0
ARKA.US,D,20240620,000000,61.8,61.8,61.45,61.51,1137,0
ARKA.US,D,20240621,000000,60.135,60.7384,60.11,60.7384,3972,0
