<TICKER>,<PER>,<DATE>,<TIME>,<OPEN>,<HIGH>,<LOW>,<CLOSE>,<VOL>,<OPENINT>
AVDS.US,D,20230721,000000,50.025,50.0771,50.0232,50.0771,3026,0
AVDS.US,D,20230724,000000,50.0691,50.0691,50.0691,50.0691,112,0
AVDS.US,D,20230725,000000,50.32,50.33,50.2985,50.2985,2191,0
AVDS.US,D,20230726,000000,50.33,50.5772,50.32,50.49,3416,0
AVDS.US,D,20230727,000000,50.66,50.66,50.0796,50.0796,3068,0
AVDS.US,D,20230728,000000,50.56,50.56,50.4,50.4283,1421,0
AVDS.US,D,20230731,000000,50.645,50.645,50.5551,50.5551,3202,0
AVDS.US,D,20230801,000000,50.13,50.13,49.87,49.9212,1003,0
AVDS.US,D,20230802,000000,49.51,49.51,49.1333,49.1333,577,0
AVDS.US,D,20230803,000000,48.91,49.07,48.88,49.0387,965,0
AVDS.US,D,20230804,000000,49.4251,49.4251,49.4251,49.4251,5,0
AVDS.US,D,20230807,000000,49.7364,49.7364,49.7364,49.7364,3,0
AVDS.US,D,20230808,000000,49.2349,49.2349,49.2349,49.2349,15,0
AVDS.US,D,20230809,000000,49.45,49.45,49.2476,49.2476,1203,0
AVDS.US,D,20230810,000000,49.75,49.75,49.2075,49.2075,882,0
AVDS.US,D,20230811,000000,49.1399,49.1399,49.0819,49.0819,541,0
AVDS.US,D,20230814,000000,48.83,48.9364,48.83,48.9364,1233,0
AVDS.US,D,20230815,000000,48.45,48.45,48.3703,48.3703,162,0
AVDS.US,D,20230816,000000,47.9859,47.9859,47.9859,47.9859,8,0
AVDS.US,D,20230817,000000,47.89,47.89,47.7095,47.7095,577,0
AVDS.US,D,20230818,000000,47.5558,47.5558,47.5558,47.5558,25,0
AVDS.US,D,20230821,000000,47.6216,47.6216,47.5835,47.5835,190,0
AVDS.US,D,20230822,000000,47.63,47.63,47.5727,47.5727,350,0
AVDS.US,D,20230823,000000,48.095,48.095,48.0549,48.0549,100,0
AVDS.US,D,20230824,000000,47.45,47.45,47.3868,47.3868,100,0
AVDS.US,D,20230825,000000,47.6822,47.6822,47.6822,47.6822,90,0
AVDS.US,D,20230828,000000,48.0484,48.0484,48.0484,48.0484,90,0
AVDS.US,D,20230829,000000,48.7356,48.7356,48.7356,48.7356,10,0
AVDS.US,D,20230830,000000,48.74,48.82,48.74,48.7491,2610,0
AVDS.US,D,20230831,000000,48.9299,48.96,48.87,48.9074,700,0
AVDS.US,D,20230901,000000,48.9603,48.9603,48.9603,48.9603,53,0
AVDS.US,D,20230905,000000,48.62,48.62,48.5766,48.5766,146,0
AVDS.US,D,20230906,000000,48.3378,48.3378,48.3378,48.3378,90,0
AVDS.US,D,20230907,000000,48.14,48.14,48.1122,48.1122,241,0
AVDS.US,D,20230908,000000,48.05,48.05,47.9457,47.9457,4853,0
AVDS.US,D,20230911,000000,48.5324,48.55,48.5236,48.5236,300,0
AVDS.US,D,20230912,000000,48.3185,48.3185,48.3185,48.3185,90,0
AVDS.US,D,20230913,000000,48.0849,48.0849,48.0849,48.0849,10,0
AVDS.US,D,20230914,000000,48.6312,48.6312,48.6312,48.6312,90,0
AVDS.US,D,20230915,000000,48.3894,48.3894,48.3894,48.3894,90,0
AVDS.US,D,20230918,000000,48.31,48.31,48.2189,48.2189,519,0
AVDS.US,D,20230919,000000,48.2874,48.2874,48.2874,48.2874,90,0
AVDS.US,D,20230920,000000,48.23,48.23,48.0773,48.0773,800,0
AVDS.US,D,20230921,000000,47.4969,47.4969,47.4969,47.4969,90,0
AVDS.US,D,20230922,000000,47.6138,47.6138,47.6138,47.6138,89,0
AVDS.US,D,20230925,000000,47.4744,47.4744,47.4744,47.4744,90,0
AVDS.US,D,20230926,000000,46.7703,46.7703,46.7703,46.7703,90,0
AVDS.US,D,20230927,000000,46.7571,46.7571,46.7571,46.7571,103,0
AVDS.US,D,20230928,000000,47.0848,47.0848,47.0848,47.0848,90,0
AVDS.US,D,20230929,000000,46.9787,46.9787,46.9787,46.9787,53,0
AVDS.US,D,20231002,000000,46.3,46.3,46.1481,46.1481,201,0
AVDS.US,D,20231003,000000,45.3864,45.3864,45.3864,45.3864,50,0
AVDS.US,D,20231004,000000,45.4,45.4,44.845,45.1543,837,0
AVDS.US,D,20231005,000000,45.58,45.7172,45.58,45.7136,207,0
AVDS.US,D,20231006,000000,46.2071,46.2071,46.2071,46.2071,88,0
AVDS.US,D,20231009,000000,46.12,46.1217,46.12,46.1217,101,0
AVDS.US,D,20231010,000000,46.7,46.73,46.6786,46.6786,241,0
AVDS.US,D,20231011,000000,46.48,46.6139,46.48,46.6139,379,0
AVDS.US,D,20231012,000000,46.14,46.1563,46.14,46.1563,134,0
AVDS.US,D,20231013,000000,45.6185,45.6281,45.6185,45.6281,170,0
AVDS.US,D,20231016,000000,45.8246,45.9334,45.8246,45.9334,100,0
AVDS.US,D,20231017,000000,45.9443,45.9443,45.9443,45.9443,5,0
AVDS.US,D,20231018,000000,45.5,45.5,45.1606,45.1606,800,0
AVDS.US,D,20231019,000000,45.25,45.25,44.966,44.966,102,0
AVDS.US,D,20231020,000000,44.64,44.65,44.6349,44.6349,329,0
AVDS.US,D,20231023,000000,44.6095,44.6095,44.4469,44.4469,792,0
AVDS.US,D,20231024,000000,44.81,44.81,44.67,44.7875,3313,0
AVDS.US,D,20231025,000000,44.15,44.15,44.1092,44.1092,359,0
AVDS.US,D,20231026,000000,44.1251,44.1251,43.9395,43.9395,1164,0
AVDS.US,D,20231027,000000,44.0795,44.22,44.0795,44.22,2170,0
AVDS.US,D,20231030,000000,44.73,44.73,44.6933,44.6933,269,0
AVDS.US,D,20231031,000000,44.9527,45.0963,44.9527,45.0963,250,0
AVDS.US,D,20231101,000000,45.293,45.293,45.293,45.293,16,0
AVDS.US,D,20231102,000000,46.3,46.3,46.2676,46.2676,506,0
AVDS.US,D,20231103,000000,47.1564,47.1564,47.1564,47.1564,28,0
AVDS.US,D,20231106,000000,46.6266,46.6266,46.5981,46.5981,696,0
AVDS.US,D,20231107,000000,46.1198,46.2172,46.1198,46.2172,105,0
AVDS.US,D,20231108,000000,46.23,46.23,45.87,45.977,287,0
AVDS.US,D,20231109,000000,46.13,46.13,46.0843,46.0843,296,0
AVDS.US,D,20231110,000000,46.38,46.38,46.323,46.323,201,0
AVDS.US,D,20231113,000000,46.39,46.39,46.3857,46.3857,100,0
AVDS.US,D,20231114,000000,47.9013,47.9013,47.9013,47.9013,1,0
AVDS.US,D,20231115,000000,47.7844,47.7844,47.7285,47.7285,300,0
AVDS.US,D,20231116,000000,47.487,47.52,47.2845,47.2845,7686,0
AVDS.US,D,20231117,000000,47.92,48.0443,47.92,48.0443,1290,0
AVDS.US,D,20231120,000000,48.2362,48.2362,48.2362,48.2362,158,0
AVDS.US,D,20231121,000000,47.9659,47.9659,47.9659,47.9659,9,0
AVDS.US,D,20231122,000000,48.09,48.13,48.05,48.1176,2701,0
AVDS.US,D,20231124,000000,48.47,48.47,48.4506,48.4506,683,0
AVDS.US,D,20231127,000000,48.34,48.3948,48.34,48.3948,299,0
AVDS.US,D,20231128,000000,48.6799,48.72,48.6799,48.6804,6492,0
AVDS.US,D,20231129,000000,48.74,48.9386,48.74,48.8734,718,0
AVDS.US,D,20231130,000000,48.5236,48.67,48.5236,48.591,2902,0
AVDS.US,D,20231201,000000,49.2014,49.2014,49.2014,49.2014,25,0
AVDS.US,D,20231204,000000,48.7484,48.7484,48.7484,48.7484,9,0
AVDS.US,D,20231205,000000,48.661,48.661,48.5033,48.5033,190,0
AVDS.US,D,20231206,000000,48.83,48.83,48.6747,48.6747,370,0
AVDS.US,D,20231207,000000,49.0605,49.0605,49.0605,49.0605,11,0
AVDS.US,D,20231208,000000,48.96,49.08,48.96,49.0392,2986,0
AVDS.US,D,20231211,000000,48.9999,49.0299,48.9999,49.0287,6898,0
AVDS.US,D,20231212,000000,48.7871,48.8672,48.7871,48.8672,150,0
AVDS.US,D,20231213,000000,48.8788,49.7771,48.84,49.7771,4009,0
AVDS.US,D,20231214,000000,50.6793,50.6793,50.6793,50.6793,60,0
AVDS.US,D,20231215,000000,50.4,50.4,50.3081,50.3081,691,0
AVDS.US,D,20231218,000000,50.0367,50.08,50.0367,50.0676,2106,0
AVDS.US,D,20231219,000000,50.6706,50.6706,50.6706,50.6706,3,0
AVDS.US,D,20231220,000000,50.54,50.54,50.2399,50.241,7831,0
AVDS.US,D,20231221,000000,50.9099,51.0492,50.9087,51.0492,548,0
AVDS.US,D,20231222,000000,51.35,51.35,51.3,51.3153,1685,0
AVDS.US,D,20231226,000000,51.34,51.4855,51.34,51.4855,223,0
AVDS.US,D,20231227,000000,51.59,51.82,51.59,51.7997,2335,0
AVDS.US,D,20231228,000000,51.6991,51.6991,51.6991,51.6991,101,0
AVDS.US,D,20231229,000000,51.93,51.93,51.7633,51.7633,1450,0
AVDS.US,D,20240102,000000,51.11,51.11,51.0971,51.0971,154,0
AVDS.US,D,20240103,000000,50.5797,50.5797,50.5797,50.5797,73,0
AVDS.US,D,20240104,000000,50.82,50.89,50.6911,50.6911,1326,0
AVDS.US,D,20240105,000000,51.0395,51.0395,50.5698,50.5881,3286,0
AVDS.US,D,20240108,000000,51.1509,51.1509,51.1509,51.1509,182,0
AVDS.US,D,20240109,000000,50.75,50.82,50.7312,50.784,842,0
AVDS.US,D,20240110,000000,50.99,51.0077,50.99,51.0077,2047,0
AVDS.US,D,20240111,000000,50.4,50.8037,50.4,50.8037,3285,0
AVDS.US,D,20240112,000000,51,51.0084,50.99,51.0084,7006,0
AVDS.US,D,20240116,000000,49.9852,49.9852,49.9852,49.9852,122,0
AVDS.US,D,20240117,000000,49.33,49.4913,49.1726,49.4913,2027,0
AVDS.US,D,20240118,000000,49.755,49.894,49.755,49.894,199,0
AVDS.US,D,20240119,000000,49.5,49.9092,49.5,49.9092,3859,0
AVDS.US,D,20240122,000000,50.21,50.2896,50.1874,50.1874,300,0
AVDS.US,D,20240123,000000,50.04,50.0885,50.04,50.0885,1637,0
AVDS.US,D,20240124,000000,50.64,50.64,50.3554,50.3554,2021,0
AVDS.US,D,20240125,000000,50.64,50.64,50.5991,50.5991,1618,0
AVDS.US,D,20240126,000000,50.695,50.695,50.6927,50.6927,214,0
AVDS.US,D,20240129,000000,50.69,50.8968,50.69,50.8968,650,0
AVDS.US,D,20240130,000000,50.57,50.6962,50.57,50.6962,337,0
AVDS.US,D,20240131,000000,50.58,50.58,50.4883,50.4883,429,0
AVDS.US,D,20240201,000000,50.6,50.9727,50.6,50.9727,867,0
AVDS.US,D,20240202,000000,50.4997,50.4997,50.4997,50.4997,125,0
AVDS.US,D,20240205,000000,49.79,50.03,49.79,49.9289,7829,0
AVDS.US,D,20240206,000000,49.9,50.2449,49.9,50.2449,5850,0
AVDS.US,D,20240207,000000,50.25,50.26,50.1958,50.1958,5881,0
AVDS.US,D,20240208,000000,49.98,50.05,49.8801,50.0492,13362,0
AVDS.US,D,20240209,000000,50.04,50.27,50.04,50.27,2068,0
AVDS.US,D,20240212,000000,50.44,50.5072,50.43,50.5072,2445,0
AVDS.US,D,20240213,000000,49.625,49.625,49.4708,49.4911,640,0
AVDS.US,D,20240214,000000,49.87,50.051,49.87,50.051,7837,0
AVDS.US,D,20240215,000000,50.5415,50.5415,50.5415,50.5415,34,0
AVDS.US,D,20240216,000000,50.87,50.87,50.6471,50.6471,989,0
AVDS.US,D,20240220,000000,50.53,50.72,50.53,50.6558,11388,0
AVDS.US,D,20240221,000000,50.545,50.6688,50.545,50.6688,626,0
AVDS.US,D,20240222,000000,51.005,51.1412,50.95,51.1412,5875,0
AVDS.US,D,20240223,000000,51.1,51.12,51.0709,51.0709,684,0
AVDS.US,D,20240226,000000,51.05,51.08,51.0032,51.03,25012,0
AVDS.US,D,20240227,000000,51.12,51.26,51.12,51.2393,1162,0
AVDS.US,D,20240228,000000,51,51,50.9396,50.9396,2146,0
AVDS.US,D,20240229,000000,51.144,51.1839,51.144,51.1839,931,0
AVDS.US,D,20240301,000000,51.31,51.76,51.31,51.7051,1326,0
AVDS.US,D,20240304,000000,51.32,51.43,51.32,51.3454,10890,0
AVDS.US,D,20240305,000000,51.3,51.3227,51.3,51.3227,935,0
AVDS.US,D,20240306,000000,52.01,52.16,52.01,52.0778,1439,0
AVDS.US,D,20240307,000000,52.55,52.65,52.55,52.5735,4094,0
AVDS.US,D,20240308,000000,52.8899,52.8899,52.4974,52.4974,2401,0
AVDS.US,D,20240311,000000,51.92,52.0483,51.92,52.0483,790,0
AVDS.US,D,20240312,000000,52.2005,52.4211,52.2005,52.4211,806,0
AVDS.US,D,20240313,000000,52.43,52.5399,52.43,52.43,11328,0
AVDS.US,D,20240314,000000,52.11,52.11,52.0267,52.0267,1735,0
AVDS.US,D,20240315,000000,52.25,52.25,52.1315,52.1315,3399,0
AVDS.US,D,20240318,000000,52.3099,52.3099,52.2056,52.2056,4623,0
AVDS.US,D,20240319,000000,52.045,52.36,52.045,52.34,3919,0
AVDS.US,D,20240320,000000,52.36,52.95,52.36,52.87,7416,0
AVDS.US,D,20240321,000000,52.99,52.99,52.84,52.8631,3833,0
AVDS.US,D,20240322,000000,52.7899,52.7899,52.6364,52.6364,1259,0
AVDS.US,D,20240325,000000,52.72,52.72,52.5921,52.5921,985,0
AVDS.US,D,20240326,000000,52.8799,52.94,52.7789,52.7789,1283,0
AVDS.US,D,20240327,000000,53.0699,53.2066,53.05,53.2066,2301,0
AVDS.US,D,20240328,000000,53.1,53.18,53.1,53.16,683,0
AVDS.US,D,20240401,000000,52.9375,52.9375,52.9375,52.9375,127,0
AVDS.US,D,20240402,000000,52.5727,52.5727,52.5727,52.5727,52,0
AVDS.US,D,20240403,000000,52.6,53.14,52.6,53.08,4984,0
AVDS.US,D,20240404,000000,52.92,52.92,52.67,52.7232,9372,0
AVDS.US,D,20240405,000000,52.93,52.98,52.93,52.98,333,0
AVDS.US,D,20240408,000000,53.26,53.35,53.25,53.27,5744,0
AVDS.US,D,20240409,000000,53.29,53.3468,53.25,53.3468,746,0
AVDS.US,D,20240410,000000,52.6758,52.6758,52.6758,52.6758,37,0
AVDS.US,D,20240411,000000,52.9,52.92,52.897,52.897,4605,0
AVDS.US,D,20240412,000000,52.18,52.18,52.0049,52.0049,868,0
AVDS.US,D,20240415,000000,52.28,52.28,51.71,51.779,2076,0
AVDS.US,D,20240416,000000,51.27,51.27,51.01,51.01,4264,0
AVDS.US,D,20240417,000000,51.14,51.2,50.94,51.1026,1186,0
AVDS.US,D,20240418,000000,51.43,51.46,51.0931,51.0931,2171,0
AVDS.US,D,20240419,000000,51,51.0399,50.9467,50.9698,1741,0
AVDS.US,D,20240422,000000,51.3134,51.4426,51.2999,51.4426,709,0
AVDS.US,D,20240423,000000,51.79,51.8849,51.7871,51.8849,505,0
AVDS.US,D,20240424,000000,51.7644,51.7644,51.6199,51.6747,736,0
AVDS.US,D,20240425,000000,51.23,51.36,51.23,51.2928,6085,0
AVDS.US,D,20240426,000000,51.7845,51.7845,51.7845,51.7845,71,0
AVDS.US,D,20240429,000000,52.47,52.47,52.38,52.4227,2220,0
AVDS.US,D,20240430,000000,51.75,51.75,51.5715,51.5715,239,0
AVDS.US,D,20240501,000000,51.4287,51.4287,51.4287,51.4287,44,0
AVDS.US,D,20240502,000000,51.75,52.2077,51.75,52.2077,666,0
AVDS.US,D,20240503,000000,52.59,52.64,52.57,52.6354,7192,0
AVDS.US,D,20240506,000000,52.9,52.9634,52.9,52.9634,1522,0
AVDS.US,D,20240507,000000,53.0399,53.0399,52.89,52.94,1964,0
AVDS.US,D,20240508,000000,52.9967,52.9967,52.9967,52.9967,3,0
AVDS.US,D,20240509,000000,53.41,53.41,53.3909,53.3909,508,0
AVDS.US,D,20240510,000000,53.352,53.352,53.352,53.352,338,0
AVDS.US,D,20240513,000000,53.36,53.36,53.3539,53.3539,255,0
AVDS.US,D,20240514,000000,53.57,53.74,53.56,53.74,3382,0
AVDS.US,D,20240515,000000,53.8199,54.1433,53.8199,54.1433,4969,0
AVDS.US,D,20240516,000000,54.0039,54.0039,53.83,53.857,47036,0
AVDS.US,D,20240517,000000,54.14,54.18,54.06,54.1507,5182,0
AVDS.US,D,20240520,000000,54.3441,54.39,54.28,54.3,10349,0
AVDS.US,D,20240521,000000,54.115,54.1964,54.115,54.1964,325,0
AVDS.US,D,20240522,000000,53.531,53.531,53.531,53.531,34,0
AVDS.US,D,20240523,000000,53.6,53.6,53.2172,53.2172,1704,0
AVDS.US,D,20240524,000000,53.78,53.885,53.78,53.8692,1714,0
AVDS.US,D,20240528,000000,54.1297,54.15,54.0217,54.0217,678,0
AVDS.US,D,20240529,000000,53.1,53.1,53.0491,53.0491,2773,0
AVDS.US,D,20240530,000000,53.8899,53.8899,53.7998,53.7998,1531,0
AVDS.US,D,20240531,000000,54.05,54.3312,54,54.3312,2461,0
AVDS.US,D,20240603,000000,54.305,54.4287,54.241,54.376,3488,0
AVDS.US,D,20240604,000000,54.08,54.08,54.0278,54.0278,338,0
AVDS.US,D,20240605,000000,54.105,54.1164,54.105,54.1164,471,0
AVDS.US,D,20240606,000000,54.04,54.11,54.04,54.0666,785,0
AVDS.US,D,20240607,000000,53.35,53.357,53.35,53.357,430,0
AVDS.US,D,20240610,000000,53.415,53.6576,53.415,53.6576,119,0
AVDS.US,D,20240611,000000,53.1074,53.1074,53.1074,53.1074,84,0
AVDS.US,D,20240612,000000,54,54.115,53.774,53.774,2063,0
AVDS.US,D,20240613,000000,52.89,52.89,52.75,52.8233,1605,0
AVDS.US,D,20240614,000000,52.35,52.4499,52.13,52.36,4764,0
AVDS.US,D,20240617,000000,52.34,52.6828,52.34,52.6828,5227,0
AVDS.US,D,20240618,000000,52.64,52.92,52.64,52.919,891,0
AVDS.US,D,20240620,000000,52.87,52.93,52.78,52.9114,2736,0
AVDS.US,D,20240621,000000,52.58,52.58,52.41,52.4511,1499,0
