<TICKER>,<PER>,<DATE>,<TIME>,<OPEN>,<HIGH>,<LOW>,<CLOSE>,<VOL>,<OPENINT>
AVGV.US,D,20230630,000000,52.01,52.4,51.3099,51.4017,35765,0
AVGV.US,D,20230703,000000,51.21,51.83,51.21,51.6912,5086,0
AVGV.US,D,20230705,000000,51.38,51.43,51.22,51.27,9324,0
AVGV.US,D,20230706,000000,50.45,50.47,50.15,50.46,20308,0
AVGV.US,D,20230707,000000,50.79,51.42,50.7299,51.0046,58868,0
AVGV.US,D,20230710,000000,51.01,51.3099,50.9601,51.2429,11066,0
AVGV.US,D,20230711,000000,51.48,51.8475,51.47,51.8475,21506,0
AVGV.US,D,20230712,000000,52.57,52.71,52.4817,52.545,10190,0
AVGV.US,D,20230713,000000,52.94,53,52.8453,52.9267,10428,0
AVGV.US,D,20230714,000000,52.72,52.72,52.3928,52.3928,21198,0
AVGV.US,D,20230717,000000,52.35,52.63,52.2887,52.5378,12528,0
AVGV.US,D,20230718,000000,52.4,53.21,52.4,53.1329,31903,0
AVGV.US,D,20230719,000000,53.14,53.42,53.14,53.3504,6202,0
AVGV.US,D,20230720,000000,53.62,53.62,53.1,53.1484,15813,0
AVGV.US,D,20230721,000000,53.17,53.17,53.03,53.0594,6494,0
AVGV.US,D,20230724,000000,53.32,53.5041,53.26,53.3858,16101,0
AVGV.US,D,20230725,000000,53.505,53.74,53.505,53.5562,14840,0
AVGV.US,D,20230726,000000,53.66,53.86,53.6,53.8083,6474,0
AVGV.US,D,20230727,000000,54.29,54.29,53.45,53.4895,10573,0
AVGV.US,D,20230728,000000,54.08,54.18,53.98,54.1096,10465,0
AVGV.US,D,20230731,000000,54.295,54.44,54.295,54.3256,6757,0
AVGV.US,D,20230801,000000,54.29,54.29,53.8423,54.013,9975,0
AVGV.US,D,20230802,000000,53.61,53.61,53.2186,53.2186,3764,0
AVGV.US,D,20230803,000000,52.97,53.29,52.942,53.2565,15911,0
AVGV.US,D,20230804,000000,53.58,53.769,53.2894,53.2894,12739,0
AVGV.US,D,20230807,000000,53.6,53.67,53.4572,53.6401,10119,0
AVGV.US,D,20230808,000000,53.3,53.38,52.78,53.3401,14768,0
AVGV.US,D,20230809,000000,53.4799,53.52,53.2305,53.2305,4248,0
AVGV.US,D,20230810,000000,53.62,53.83,53.15,53.1666,5911,0
AVGV.US,D,20230811,000000,53.11,53.165,53.0227,53.0227,3686,0
AVGV.US,D,20230814,000000,53,53,52.57,52.9407,7051,0
AVGV.US,D,20230815,000000,52.51,52.51,52.23,52.24,3017,0
AVGV.US,D,20230816,000000,52.16,52.37,51.7932,51.7932,9401,0
AVGV.US,D,20230817,000000,52.4,52.4,51.6,51.6,24336,0
AVGV.US,D,20230818,000000,51.54,51.65,51.358,51.6386,4499,0
AVGV.US,D,20230821,000000,51.6799,51.76,51.46,51.6796,7451,0
AVGV.US,D,20230822,000000,51.8,51.8,51.3844,51.403,6183,0
AVGV.US,D,20230823,000000,51.37,51.87,51.37,51.7473,7307,0
AVGV.US,D,20230824,000000,51.75,51.75,51.2245,51.2245,5269,0
AVGV.US,D,20230825,000000,51.04,51.5,51.04,51.3907,2446,0
AVGV.US,D,20230828,000000,51.62,51.98,51.62,51.8557,8742,0
AVGV.US,D,20230829,000000,54.05,54.05,51.86,52.5767,8148,0
AVGV.US,D,20230830,000000,52.76,52.8,52.5999,52.6486,46107,0
AVGV.US,D,20230831,000000,52.8099,52.8099,52.6242,52.65,20924,0
AVGV.US,D,20230901,000000,53.51,53.51,52.9899,53.0531,5936,0
AVGV.US,D,20230905,000000,52.76,52.76,52.5201,52.525,7911,0
AVGV.US,D,20230906,000000,52.56,52.56,52.09,52.1893,6050,0
AVGV.US,D,20230907,000000,52.03,52.04,51.8301,51.8624,10679,0
AVGV.US,D,20230908,000000,51.8604,52.05,51.845,51.9325,3799,0
AVGV.US,D,20230911,000000,52.36,52.36,52.1007,52.1007,6971,0
AVGV.US,D,20230912,000000,52.46,52.46,52.1,52.1498,10085,0
AVGV.US,D,20230913,000000,52.26,52.26,52.01,52.02,2080,0
AVGV.US,D,20230914,000000,52.09,52.73,52.09,52.6963,2128,0
AVGV.US,D,20230915,000000,52.65,52.65,52.25,52.31,10970,0
AVGV.US,D,20230918,000000,52.4,52.4,52.08,52.22,25742,0
AVGV.US,D,20230919,000000,52.48,52.48,51.95,52.1733,5042,0
AVGV.US,D,20230920,000000,52.58,52.58,51.8447,51.8447,5309,0
AVGV.US,D,20230921,000000,51.559,51.559,51.1665,51.1665,20666,0
AVGV.US,D,20230922,000000,51.51,51.51,51.17,51.18,3589,0
AVGV.US,D,20230925,000000,51.17,51.39,51.0699,51.39,8817,0
AVGV.US,D,20230926,000000,51.08,51.08,50.6921,50.6921,1552,0
AVGV.US,D,20230927,000000,50.9961,51.05,50.649,50.9295,14001,0
AVGV.US,D,20230928,000000,51.2499,51.57,51.2499,51.48,7515,0
AVGV.US,D,20230929,000000,51.72,51.72,51.1899,51.2,13045,0
AVGV.US,D,20231002,000000,51.29,51.29,50.46,50.61,5925,0
AVGV.US,D,20231003,000000,50.12,50.12,49.7915,49.842,3653,0
AVGV.US,D,20231004,000000,49.5773,49.803,49.31,49.74,32744,0
AVGV.US,D,20231005,000000,49.6,49.806,49.5999,49.806,7171,0
AVGV.US,D,20231006,000000,49.88,50.57,49.88,50.3208,4684,0
AVGV.US,D,20231009,000000,50.73,50.74,50.6355,50.6355,8345,0
AVGV.US,D,20231010,000000,51.09,51.4067,51.09,51.1873,3194,0
AVGV.US,D,20231011,000000,51.0315,51.2768,50.98,51.2768,1052,0
AVGV.US,D,20231012,000000,51.49,51.49,50.52,50.7764,3560,0
AVGV.US,D,20231013,000000,51,51,50.505,50.505,2143,0
AVGV.US,D,20231016,000000,51.14,51.14,51.102,51.13,2567,0
AVGV.US,D,20231017,000000,51.09,51.565,51,51.3834,4751,0
AVGV.US,D,20231018,000000,50.9917,50.9917,50.51,50.6064,2895,0
AVGV.US,D,20231019,000000,50.51,50.64,50.1418,50.1418,2288,0
AVGV.US,D,20231020,000000,49.77,49.82,49.4975,49.4975,3169,0
AVGV.US,D,20231023,000000,49.4601,49.595,49.231,49.231,6482,0
AVGV.US,D,20231024,000000,49.66,49.66,49.28,49.4617,13269,0
AVGV.US,D,20231025,000000,49.23,49.23,48.9305,48.9305,3284,0
AVGV.US,D,20231026,000000,48.825,48.88,48.7953,48.7953,3188,0
AVGV.US,D,20231027,000000,48.95,48.95,48.46,48.6,155631,0
AVGV.US,D,20231030,000000,49.14,49.14,48.7501,49.0066,1120,0
AVGV.US,D,20231031,000000,48.9082,49.15,48.9082,49.1377,3283,0
AVGV.US,D,20231101,000000,49.38,49.4827,49.2099,49.4827,2501,0
AVGV.US,D,20231102,000000,50.23,50.5444,50.2,50.5444,4036,0
AVGV.US,D,20231103,000000,51.1891,51.49,51.1799,51.2836,14890,0
AVGV.US,D,20231106,000000,51.29,51.29,50.8599,50.935,6131,0
AVGV.US,D,20231107,000000,50.48,50.7,50.4599,50.5343,6030,0
AVGV.US,D,20231108,000000,50.3599,50.3599,50.2352,50.2352,918,0
AVGV.US,D,20231109,000000,50.3,50.57,49.99,49.99,5102,0
AVGV.US,D,20231110,000000,50.085,50.56,49.9925,50.5536,4678,0
AVGV.US,D,20231113,000000,50.32,50.64,50.32,50.5851,3497,0
AVGV.US,D,20231114,000000,51.74,52.1772,51.69,52.0831,2716,0
AVGV.US,D,20231115,000000,52.28,52.5306,52.2515,52.2515,9896,0
AVGV.US,D,20231116,000000,52.0541,52.0541,51.6,51.7579,1256,0
AVGV.US,D,20231117,000000,52.3,52.44,52.23,52.35,11642,0
AVGV.US,D,20231120,000000,52.3336,52.63,52.3106,52.5988,1455,0
AVGV.US,D,20231121,000000,52.375,52.375,52.27,52.2954,972,0
AVGV.US,D,20231122,000000,52.47,52.47,52.31,52.46,7884,0
AVGV.US,D,20231124,000000,52.42,52.75,52.42,52.6905,3987,0
AVGV.US,D,20231127,000000,52.32,52.59,52.32,52.5582,4776,0
AVGV.US,D,20231128,000000,52.5495,52.7634,52.53,52.5648,4707,0
AVGV.US,D,20231129,000000,52.88,52.9,52.675,52.6896,4553,0
AVGV.US,D,20231130,000000,52.7899,52.9,52.7377,52.895,3440,0
AVGV.US,D,20231201,000000,53.08,53.81,53.0799,53.7934,5997,0
AVGV.US,D,20231204,000000,53.55,53.71,53.44,53.6,8710,0
AVGV.US,D,20231205,000000,53.3199,53.42,53.25,53.25,6741,0
AVGV.US,D,20231206,000000,53.6809,53.6809,53.12,53.1246,9530,0
AVGV.US,D,20231207,000000,53.21,53.5037,53.21,53.5037,5148,0
AVGV.US,D,20231208,000000,53.87,53.87,53.64,53.73,12191,0
AVGV.US,D,20231211,000000,53.76,53.93,53.72,53.92,12580,0
AVGV.US,D,20231212,000000,53.74,53.8,53.6493,53.77,12072,0
AVGV.US,D,20231213,000000,53.8,54.7318,53.5266,54.7318,3927,0
AVGV.US,D,20231214,000000,55.8,55.96,55.66,55.8484,7614,0
AVGV.US,D,20231215,000000,55.97,55.97,55.5001,55.5782,18666,0
AVGV.US,D,20231218,000000,55.665,55.88,55.665,55.7309,7973,0
AVGV.US,D,20231219,000000,56.2002,56.39,56.2002,56.3486,14300,0
AVGV.US,D,20231220,000000,55.72,55.91,55.01,55.01,18081,0
AVGV.US,D,20231221,000000,55.5,55.79,55.4401,55.79,29019,0
AVGV.US,D,20231222,000000,55.9855,56.08,55.79,55.92,10939,0
AVGV.US,D,20231226,000000,56.26,56.37,56.07,56.27,15760,0
AVGV.US,D,20231227,000000,56.5,56.5,56.33,56.44,17342,0
AVGV.US,D,20231228,000000,56.49,56.5,56.31,56.31,7794,0
AVGV.US,D,20231229,000000,56.41,56.41,56.0001,56.12,13439,0
AVGV.US,D,20240102,000000,55.84,56.04,55.702,55.78,26208,0
AVGV.US,D,20240103,000000,55.37,55.44,55.1872,55.2,12331,0
AVGV.US,D,20240104,000000,55.37,55.37,55.1,55.11,8521,0
AVGV.US,D,20240105,000000,55.59,55.59,55.2061,55.28,3627,0
AVGV.US,D,20240108,000000,55.146,55.69,55.1317,55.69,19710,0
AVGV.US,D,20240109,000000,55.35,55.35,54.97,55.14,4614,0
AVGV.US,D,20240110,000000,55.2,55.28,55.06,55.25,12236,0
AVGV.US,D,20240111,000000,55.29,55.29,54.675,55.14,5774,0
AVGV.US,D,20240112,000000,55.485,55.485,55.036,55.14,7958,0
AVGV.US,D,20240116,000000,54.65,54.7,54.34,54.45,13354,0
AVGV.US,D,20240117,000000,54.24,54.24,53.6801,54,11590,0
AVGV.US,D,20240118,000000,54.23,54.44,53.962,54.44,8051,0
AVGV.US,D,20240119,000000,54.225,54.83,54.225,54.7722,9378,0
AVGV.US,D,20240122,000000,54.76,55.1525,54.76,55.1525,13258,0
AVGV.US,D,20240123,000000,54.9615,55.045,54.925,55.0427,1396,0
AVGV.US,D,20240124,000000,55.65,55.65,55.27,55.28,14220,0
AVGV.US,D,20240125,000000,55.66,55.74,55.42,55.73,7708,0
AVGV.US,D,20240126,000000,55.91,55.91,55.722,55.87,11820,0
AVGV.US,D,20240129,000000,55.7,56.1262,55.69,56.1262,4474,0
AVGV.US,D,20240130,000000,56.03,56.26,55.83,56.23,12257,0
AVGV.US,D,20240131,000000,56.11,56.19,55.44,55.44,10030,0
AVGV.US,D,20240201,000000,55.535,55.82,55.48,55.81,5421,0
AVGV.US,D,20240202,000000,55.7,55.9,55.3901,55.8354,17337,0
AVGV.US,D,20240205,000000,55.31,55.47,55.04,55.36,35384,0
AVGV.US,D,20240206,000000,55.61,55.61,55.43,55.5651,21393,0
AVGV.US,D,20240207,000000,55.59,55.81,55.574,55.76,16993,0
AVGV.US,D,20240208,000000,55.5733,55.93,55.5733,55.93,12578,0
AVGV.US,D,20240209,000000,55.95,56.13,55.78,56.13,12197,0
AVGV.US,D,20240212,000000,56.2,56.77,56.2,56.62,11030,0
AVGV.US,D,20240213,000000,55.97,55.97,55.1179,55.46,6805,0
AVGV.US,D,20240214,000000,55.85,56.03,55.62,56.03,17976,0
AVGV.US,D,20240215,000000,56.405,56.83,56.405,56.83,8804,0
AVGV.US,D,20240216,000000,56.57,56.99,56.57,56.68,13437,0
AVGV.US,D,20240220,000000,56.67,56.67,56.415,56.4208,20130,0
AVGV.US,D,20240221,000000,56.4589,56.68,56.43,56.68,11345,0
AVGV.US,D,20240222,000000,57.03,57.18,56.88,57.18,9231,0
AVGV.US,D,20240223,000000,57.1135,57.37,57.1135,57.3,11434,0
AVGV.US,D,20240226,000000,57.27,57.38,57.0793,57.18,7127,0
AVGV.US,D,20240227,000000,57.4,57.48,57.3198,57.46,16649,0
AVGV.US,D,20240228,000000,57.34,57.34,57.21,57.21,4362,0
AVGV.US,D,20240229,000000,57.67,57.67,57.32,57.63,11411,0
AVGV.US,D,20240301,000000,57.564,58.05,57.564,58.05,15991,0
AVGV.US,D,20240304,000000,58.23,58.23,57.88,57.88,20992,0
AVGV.US,D,20240305,000000,57.799,58.17,57.72,57.83,13311,0
AVGV.US,D,20240306,000000,58.32,58.3656,58.0362,58.18,14841,0
AVGV.US,D,20240307,000000,58.54,58.72,58.54,58.66,11949,0
AVGV.US,D,20240308,000000,58.8485,58.8485,58.36,58.46,6624,0
AVGV.US,D,20240311,000000,58.2297,58.34,57.92,58.34,6946,0
AVGV.US,D,20240312,000000,58.55,58.5705,58.39,58.5705,12693,0
AVGV.US,D,20240313,000000,58.71,58.8199,58.65,58.75,20401,0
AVGV.US,D,20240314,000000,58.79,58.79,58.09,58.34,8808,0
AVGV.US,D,20240315,000000,58.43,58.53,58.3054,58.41,8638,0
AVGV.US,D,20240318,000000,58.48,58.5993,58.4254,58.4254,8230,0
AVGV.US,D,20240319,000000,58.39,58.83,58.39,58.81,10534,0
AVGV.US,D,20240320,000000,58.75,59.6192,58.7499,59.61,10795,0
AVGV.US,D,20240321,000000,59.95,60,59.91,59.9471,10142,0
AVGV.US,D,20240322,000000,60.02,60.02,59.5431,59.5431,5287,0
AVGV.US,D,20240325,000000,59.66,59.69,59.55,59.57,8131,0
AVGV.US,D,20240326,000000,59.74,59.74,59.422,59.422,4996,0
AVGV.US,D,20240327,000000,59.79,60.154,59.7377,60.154,4601,0
AVGV.US,D,20240328,000000,60.37,60.44,60.2984,60.4169,14257,0
AVGV.US,D,20240401,000000,60.7,60.7,60.12,60.23,13244,0
AVGV.US,D,20240402,000000,60.07,60.07,59.6466,59.86,10782,0
AVGV.US,D,20240403,000000,60.0668,60.25,60.0668,60.23,6819,0
AVGV.US,D,20240404,000000,60.565,60.65,59.65,59.73,6737,0
AVGV.US,D,20240405,000000,59.74,60.122,59.74,60.0659,3867,0
AVGV.US,D,20240408,000000,60.44,60.44,60.3,60.3,4810,0
AVGV.US,D,20240409,000000,60.49,60.55,59.91,60.33,6100,0
AVGV.US,D,20240410,000000,59.65,59.65,59.278,59.5,13458,0
AVGV.US,D,20240411,000000,59.52,59.56,59.07,59.56,3703,0
AVGV.US,D,20240412,000000,58.99,58.99,58.512,58.6014,2284,0
AVGV.US,D,20240415,000000,59.24,59.24,58.14,58.27,5975,0
AVGV.US,D,20240416,000000,58.1,58.1,57.6772,57.73,3455,0
AVGV.US,D,20240417,000000,57.85,57.85,57.5466,57.57,3415,0
AVGV.US,D,20240418,000000,57.69,57.99,57.49,57.5333,15146,0
AVGV.US,D,20240419,000000,57.8,57.895,57.57,57.62,8711,0
AVGV.US,D,20240422,000000,57.83,58.46,57.8,58.221,14645,0
AVGV.US,D,20240423,000000,58.33,58.83,58.33,58.83,2304,0
AVGV.US,D,20240424,000000,58.755,58.81,58.54,58.7803,7190,0
AVGV.US,D,20240425,000000,58.14,58.49,58.06,58.49,2770,0
AVGV.US,D,20240426,000000,58.72,58.912,58.7199,58.89,4467,0
AVGV.US,D,20240429,000000,59.14,59.24,59.025,59.24,18450,0
AVGV.US,D,20240430,000000,59.12,59.12,58.08,58.08,8213,0
AVGV.US,D,20240501,000000,57.89,58.5271,57.89,57.9043,5387,0
AVGV.US,D,20240502,000000,58.38,58.79,58.34,58.72,9802,0
AVGV.US,D,20240503,000000,59.145,59.23,58.9425,59.23,25594,0
AVGV.US,D,20240506,000000,59.53,59.7,59.53,59.7,10106,0
AVGV.US,D,20240507,000000,59.745,59.85,59.66,59.69,7616,0
AVGV.US,D,20240508,000000,59.56,59.6616,59.46,59.6487,6743,0
AVGV.US,D,20240509,000000,59.77,60.18,59.77,60.18,12486,0
AVGV.US,D,20240510,000000,60.2,60.2,60.0615,60.16,4962,0
AVGV.US,D,20240513,000000,60.44,60.44,60.1183,60.17,7906,0
AVGV.US,D,20240514,000000,60.56,60.56,60.3277,60.52,4541,0
AVGV.US,D,20240515,000000,60.4955,60.91,60.4955,60.91,12730,0
AVGV.US,D,20240516,000000,60.77,60.85,60.67,60.73,19978,0
AVGV.US,D,20240517,000000,60.6498,60.9,60.6498,60.8351,8658,0
AVGV.US,D,20240520,000000,61.018,61.018,60.815,60.86,8923,0
AVGV.US,D,20240521,000000,60.7287,60.8391,60.67,60.7602,19679,0
AVGV.US,D,20240522,000000,60.72,60.72,60.075,60.1621,3181,0
AVGV.US,D,20240523,000000,60.61,60.61,59.51,59.57,12402,0
AVGV.US,D,20240524,000000,60.0455,60.24,60.0455,60.1931,1747,0
AVGV.US,D,20240528,000000,60.57,60.57,60.0301,60.28,14913,0
AVGV.US,D,20240529,000000,59.61,59.7,59.4552,59.4552,29597,0
AVGV.US,D,20240530,000000,59.89,60.035,59.89,59.9542,4873,0
AVGV.US,D,20240531,000000,60.33,60.67,59.95,60.67,22760,0
AVGV.US,D,20240603,000000,61,61,60.065,60.2743,16650,0
AVGV.US,D,20240604,000000,59.98,59.98,59.47,59.57,6309,0
AVGV.US,D,20240605,000000,59.9,59.96,59.43,59.9033,26979,0
AVGV.US,D,20240606,000000,59.9692,59.9692,59.8102,59.8696,11233,0
AVGV.US,D,20240607,000000,59.63,59.68,59.5,59.5,5593,0
AVGV.US,D,20240610,000000,59.51,59.78,59.45,59.78,13668,0
AVGV.US,D,20240611,000000,59.53,59.53,59,59.34,16259,0
AVGV.US,D,20240612,000000,60.26,60.26,59.88,59.88,9887,0
AVGV.US,D,20240613,000000,59.42,59.42,59.0303,59.29,12470,0
AVGV.US,D,20240614,000000,58.72,58.7516,58.35,58.6119,3941,0
AVGV.US,D,20240617,000000,58.59,59.1198,58.42,59.0774,4882,0
AVGV.US,D,20240618,000000,59.3629,59.38,59.21,59.38,4680,0
AVGV.US,D,20240620,000000,59.34,59.46,59.255,59.3602,8559,0
AVGV.US,D,20240621,000000,59.08,59.19,59.0633,59.1432,3485,0
