<TICKER>,<PER>,<DATE>,<TIME>,<OPEN>,<HIGH>,<LOW>,<CLOSE>,<VOL>,<OPENINT>
BALI.US,D,20230929,000000,25.17,25.17,24.7175,24.7515,67271,0
BALI.US,D,20231002,000000,24.91,24.91,24.63,24.7652,55986,0
BALI.US,D,20231003,000000,24.75,24.75,24.45,24.4865,24390,0
BALI.US,D,20231004,000000,24.48,24.6757,24.465,24.6757,8069,0
BALI.US,D,20231005,000000,24.6,24.75,24.5401,24.6289,30609,0
BALI.US,D,20231006,000000,24.5,24.94,24.465,24.89,13822,0
BALI.US,D,20231009,000000,24.84,25.11,24.834,25.09,15179,0
BALI.US,D,20231010,000000,25.14,25.39,25.1013,25.17,99502,0
BALI.US,D,20231011,000000,25.23,25.2801,25.14,25.2801,14945,0
BALI.US,D,20231012,000000,25.35,25.35,25.09,25.1698,45246,0
BALI.US,D,20231013,000000,25.27,25.2701,24.96,25.0546,12827,0
BALI.US,D,20231016,000000,25.15,25.36,25.15,25.3331,14334,0
BALI.US,D,20231017,000000,25.21,25.345,25.15,25.2935,8823,0
BALI.US,D,20231018,000000,25.27,25.27,24.95,24.9957,7136,0
BALI.US,D,20231019,000000,25.11,25.11,24.8302,24.8694,9658,0
BALI.US,D,20231020,000000,24.78,24.8599,24.6099,24.6099,19462,0
BALI.US,D,20231023,000000,24.32,24.67,24.32,24.55,13152,0
BALI.US,D,20231024,000000,24.74,24.74,24.6599,24.7246,9826,0
BALI.US,D,20231025,000000,24.615,24.615,24.429,24.4778,5671,0
BALI.US,D,20231026,000000,24.405,24.4114,24.15,24.17,6714,0
BALI.US,D,20231027,000000,24.25,24.25,23.96,24.001,5603,0
BALI.US,D,20231030,000000,24.1,24.43,24.1,24.35,19029,0
BALI.US,D,20231031,000000,24.27,24.4466,24.2412,24.4466,12968,0
BALI.US,D,20231101,000000,24.36,24.55,24.26,24.51,21081,0
BALI.US,D,20231102,000000,24.74,24.8349,24.74,24.8349,5100,0
BALI.US,D,20231103,000000,25,25.07,24.985,25.06,11263,0
BALI.US,D,20231106,000000,25.06,25.14,25.06,25.0955,8342,0
BALI.US,D,20231107,000000,25.1,25.24,25.1,25.1816,5162,0
BALI.US,D,20231108,000000,25.14,25.2587,25.1,25.19,7549,0
BALI.US,D,20231109,000000,25.23,25.2399,25.0311,25.0311,3096,0
BALI.US,D,20231110,000000,25.125,25.35,25.06,25.35,3819,0
BALI.US,D,20231113,000000,25.36,25.4099,25.28,25.33,8396,0
BALI.US,D,20231114,000000,25.62,25.77,25.62,25.67,16169,0
BALI.US,D,20231115,000000,25.8,25.83,25.7051,25.7335,13381,0
BALI.US,D,20231116,000000,25.8,25.8,25.7,25.78,4348,0
BALI.US,D,20231117,000000,25.86,25.86,25.76,25.7945,5279,0
BALI.US,D,20231120,000000,25.8,26.01,25.8,25.9489,15701,0
BALI.US,D,20231121,000000,25.87,25.9499,25.83,25.93,37107,0
BALI.US,D,20231122,000000,26.0304,26.09,25.95,26.04,38924,0
BALI.US,D,20231124,000000,26.05,26.0699,26.0311,26.0402,4962,0
BALI.US,D,20231127,000000,26.06,26.06,25.9707,26.01,6708,0
BALI.US,D,20231128,000000,26.24,26.26,26.18,26.21,29418,0
BALI.US,D,20231129,000000,26.34,26.36,26.1505,26.1514,13705,0
BALI.US,D,20231130,000000,26.16,26.36,25.94,26.1075,5209,0
BALI.US,D,20231201,000000,26.01,26.11,25.92,26.085,11662,0
BALI.US,D,20231204,000000,25.92,25.9996,25.9,25.9996,3116,0
BALI.US,D,20231205,000000,25.99,26.03,25.96,26.0148,8876,0
BALI.US,D,20231206,000000,26.0701,26.0701,25.93,25.93,3381,0
BALI.US,D,20231207,000000,26.01,26.14,26.01,26.1001,6961,0
BALI.US,D,20231208,000000,26.08,26.2,26.065,26.1648,6733,0
BALI.US,D,20231211,000000,26.06,26.23,26.06,26.2095,30801,0
BALI.US,D,20231212,000000,26.23,26.3292,26.23,26.3292,13694,0
BALI.US,D,20231213,000000,26.43,26.6,26.354,26.6,11968,0
BALI.US,D,20231214,000000,26.39,26.45,26.255,26.3075,32181,0
BALI.US,D,20231215,000000,26.45,26.45,26.2333,26.32,4258,0
BALI.US,D,20231218,000000,26.356,26.44,26.3464,26.4062,11611,0
BALI.US,D,20231219,000000,26.4306,26.52,26.4306,26.4998,4139,0
BALI.US,D,20231220,000000,26.53,26.54,26.22,26.22,5901,0
BALI.US,D,20231221,000000,26.3408,26.3883,26.3,26.3883,9202,0
BALI.US,D,20231222,000000,26.525,26.525,26.4652,26.4652,1676,0
BALI.US,D,20231226,000000,26.51,26.62,26.4701,26.5583,11883,0
BALI.US,D,20231227,000000,26.5797,26.59,26.5496,26.57,8900,0
BALI.US,D,20231228,000000,26.66,26.66,26.6,26.621,9067,0
BALI.US,D,20231229,000000,26.56,26.66,26.5162,26.6,16129,0
BALI.US,D,20240102,000000,26.46,26.57,26.4,26.56,13322,0
BALI.US,D,20240103,000000,26.4786,26.48,26.42,26.43,3983,0
BALI.US,D,20240104,000000,26.52,26.52,26.3131,26.3131,7637,0
BALI.US,D,20240105,000000,26.31,26.47,26.31,26.335,5508,0
BALI.US,D,20240108,000000,26.3,26.6558,26.3,26.6558,5774,0
BALI.US,D,20240109,000000,26.59,26.69,26.59,26.6656,4261,0
BALI.US,D,20240110,000000,26.72,26.83,26.6999,26.7692,5603,0
BALI.US,D,20240111,000000,26.89,26.89,26.6,26.783,10924,0
BALI.US,D,20240112,000000,26.8501,26.86,26.78,26.8565,8847,0
BALI.US,D,20240116,000000,26.88,26.88,26.6765,26.7455,10468,0
BALI.US,D,20240117,000000,26.67,26.68,26.5373,26.6388,12908,0
BALI.US,D,20240118,000000,26.74,26.8701,26.7037,26.8701,7269,0
BALI.US,D,20240119,000000,26.89,27.17,26.89,27.1354,6664,0
BALI.US,D,20240122,000000,27.25,27.25,27.16,27.17,7378,0
BALI.US,D,20240123,000000,27.26,27.2649,27.181,27.2649,6126,0
BALI.US,D,20240124,000000,27.41,27.43,27.272,27.272,4491,0
BALI.US,D,20240125,000000,27.345,27.39,27.29,27.38,5765,0
BALI.US,D,20240126,000000,27.4,27.4,27.3394,27.3624,7586,0
BALI.US,D,20240129,000000,27.39,27.512,27.36,27.512,4313,0
BALI.US,D,20240130,000000,27.51,27.55,27.4881,27.5168,3748,0
BALI.US,D,20240131,000000,27.52,27.52,27.18,27.2,8963,0
BALI.US,D,20240201,000000,27.12,27.3,27.04,27.2687,6398,0
BALI.US,D,20240202,000000,27.36,27.58,27.3,27.5238,9604,0
BALI.US,D,20240205,000000,27.42,27.47,27.329,27.438,19717,0
BALI.US,D,20240206,000000,27.4699,27.4699,27.3781,27.443,4613,0
BALI.US,D,20240207,000000,27.6,27.65,27.5213,27.64,10753,0
BALI.US,D,20240208,000000,27.62,27.62,27.5393,27.6009,9566,0
BALI.US,D,20240209,000000,27.5901,27.75,27.5901,27.7347,14996,0
BALI.US,D,20240212,000000,27.78,27.84,27.69,27.7262,12374,0
BALI.US,D,20240213,000000,27.52,27.52,27.28,27.4078,15403,0
BALI.US,D,20240214,000000,27.48,27.57,27.46,27.57,2475,0
BALI.US,D,20240215,000000,27.59,27.7358,27.59,27.7358,3043,0
BALI.US,D,20240216,000000,27.78,27.78,27.63,27.64,3539,0
BALI.US,D,20240220,000000,27.49,27.6,27.47,27.4949,6325,0
BALI.US,D,20240221,000000,27.5,27.567,27.4511,27.567,10571,0
BALI.US,D,20240222,000000,27.87,28.07,27.8444,28.0101,13062,0
BALI.US,D,20240223,000000,28.18,28.18,28.06,28.134,11539,0
BALI.US,D,20240226,000000,28.16,28.16,27.989,27.989,14234,0
BALI.US,D,20240227,000000,27.955,28.02,27.93,28.0103,5659,0
BALI.US,D,20240228,000000,27.91,28.01,27.91,27.9749,1658,0
BALI.US,D,20240229,000000,28.0641,28.11,27.97,28.05,14111,0
BALI.US,D,20240301,000000,27.88,28.0799,27.88,28.0799,9714,0
BALI.US,D,20240304,000000,28.11,28.11,28.03,28.0347,11566,0
BALI.US,D,20240305,000000,28,28,27.75,27.7871,13245,0
BALI.US,D,20240306,000000,27.9,28.03,27.89,27.9488,16510,0
BALI.US,D,20240307,000000,28.03,28.16,28.03,28.1573,11000,0
BALI.US,D,20240308,000000,28.17,28.28,28.062,28.062,14281,0
BALI.US,D,20240311,000000,28.08,28.12,27.9679,28.0682,7367,0
BALI.US,D,20240312,000000,28.1701,28.3586,28.11,28.32,9137,0
BALI.US,D,20240313,000000,28.3805,28.39,28.3023,28.3249,6253,0
BALI.US,D,20240314,000000,28.34,28.37,28.1752,28.3013,2393,0
BALI.US,D,20240315,000000,28.3,28.3,28.1189,28.1651,9028,0
BALI.US,D,20240318,000000,28.33,28.45,28.3252,28.3252,5381,0
BALI.US,D,20240319,000000,28.3083,28.4748,28.3083,28.4748,5791,0
BALI.US,D,20240320,000000,28.49,28.685,28.4519,28.657,10180,0
BALI.US,D,20240321,000000,28.86,28.86,28.69,28.7784,11692,0
BALI.US,D,20240322,000000,28.753,28.82,28.74,28.7852,11086,0
BALI.US,D,20240325,000000,28.75,28.75,28.6545,28.68,17480,0
BALI.US,D,20240326,000000,28.7,28.7347,28.602,28.61,43724,0
BALI.US,D,20240327,000000,28.71,28.821,28.665,28.821,4141,0
BALI.US,D,20240328,000000,28.92,28.92,28.84,28.8932,19846,0
BALI.US,D,20240401,000000,28.98,28.98,28.65,28.6805,26937,0
BALI.US,D,20240402,000000,28.6,28.61,28.485,28.5613,10097,0
BALI.US,D,20240403,000000,28.54,28.6,28.52,28.5322,126810,0
BALI.US,D,20240404,000000,28.68,28.75,28.25,28.25,29896,0
BALI.US,D,20240405,000000,28.32,28.51,28.28,28.4496,21452,0
BALI.US,D,20240408,000000,28.4501,28.5002,28.44,28.4431,7768,0
BALI.US,D,20240409,000000,28.54,28.5499,28.2301,28.4236,10629,0
BALI.US,D,20240410,000000,28.15,28.26,28.15,28.252,12457,0
BALI.US,D,20240411,000000,28.24,28.46,28.07,28.4,18029,0
BALI.US,D,20240412,000000,28.27,28.29,28,28.0095,9527,0
BALI.US,D,20240415,000000,28.227,28.227,27.75,27.75,4839,0
BALI.US,D,20240416,000000,27.7,27.7482,27.67,27.6957,2789,0
BALI.US,D,20240417,000000,27.76,27.79,27.52,27.5744,5374,0
BALI.US,D,20240418,000000,27.64,27.64,27.4801,27.55,3451,0
BALI.US,D,20240419,000000,27.5,27.5001,27.31,27.34,11198,0
BALI.US,D,20240422,000000,27.54,27.75,27.43,27.5972,8022,0
BALI.US,D,20240423,000000,27.69,27.88,27.68,27.8476,6068,0
BALI.US,D,20240424,000000,27.79,27.86,27.7752,27.8448,1909,0
BALI.US,D,20240425,000000,27.49,27.76,27.49,27.7165,5273,0
BALI.US,D,20240426,000000,27.87,28.0399,27.87,27.987,8989,0
BALI.US,D,20240429,000000,28.18,28.18,27.97,28.0313,8498,0
BALI.US,D,20240430,000000,28.03,28.03,27.72,27.72,2875,0
BALI.US,D,20240501,000000,27.44,27.68,27.385,27.4124,2539,0
BALI.US,D,20240502,000000,27.54,27.61,27.49,27.5909,4887,0
BALI.US,D,20240503,000000,27.99,27.99,27.81,27.9305,14585,0
BALI.US,D,20240506,000000,28.07,28.1318,28.035,28.1318,4839,0
BALI.US,D,20240507,000000,28.26,28.29,28.2012,28.2499,41874,0
BALI.US,D,20240508,000000,28.25,28.27,28.2,28.27,9337,0
BALI.US,D,20240509,000000,28.2,28.36,28.2,28.36,6725,0
BALI.US,D,20240510,000000,28.46,28.46,28.36,28.4139,7381,0
BALI.US,D,20240513,000000,28.5,28.51,28.4167,28.4462,18626,0
BALI.US,D,20240514,000000,28.52,28.58,28.43,28.5674,15206,0
BALI.US,D,20240515,000000,28.7,28.82,28.6501,28.8148,22832,0
BALI.US,D,20240516,000000,28.84,28.87,28.8,28.8157,8277,0
BALI.US,D,20240517,000000,28.98,28.98,28.75,28.7966,6809,0
BALI.US,D,20240520,000000,28.95,28.95,28.82,28.82,16327,0
BALI.US,D,20240521,000000,28.82,28.88,28.78,28.8643,4400,0
BALI.US,D,20240522,000000,28.86,28.86,28.71,28.7175,6633,0
BALI.US,D,20240523,000000,28.82,28.8399,28.5593,28.5634,415357,0
BALI.US,D,20240524,000000,28.72,28.7599,28.6,28.6774,51857,0
BALI.US,D,20240528,000000,28.76,28.76,28.6477,28.6477,3847,0
BALI.US,D,20240529,000000,28.68,28.68,28.49,28.49,8855,0
BALI.US,D,20240530,000000,28.4,28.49,28.3789,28.38,12753,0
BALI.US,D,20240531,000000,28.5,28.6243,28.23,28.6243,20048,0
BALI.US,D,20240603,000000,28.5721,28.6199,28.32,28.47,20014,0
BALI.US,D,20240604,000000,28.42,28.64,28.41,28.5949,23396,0
BALI.US,D,20240605,000000,28.72,28.86,28.66,28.86,6773,0
BALI.US,D,20240606,000000,28.8785,28.9099,28.8501,28.8852,4343,0
BALI.US,D,20240607,000000,28.91,29,28.8103,28.91,21810,0
BALI.US,D,20240610,000000,28.92,29,28.81,29,10175,0
BALI.US,D,20240611,000000,28.94,29.1,28.77,29.1,10926,0
BALI.US,D,20240612,000000,29.34,29.35,29.24,29.24,17848,0
BALI.US,D,20240613,000000,29.35,29.35,29.14,29.31,15509,0
BALI.US,D,20240614,000000,29.16,29.31,29.16,29.31,8921,0
BALI.US,D,20240617,000000,29.32,29.5899,29.22,29.53,35430,0
BALI.US,D,20240618,000000,29.63,29.63,29.52,29.61,20250,0
BALI.US,D,20240620,000000,29.6,29.67,29.51,29.55,16068,0
BALI.US,D,20240621,000000,29.5,29.6,29.5,29.5798,3248,0
