<TICKER>,<PER>,<DATE>,<TIME>,<OPEN>,<HIGH>,<LOW>,<CLOSE>,<VOL>,<OPENINT>
BCIM.US,D,20210929,000000,24.598,24.598,24.214,24.214,2588,0
BCIM.US,D,20210930,000000,23.823,23.823,23.823,23.823,53,0
BCIM.US,D,20211001,000000,23.998,24.126,23.998,24.105,583,0
BCIM.US,D,20211004,000000,24.342,24.342,24.321,24.321,203,0
BCIM.US,D,20211005,000000,24.273,24.288,24.256,24.288,403,0
BCIM.US,D,20211006,000000,24.136,24.136,24.136,24.136,22,0
BCIM.US,D,20211007,000000,24.497,24.497,24.497,24.497,22,0
BCIM.US,D,20211008,000000,24.854,24.9,24.854,24.9,203,0
BCIM.US,D,20211011,000000,25.341,25.341,25.341,25.341,26,0
BCIM.US,D,20211012,000000,25.36,25.36,25.36,25.36,1,0
BCIM.US,D,20211013,000000,25.922,25.922,25.922,25.922,61,0
BCIM.US,D,20211014,000000,26.604,26.604,26.604,26.604,81,0
BCIM.US,D,20211015,000000,27.402,27.654,27.215,27.654,950,0
BCIM.US,D,20211018,000000,28.091,28.091,27.255,27.279,913,0
BCIM.US,D,20211019,000000,27.137,27.914,26.846,26.846,3034,0
BCIM.US,D,20211020,000000,27.321,27.321,27.321,27.321,116,0
BCIM.US,D,20211021,000000,26.074,26.074,25.883,25.883,724,0
BCIM.US,D,20211022,000000,25.897,25.897,25.666,25.666,321,0
BCIM.US,D,20211025,000000,25.859,25.859,25.859,25.859,28,0
BCIM.US,D,20211026,000000,25.582,25.607,25.582,25.607,211,0
BCIM.US,D,20211027,000000,24.67,24.67,24.67,24.67,61,0
BCIM.US,D,20211028,000000,25.006,25.006,25.006,25.006,73,0
BCIM.US,D,20211029,000000,24.903,24.96,24.903,24.96,146,0
BCIM.US,D,20211101,000000,24.834,24.892,24.834,24.892,153,0
BCIM.US,D,20211102,000000,24.726,24.726,24.657,24.657,361,0
BCIM.US,D,20211103,000000,24.598,24.598,24.529,24.529,728,0
BCIM.US,D,20211104,000000,24.431,24.431,24.032,24.032,5595,0
BCIM.US,D,20211105,000000,24.062,24.062,24.062,24.062,140,0
BCIM.US,D,20211108,000000,24.254,24.923,24.254,24.524,876,0
BCIM.US,D,20211109,000000,24.239,24.239,24.239,24.239,44,0
BCIM.US,D,20211110,000000,24.451,24.5,24.18,24.18,1029,0
BCIM.US,D,20211111,000000,24.647,24.824,24.647,24.811,864,0
BCIM.US,D,20211112,000000,24.859,24.859,24.859,24.859,25,0
BCIM.US,D,20211115,000000,25.11,25.11,24.602,24.602,692,0
BCIM.US,D,20211116,000000,24.204,24.204,24.155,24.155,102,0
BCIM.US,D,20211117,000000,24.372,24.372,24.003,24.003,1832,0
BCIM.US,D,20211118,000000,24.185,24.185,24.185,24.185,13,0
BCIM.US,D,20211119,000000,24.588,24.741,24.588,24.741,509,0
BCIM.US,D,20211122,000000,24.736,25.017,24.736,25.017,407,0
BCIM.US,D,20211123,000000,24.908,24.908,24.908,24.908,1,0
BCIM.US,D,20211124,000000,25.208,25.208,25.208,25.208,30,0
BCIM.US,D,20211126,000000,24.647,24.647,24.219,24.219,859,0
BCIM.US,D,20211129,000000,24.352,24.5,24.352,24.5,225,0
BCIM.US,D,20211130,000000,24.26,24.26,24.26,24.26,25,0
BCIM.US,D,20211201,000000,24.175,24.175,24.175,24.175,51,0
BCIM.US,D,20211202,000000,24.372,24.372,24.086,24.136,1223,0
BCIM.US,D,20211203,000000,24.106,24.27,24.106,24.27,812,0
BCIM.US,D,20211206,000000,24.195,24.195,24.195,24.195,25,0
BCIM.US,D,20211207,000000,24.342,24.509,24.342,24.509,407,0
BCIM.US,D,20211208,000000,24.682,24.731,24.682,24.731,103,0
BCIM.US,D,20211209,000000,24.455,24.455,24.455,24.455,1,0
BCIM.US,D,20211210,000000,24.49,24.795,24.421,24.421,3354,0
BCIM.US,D,20211213,000000,25.907,25.907,24.574,24.574,509,0
BCIM.US,D,20211214,000000,24.264,24.431,24.262,24.387,3477,0
BCIM.US,D,20211215,000000,23.9,24.086,23.9,24.086,615,0
BCIM.US,D,20211216,000000,24.578,24.864,24.578,24.864,716,0
BCIM.US,D,20211217,000000,24.791,24.791,24.791,24.791,5,0
BCIM.US,D,20211220,000000,24.484,24.484,24.484,24.484,10,0
BCIM.US,D,20211221,000000,25.04,25.17,24.95,25.0097,2250,0
BCIM.US,D,20211222,000000,25.57,25.57,25.44,25.4802,425,0
BCIM.US,D,20211223,000000,25.5945,25.5945,25.5945,25.5945,25,0
BCIM.US,D,20211227,000000,26.67,26.67,25.65,25.9222,5076,0
BCIM.US,D,20211228,000000,25.95,25.95,25.69,25.7259,594,0
BCIM.US,D,20211229,000000,25.6484,25.6484,25.6139,25.6139,249,0
BCIM.US,D,20211230,000000,25.62,25.62,25.58,25.58,338,0
BCIM.US,D,20211231,000000,25.85,26.26,25.785,25.785,608,0
BCIM.US,D,20220103,000000,25.77,25.85,25.77,25.85,445,0
BCIM.US,D,20220104,000000,26,26.1443,26,26.1443,360,0
BCIM.US,D,20220105,000000,26.14,26.15,26.0398,26.1025,1089,0
BCIM.US,D,20220106,000000,25.835,25.835,25.835,25.835,35,0
BCIM.US,D,20220107,000000,25.94,26.059,25.9068,26.0376,1090,0
BCIM.US,D,20220110,000000,25.8434,25.8434,25.8434,25.8434,82,0
BCIM.US,D,20220111,000000,26.385,26.45,26.385,26.4399,525,0
BCIM.US,D,20220112,000000,26.5808,26.5808,26.5808,26.5808,80,0
BCIM.US,D,20220113,000000,26.67,26.67,26.645,26.645,539,0
BCIM.US,D,20220114,000000,26.48,26.5257,26.48,26.5257,1033,0
BCIM.US,D,20220118,000000,26.61,26.61,26.56,26.56,363,0
BCIM.US,D,20220119,000000,26.895,27.0026,26.895,27.0026,445,0
BCIM.US,D,20220120,000000,27.43,27.7207,27.43,27.7207,703,0
BCIM.US,D,20220121,000000,28.15,28.15,27.52,27.57,1147,0
BCIM.US,D,20220124,000000,27.24,27.24,26.61,26.8775,31475,0
BCIM.US,D,20220125,000000,26.92,26.9515,26.92,26.9515,316,0
BCIM.US,D,20220126,000000,27.1031,27.1031,27.1031,27.1031,10,0
BCIM.US,D,20220127,000000,27.04,27.0612,27.0397,27.0612,681,0
BCIM.US,D,20220128,000000,26.5863,26.5863,26.5863,26.5863,216,0
BCIM.US,D,20220131,000000,26.5201,26.5201,26.5201,26.5201,21,0
BCIM.US,D,20220201,000000,26.915,26.96,26.821,26.8355,454,0
BCIM.US,D,20220202,000000,26.9828,26.9828,26.9828,26.9828,2,0
BCIM.US,D,20220203,000000,26.9514,26.9514,26.9514,26.9514,13,0
BCIM.US,D,20220204,000000,27.085,27.2717,27.085,27.2717,640,0
BCIM.US,D,20220207,000000,27.3157,27.4314,27.3157,27.4314,790,0
BCIM.US,D,20220208,000000,27.62,27.62,27.4114,27.4114,351,0
BCIM.US,D,20220209,000000,28.0192,28.0192,28.0192,28.0192,3,0
BCIM.US,D,20220210,000000,28.33,28.33,28.0414,28.0414,172,0
BCIM.US,D,20220211,000000,28.03,28.03,27.35,27.5389,4447,0
BCIM.US,D,20220214,000000,27.34,27.91,27.33,27.745,1124,0
BCIM.US,D,20220215,000000,27.6344,27.6344,27.6344,27.6344,239,0
BCIM.US,D,20220216,000000,27.6329,27.9958,27.6329,27.9958,1765,0
BCIM.US,D,20220217,000000,28.15,28.15,27.9376,27.9376,1166,0
BCIM.US,D,20220218,000000,27.9855,27.9855,27.9551,27.9551,370,0
BCIM.US,D,20220222,000000,28.29,28.51,28.1306,28.1306,5942,0
BCIM.US,D,20220223,000000,28.19,28.19,27.9813,27.9813,285,0
BCIM.US,D,20220224,000000,28.4,28.42,28.0801,28.2654,2704,0
BCIM.US,D,20220225,000000,28.37,28.37,28.2409,28.2409,429,0
BCIM.US,D,20220228,000000,28.455,28.455,28.3,28.3392,1419,0
BCIM.US,D,20220301,000000,29.18,29.49,28.9,29.3298,12777,0
BCIM.US,D,20220302,000000,29.8,30.39,29.78,30.064,61107,0
BCIM.US,D,20220303,000000,30.66,31.395,30.62,31.1353,11184,0
BCIM.US,D,20220304,000000,31.8,32.4747,31.73,32.1465,82882,0
BCIM.US,D,20220307,000000,35.11,37.26,34.2256,36.6958,42969,0
BCIM.US,D,20220308,000000,34.9,35.678,33.59,35.37,28855,0
BCIM.US,D,20220309,000000,34.74,34.74,29.16,31.81,66803,0
BCIM.US,D,20220310,000000,34.87,35,32.34,34.36,29645,0
BCIM.US,D,20220311,000000,36.65,37.16,34.6873,35.4167,21492,0
BCIM.US,D,20220314,000000,35.85,36.07,30.57,31.5,24705,0
BCIM.US,D,20220315,000000,31.79,32.95,30.73,31.715,4919,0
BCIM.US,D,20220316,000000,31.88,34.8,31.6997,32.735,6862,0
BCIM.US,D,20220317,000000,31.22,33.8,31.22,32.02,7725,0
BCIM.US,D,20220318,000000,31.81,32.8748,31.06,31.1036,9746,0
BCIM.US,D,20220321,000000,31.6,31.6,31.1475,31.155,7551,0
BCIM.US,D,20220322,000000,31.42,31.42,30.4,30.535,4152,0
BCIM.US,D,20220323,000000,31,32.85,31,32.4451,7800,0
BCIM.US,D,20220324,000000,33,34.33,33,33.63,13324,0
BCIM.US,D,20220325,000000,32.51,33,32.5,32.7111,5658,0
BCIM.US,D,20220328,000000,32.08,32.125,31.76,31.76,4710,0
BCIM.US,D,20220329,000000,31.3,31.52,31.2037,31.39,1874,0
BCIM.US,D,20220330,000000,32.51,32.51,31.7497,31.915,4726,0
BCIM.US,D,20220331,000000,32.01,32.01,31.5205,31.5205,3158,0
BCIM.US,D,20220401,000000,31.785,32.0899,31.75,31.93,3044,0
BCIM.US,D,20220404,000000,32.96,32.96,31.84,31.85,3847,0
BCIM.US,D,20220405,000000,32,32.22,32,32.0592,3432,0
BCIM.US,D,20220406,000000,32.06,32.25,31.82,31.8921,4826,0
BCIM.US,D,20220407,000000,31.65,31.73,31.5,31.6509,4380,0
BCIM.US,D,20220408,000000,31.71,31.91,31.71,31.8556,2153,0
BCIM.US,D,20220411,000000,31.86,31.86,30.94,30.94,7921,0
BCIM.US,D,20220412,000000,31.17,31.48,31.06,31.4053,33729,0
BCIM.US,D,20220413,000000,31.68,31.68,31.27,31.51,1402,0
BCIM.US,D,20220414,000000,31.95,31.95,31.44,31.6569,58524,0
BCIM.US,D,20220418,000000,31.42,32.21,31.42,32.035,61019,0
BCIM.US,D,20220419,000000,32.28,32.33,31.52,31.794,47434,0
BCIM.US,D,20220420,000000,31.68,32.51,31.33,31.72,33054,0
BCIM.US,D,20220421,000000,31.28,31.909,31.28,31.8165,11825,0
BCIM.US,D,20220422,000000,31.75,31.75,31.1995,31.1995,1005,0
BCIM.US,D,20220425,000000,30,30.21,29.77,30.19,11903,0
BCIM.US,D,20220426,000000,29.75,30.26,29.75,30.1726,827,0
BCIM.US,D,20220427,000000,30.62,30.62,30.36,30.43,2364,0
BCIM.US,D,20220428,000000,29.987,30.11,29.987,30.035,4084,0
BCIM.US,D,20220429,000000,29.8799,29.8799,29.4113,29.4113,2584,0
BCIM.US,D,20220502,000000,28.75,28.75,28.22,28.587,29952,0
BCIM.US,D,20220503,000000,28.74,28.87,28.41,28.51,3794,0
BCIM.US,D,20220504,000000,28.55,28.89,28.55,28.89,1291,0
BCIM.US,D,20220505,000000,29.27,29.27,28.28,28.3431,1253,0
BCIM.US,D,20220506,000000,28.1,28.1,27.8,27.905,4229,0
BCIM.US,D,20220509,000000,26.92,26.9392,26.63,26.8513,83442,0
BCIM.US,D,20220510,000000,26.6701,27.04,26.65,26.885,3048,0
BCIM.US,D,20220511,000000,26.99,26.99,26.96,26.9645,1788,0
BCIM.US,D,20220512,000000,26.228,26.6286,26.173,26.6008,3765,0
BCIM.US,D,20220513,000000,26.32,26.7304,26.3,26.7304,1806,0
BCIM.US,D,20220516,000000,26.8,26.8399,26.45,26.8206,2496,0
BCIM.US,D,20220517,000000,26.89,27.008,26.89,26.9297,2287,0
BCIM.US,D,20220518,000000,26.96,26.96,26.48,26.48,798,0
BCIM.US,D,20220519,000000,25.58,27.79,25.58,27.79,5744,0
BCIM.US,D,20220520,000000,27.676,27.7111,27.676,27.7111,316,0
BCIM.US,D,20220523,000000,27.6,27.8795,27.6,27.7743,2349,0
BCIM.US,D,20220524,000000,27.2701,27.3203,27.27,27.3203,413,0
BCIM.US,D,20220525,000000,27.2,27.2492,27.18,27.2492,826,0
BCIM.US,D,20220526,000000,27.329,27.329,27.1801,27.2318,2203,0
BCIM.US,D,20220527,000000,27.8,27.935,27.74,27.9055,3876,0
BCIM.US,D,20220531,000000,29.5,29.5,27.6331,27.6331,12120,0
BCIM.US,D,20220601,000000,27.4916,27.4916,27.4916,27.4916,222,0
BCIM.US,D,20220602,000000,27.84,28.815,27.84,28.815,6655,0
BCIM.US,D,20220603,000000,28.62,28.62,28.2049,28.2049,3391,0
BCIM.US,D,20220606,000000,28.0194,28.29,28.0194,28.1801,13030,0
BCIM.US,D,20220607,000000,28.09,28.09,27.93,28.0856,3147,0
BCIM.US,D,20220608,000000,28.051,28.075,27.98,28.03,994,0
BCIM.US,D,20220609,000000,28,28,27.385,27.385,4476,0
BCIM.US,D,20220610,000000,26.94,26.94,26.7,26.83,882,0
BCIM.US,D,20220613,000000,26.1,26.255,25.82,26.0176,2387,0
BCIM.US,D,20220614,000000,25.825,25.825,25.4102,25.4809,2246,0
BCIM.US,D,20220615,000000,25.91,26.07,25.83,26.07,1243,0
BCIM.US,D,20220616,000000,25.5399,25.55,25.24,25.4635,1767,0
BCIM.US,D,20220617,000000,25.265,25.265,24.9315,25.2011,8039,0
BCIM.US,D,20220621,000000,25.34,25.42,25.3175,25.3175,4176,0
BCIM.US,D,20220622,000000,24.68,24.8589,24.68,24.8589,1857,0
BCIM.US,D,20220623,000000,24.5,24.5,24.12,24.1535,12044,0
BCIM.US,D,20220624,000000,23.01,23.6,23.01,23.36,17724,0
BCIM.US,D,20220627,000000,24.12,24.12,23.59,23.7284,1403,0
BCIM.US,D,20220628,000000,23.92,23.92,23.8147,23.8147,721,0
BCIM.US,D,20220629,000000,23.91,23.91,23.91,23.91,12,0
BCIM.US,D,20220630,000000,23.225,23.225,23.11,23.145,1288,0
BCIM.US,D,20220701,000000,22.51,22.7019,22.455,22.7019,1568,0
BCIM.US,D,20220705,000000,22,22.27,22,22.245,962,0
BCIM.US,D,20220706,000000,22.06,22.145,22.05,22.145,1107,0
BCIM.US,D,20220707,000000,22.22,22.515,22.22,22.515,1774,0
BCIM.US,D,20220708,000000,22.43,22.515,22.43,22.515,216,0
BCIM.US,D,20220711,000000,21.91,22.145,21.91,22.145,377,0
BCIM.US,D,20220712,000000,21.88,21.889,21.49,21.49,1695,0
BCIM.US,D,20220713,000000,21.53,21.65,21.49,21.5083,4453,0
BCIM.US,D,20220714,000000,20.91,20.91,20.785,20.785,235,0
BCIM.US,D,20220715,000000,20.68,21,20.68,20.9724,418,0
BCIM.US,D,20220718,000000,21.14,21.85,21.14,21.6271,1398,0
BCIM.US,D,20220719,000000,21.42,21.4587,21.3901,21.4587,1705,0
BCIM.US,D,20220720,000000,21.93,21.93,21.79,21.79,2255,0
BCIM.US,D,20220721,000000,21.8608,21.8608,21.8608,21.8608,43,0
BCIM.US,D,20220722,000000,22.55,22.55,22.14,22.1729,1221,0
BCIM.US,D,20220725,000000,22.17,22.21,22.1266,22.21,6518,0
BCIM.US,D,20220726,000000,22.21,22.21,22.155,22.155,2510,0
BCIM.US,D,20220727,000000,22.1,22.3312,22.1,22.3312,2897,0
BCIM.US,D,20220728,000000,22.6796,22.6796,22.6796,22.6796,518,0
BCIM.US,D,20220729,000000,23.495,23.615,23.38,23.615,1005,0
BCIM.US,D,20220801,000000,23.94,23.99,23.6053,23.6053,572,0
BCIM.US,D,20220802,000000,23.08,23.09,22.8899,22.8899,1078,0
BCIM.US,D,20220803,000000,22.81,22.81,22.81,22.81,25,0
BCIM.US,D,20220804,000000,23.01,23.0246,23.01,23.0246,176,0
BCIM.US,D,20220805,000000,23.28,23.38,23.28,23.3291,1437,0
BCIM.US,D,20220808,000000,23.32,23.32,23.2,23.2399,1540,0
BCIM.US,D,20220809,000000,23.77,23.77,23.4399,23.4399,853,0
BCIM.US,D,20220810,000000,23.87,23.9404,23.87,23.9404,428,0
BCIM.US,D,20220811,000000,24.4,24.4437,24.4,24.4437,128,0
BCIM.US,D,20220812,000000,24.02,24.08,23.96,24.0215,3604,0
BCIM.US,D,20220815,000000,23.55,23.55,23.08,23.5231,1585,0
BCIM.US,D,20220816,000000,23.86,23.86,23.65,23.7631,47300,0
BCIM.US,D,20220817,000000,23.52,23.59,23.4569,23.4569,552,0
BCIM.US,D,20220818,000000,23.363,23.43,23.363,23.43,113,0
BCIM.US,D,20220819,000000,23.55,23.55,23.47,23.525,304,0
BCIM.US,D,20220822,000000,23.57,23.5748,23.34,23.5748,2638,0
BCIM.US,D,20220823,000000,23.67,23.6701,23.5655,23.5655,204,0
BCIM.US,D,20220824,000000,23.4452,23.4452,23.4452,23.4452,4,0
BCIM.US,D,20220825,000000,23.7356,23.7356,23.7356,23.7356,2,0
BCIM.US,D,20220826,000000,23.95,24.238,23.8055,23.8055,438,0
BCIM.US,D,20220829,000000,23.32,23.49,23.14,23.3607,842,0
BCIM.US,D,20220830,000000,23.171,23.171,23.04,23.0856,433,0
BCIM.US,D,20220831,000000,22.98,22.98,22.9491,22.9491,120,0
BCIM.US,D,20220901,000000,22.07,22.07,22.02,22.035,298,0
BCIM.US,D,20220902,000000,21.92,21.92,21.8976,21.8976,289,0
BCIM.US,D,20220906,000000,22.9,22.9,22.09,22.195,469,0
BCIM.US,D,20220907,000000,21.98,22.1154,21.9694,21.9955,498,0
BCIM.US,D,20220908,000000,22.15,22.435,22.15,22.435,105,0
BCIM.US,D,20220909,000000,22.6254,22.6254,22.6254,22.6254,164,0
BCIM.US,D,20220912,000000,22.985,23.18,22.985,23.0963,324,0
BCIM.US,D,20220913,000000,22.985,22.985,22.9062,22.9062,354,0
BCIM.US,D,20220914,000000,23.14,23.14,22.89,22.995,1003,0
BCIM.US,D,20220915,000000,22.759,22.759,22.759,22.759,1,0
BCIM.US,D,20220916,000000,23.02,23.02,23.02,23.02,42,0
BCIM.US,D,20220919,000000,22.85,23.01,22.85,22.94,248,0
BCIM.US,D,20220920,000000,22.9,22.93,22.9,22.93,107,0
BCIM.US,D,20220921,000000,22.47,22.6037,22.47,22.6037,300,0
BCIM.US,D,20220922,000000,22.67,22.69,22.6457,22.6457,1073,0
BCIM.US,D,20220923,000000,22.02,22.02,21.77,21.87,33403,0
BCIM.US,D,20220926,000000,21.98,21.98,21.217,21.217,545,0
BCIM.US,D,20220927,000000,19.92,21.0472,19.92,21.015,681,0
BCIM.US,D,20220928,000000,21.211,21.455,21.21,21.455,620,0
BCIM.US,D,20220929,000000,21.85,21.935,21.73,21.935,525,0
BCIM.US,D,20220930,000000,21.455,21.455,21.455,21.455,140,0
BCIM.US,D,20221003,000000,21.56,21.69,21.56,21.59,257,0
BCIM.US,D,20221004,000000,22.05,22.42,22.05,22.42,229,0
BCIM.US,D,20221005,000000,22.3,22.8,22.24,22.7401,5806,0
BCIM.US,D,20221006,000000,22.58,22.58,22.45,22.4511,517,0
BCIM.US,D,20221007,000000,22.19,22.19,21.99,21.99,312,0
BCIM.US,D,20221010,000000,22.18,22.18,21.9885,21.9885,2324,0
BCIM.US,D,20221011,000000,21.9,21.9,21.84,21.84,341,0
BCIM.US,D,20221012,000000,21.56,22.405,21.56,22.405,1156,0
BCIM.US,D,20221013,000000,21.98,22.275,21.98,22.275,157,0
BCIM.US,D,20221014,000000,21.865,21.865,21.865,21.865,14,0
BCIM.US,D,20221017,000000,21.7501,21.7501,21.6,21.6,534,0
BCIM.US,D,20221018,000000,21.57,21.57,21.535,21.535,304,0
BCIM.US,D,20221019,000000,21.455,21.455,21.455,21.455,81,0
BCIM.US,D,20221020,000000,21.8288,21.8288,21.81,21.81,1000,0
BCIM.US,D,20221021,000000,21.79,21.9429,21.79,21.9429,101,0
BCIM.US,D,20221024,000000,21.7567,21.7567,21.7567,21.7567,2,0
BCIM.US,D,20221025,000000,21.8301,21.8301,21.75,21.8301,162,0
BCIM.US,D,20221026,000000,22.505,22.5055,22.12,22.5055,4926,0
BCIM.US,D,20221027,000000,22.3,22.3,22.2552,22.2552,415,0
BCIM.US,D,20221028,000000,21.7054,21.7054,21.7054,21.7054,12,0
BCIM.US,D,20221031,000000,21.3204,21.3204,21.3204,21.3204,1,0
BCIM.US,D,20221101,000000,21.82,22.1,21.82,22.1,1395,0
BCIM.US,D,20221102,000000,22.11,22.1281,22.11,22.115,11278,0
BCIM.US,D,20221103,000000,21.58,21.7406,21.58,21.7406,1407,0
BCIM.US,D,20221104,000000,23.0586,23.0586,23.0586,23.0586,6,0
BCIM.US,D,20221107,000000,22.75,22.86,22.62,22.7964,2647,0
BCIM.US,D,20221108,000000,22.81,23.11,22.81,23.0421,5024,0
BCIM.US,D,20221109,000000,23.37,23.37,23.03,23.03,202,0
BCIM.US,D,20221110,000000,23.6,23.6405,23.6,23.64,372,0
BCIM.US,D,20221111,000000,24.82,24.82,24.8143,24.8143,103,0
BCIM.US,D,20221114,000000,25.0845,25.11,25.0748,25.0748,74025,0
BCIM.US,D,20221115,000000,25.1,25.31,25.1,25.19,364,0
BCIM.US,D,20221116,000000,24.98,24.98,24.11,24.2602,73847,0
BCIM.US,D,20221117,000000,23.73,23.7472,23.67,23.72,404,0
BCIM.US,D,20221118,000000,23.8,23.8,23.695,23.695,1008,0
BCIM.US,D,20221121,000000,23.2672,23.2672,23.2672,23.2672,15,0
BCIM.US,D,20221122,000000,23.581,23.69,23.581,23.69,478,0
BCIM.US,D,20221123,000000,23.585,23.585,23.585,23.585,18,0
BCIM.US,D,20221125,000000,23.445,23.445,23.445,23.445,1,0
BCIM.US,D,20221128,000000,23.3777,23.3777,23.3777,23.3777,32,0
BCIM.US,D,20221129,000000,23.8,23.8,23.8,23.8,11,0
BCIM.US,D,20221130,000000,24.5498,24.5498,24.5498,24.5498,10,0
BCIM.US,D,20221201,000000,25.07,25.07,24.76,24.78,9212,0
BCIM.US,D,20221202,000000,24.92,25.325,24.92,25.325,412,0
BCIM.US,D,20221205,000000,25.35,25.355,25.0525,25.0525,652,0
BCIM.US,D,20221206,000000,25.31,25.31,25.2575,25.2575,111,0
BCIM.US,D,20221207,000000,25.8769,25.8769,25.8769,25.8769,24,0
BCIM.US,D,20221208,000000,25.5943,25.5943,25.5943,25.5943,44,0
BCIM.US,D,20221209,000000,25.555,25.555,25.3578,25.3578,109,0
BCIM.US,D,20221212,000000,25.39,25.45,25.2732,25.285,6043,0
BCIM.US,D,20221213,000000,25.65,25.65,25.2929,25.2929,623,0
BCIM.US,D,20221214,000000,25.27,25.27,25.22,25.22,303,0
BCIM.US,D,20221215,000000,25.288,25.288,24.7,24.7052,2332,0
BCIM.US,D,20221216,000000,24.81,24.83,24.46,24.46,6001,0
BCIM.US,D,20221219,000000,24.2,24.2,24.0601,24.0601,241,0
BCIM.US,D,20221220,000000,24.76,24.76,24.4872,24.4872,356,0
BCIM.US,D,20221221,000000,24.7633,24.7633,24.7633,24.7633,48,0
BCIM.US,D,20221222,000000,24.499,24.52,24.36,24.4652,768,0
BCIM.US,D,20221223,000000,24.74,24.7402,24.74,24.7402,215,0
BCIM.US,D,20221227,000000,24.8052,24.8052,24.8052,24.8052,62,0
BCIM.US,D,20221228,000000,24.955,24.955,24.955,24.955,4,0
BCIM.US,D,20221229,000000,24.975,24.975,24.975,24.975,114,0
BCIM.US,D,20221230,000000,24.77,24.77,24.69,24.7579,1084,0
BCIM.US,D,20230103,000000,25.23,25.3,24.75,24.9484,5868,0
BCIM.US,D,20230104,000000,24.92,24.92,24.11,24.1601,17046,0
BCIM.US,D,20230105,000000,24.0304,24.0304,24.0304,24.0304,82,0
BCIM.US,D,20230106,000000,24.1906,24.6272,24.1906,24.6272,2051,0
BCIM.US,D,20230109,000000,24.939,24.939,24.939,24.939,1,0
BCIM.US,D,20230110,000000,25.035,25.1593,25.03,25.1593,975,0
BCIM.US,D,20230111,000000,25.2,25.29,25.2,25.2268,1084,0
BCIM.US,D,20230112,000000,25.352,25.87,25.352,25.8249,1228,0
BCIM.US,D,20230113,000000,25.9399,26.03,25.905,25.9851,1734,0
BCIM.US,D,20230117,000000,25.99,26.0106,25.99,26.0106,7622,0
BCIM.US,D,20230118,000000,26.4496,26.4496,26.2,26.31,655,0
BCIM.US,D,20230119,000000,26.48,26.48,26.48,26.48,33,0
BCIM.US,D,20230120,000000,26.4384,26.4399,26.3875,26.3875,5718,0
BCIM.US,D,20230123,000000,26.433,26.433,26.4105,26.425,2367,0
BCIM.US,D,20230124,000000,26.45,26.642,26.42,26.642,2746,0
BCIM.US,D,20230125,000000,26.7538,26.7538,26.7538,26.7538,106,0
BCIM.US,D,20230126,000000,26.75,26.8546,26.75,26.8546,452,0
BCIM.US,D,20230127,000000,26.342,26.5402,26.342,26.5402,5190,0
BCIM.US,D,20230130,000000,26.5,26.51,26.3653,26.3653,8721,0
BCIM.US,D,20230131,000000,26.7073,26.7073,26.7073,26.7073,83,0
BCIM.US,D,20230201,000000,26.29,26.37,26.05,26.2701,16029,0
BCIM.US,D,20230202,000000,26.08,26.2113,26.08,26.2113,634,0
BCIM.US,D,20230203,000000,25.53,25.5452,25.53,25.5452,985,0
BCIM.US,D,20230206,000000,25.39,25.39,25.0052,25.1554,4829,0
BCIM.US,D,20230207,000000,25.31,25.3508,25.31,25.3508,216,0
BCIM.US,D,20230208,000000,25.15,25.15,25.1103,25.1103,207,0
BCIM.US,D,20230209,000000,25.48,25.4802,25.48,25.4802,928,0
BCIM.US,D,20230210,000000,24.84,24.84,24.7955,24.7955,186,0
BCIM.US,D,20230213,000000,24.8,24.8,24.7849,24.7849,4994,0
BCIM.US,D,20230214,000000,24.79,24.89,24.77,24.89,2265,0
BCIM.US,D,20230215,000000,24.32,24.44,24.32,24.3496,1395,0
BCIM.US,D,20230216,000000,24.749,24.749,24.749,24.749,5,0
BCIM.US,D,20230217,000000,24.24,24.6,24.24,24.6,175,0
BCIM.US,D,20230221,000000,25.2467,25.2467,25.2467,25.2467,115,0
BCIM.US,D,20230222,000000,24.9265,24.9265,24.9265,24.9265,45,0
BCIM.US,D,20230223,000000,24.2812,24.3479,24.2812,24.3479,335,0
BCIM.US,D,20230224,000000,23.65,23.8087,23.65,23.8087,669,0
BCIM.US,D,20230227,000000,24.2198,24.2198,24.2198,24.2198,229,0
BCIM.US,D,20230228,000000,24.2699,24.3341,24.25,24.3341,1491,0
BCIM.US,D,20230301,000000,24.2699,24.8964,24.2699,24.8964,56,0
BCIM.US,D,20230302,000000,24.295,24.295,24.295,24.295,12,0
BCIM.US,D,20230303,000000,24.3751,24.3751,24.3751,24.3751,50,0
BCIM.US,D,20230306,000000,24.2819,24.3394,24.2819,24.3394,234,0
BCIM.US,D,20230307,000000,23.8009,23.8009,23.8009,23.8009,29,0
BCIM.US,D,20230308,000000,23.9959,23.9959,23.9634,23.9634,119,0
BCIM.US,D,20230309,000000,23.68,23.68,23.68,23.68,6,0
BCIM.US,D,20230310,000000,23.58,23.71,23.4675,23.4675,4583,0
BCIM.US,D,20230313,000000,23.58,23.6964,23.58,23.6964,66,0
BCIM.US,D,20230314,000000,23.6,23.646,23.6,23.646,697,0
BCIM.US,D,20230315,000000,22.99,23.1366,22.99,23.1366,3242,0
BCIM.US,D,20230316,000000,23.0401,23.1751,22.98,23.1751,1656,0
BCIM.US,D,20230317,000000,23.28,23.2896,23.28,23.2896,465,0
BCIM.US,D,20230320,000000,23.23,23.33,23.23,23.33,2552,0
BCIM.US,D,20230321,000000,23.3136,23.3136,23.3136,23.3136,6,0
BCIM.US,D,20230322,000000,23.5048,23.5048,23.5048,23.5048,3,0
BCIM.US,D,20230323,000000,23.706,23.706,23.706,23.706,47,0
BCIM.US,D,20230324,000000,23.81,23.875,23.81,23.875,2843,0
BCIM.US,D,20230327,000000,24.05,24.05,24.05,24.05,52,0
BCIM.US,D,20230328,000000,24.1049,24.1049,24.1049,24.1049,246,0
BCIM.US,D,20230329,000000,24.1472,24.1472,24.1472,24.1472,37,0
BCIM.US,D,20230330,000000,24.0747,24.0747,24.0747,24.0747,41,0
BCIM.US,D,20230331,000000,24.1352,24.1352,24.1352,24.1352,38,0
BCIM.US,D,20230403,000000,23.8201,23.8651,23.8201,23.8651,462,0
BCIM.US,D,20230404,000000,23.582,23.5899,23.582,23.5899,435,0
BCIM.US,D,20230405,000000,23.3976,23.3976,23.3976,23.3976,94,0
BCIM.US,D,20230406,000000,23.545,23.545,23.545,23.545,11,0
BCIM.US,D,20230410,000000,23.4259,23.4259,23.4259,23.4259,30,0
BCIM.US,D,20230411,000000,23.4806,23.4806,23.4806,23.4806,81,0
BCIM.US,D,20230412,000000,23.81,23.81,23.59,23.695,1172,0
BCIM.US,D,20230413,000000,24.17,24.17,24.0264,24.0264,4070,0
BCIM.US,D,20230414,000000,24.43,24.43,24.2143,24.2143,642,0
BCIM.US,D,20230417,000000,24.0836,24.0836,24.0836,24.0836,57,0
BCIM.US,D,20230418,000000,24.3401,24.455,24.3401,24.455,832,0
BCIM.US,D,20230419,000000,24.44,24.44,24.37,24.37,2428,0
BCIM.US,D,20230420,000000,24.25,24.25,24.1143,24.1143,1871,0
BCIM.US,D,20230421,000000,23.79,23.8412,23.74,23.8412,5758,0
BCIM.US,D,20230424,000000,23.59,23.6374,23.59,23.6374,981,0
BCIM.US,D,20230425,000000,23.0092,23.0092,23.0092,23.0092,658,0
BCIM.US,D,20230426,000000,23.16,23.17,23.1195,23.1195,8733,0
BCIM.US,D,20230427,000000,23.18,23.2148,23.18,23.2148,2055,0
BCIM.US,D,20230428,000000,23.3567,23.3567,23.3567,23.3567,3,0
BCIM.US,D,20230501,000000,23.47,23.63,23.44,23.535,2659,0
BCIM.US,D,20230502,000000,23.474,23.474,23.362,23.362,4932,0
BCIM.US,D,20230503,000000,23.1764,23.1764,23.1764,23.1764,81,0
BCIM.US,D,20230504,000000,23.05,23.05,23.05,23.05,4,0
BCIM.US,D,20230505,000000,23.358,23.358,23.358,23.358,120,0
BCIM.US,D,20230508,000000,23.3,23.42,23.3,23.42,385,0
BCIM.US,D,20230509,000000,23.1999,23.1999,23.1999,23.1999,81,0
BCIM.US,D,20230510,000000,22.88,22.88,22.709,22.709,3001,0
BCIM.US,D,20230511,000000,22.16,22.16,22.0251,22.0251,2191,0
BCIM.US,D,20230512,000000,22.2151,22.2151,22.2151,22.2151,143,0
BCIM.US,D,20230515,000000,22.2,22.2319,22.2,22.2319,158,0
BCIM.US,D,20230516,000000,21.88,21.88,21.88,21.88,14,0
BCIM.US,D,20230517,000000,22.295,22.32,22.27,22.2797,986,0
BCIM.US,D,20230518,000000,21.9351,21.9351,21.9351,21.9351,186,0
BCIM.US,D,20230519,000000,22.1697,22.1697,22.1697,22.1697,135,0
BCIM.US,D,20230522,000000,22,22,21.8901,21.8901,256,0
BCIM.US,D,20230523,000000,21.5211,21.5211,21.5211,21.5211,71,0
BCIM.US,D,20230524,000000,21.326,21.326,21.19,21.1916,1047,0
BCIM.US,D,20230525,000000,21.2975,21.2975,21.2975,21.2975,67,0
BCIM.US,D,20230526,000000,21.7393,21.7393,21.654,21.654,777,0
BCIM.US,D,20230530,000000,21.48,21.5201,21.31,21.5201,13052,0
BCIM.US,D,20230531,000000,21.4364,21.4364,21.4364,21.4364,15,0
BCIM.US,D,20230601,000000,21.7459,21.7459,21.7459,21.7459,1,0
BCIM.US,D,20230602,000000,21.69,21.7502,21.69,21.7502,569,0
BCIM.US,D,20230605,000000,21.48,21.6982,21.48,21.6911,122,0
BCIM.US,D,20230606,000000,21.55,21.7017,21.53,21.7017,5946,0
BCIM.US,D,20230607,000000,21.8439,21.8439,21.8439,21.8439,33,0
BCIM.US,D,20230608,000000,22,22.0294,22,22.0294,818,0
BCIM.US,D,20230609,000000,22.16,22.17,21.9582,22.0773,1869,0
BCIM.US,D,20230612,000000,21.7425,21.7425,21.7425,21.7425,49,0
BCIM.US,D,20230613,000000,22.1699,22.1699,22.1699,22.1699,3,0
BCIM.US,D,20230614,000000,22.53,22.53,22.53,22.53,80,0
BCIM.US,D,20230615,000000,22.56,22.6696,22.56,22.6696,5005,0
BCIM.US,D,20230616,000000,22.7,22.7,22.6811,22.6811,164,0
BCIM.US,D,20230620,000000,22.29,22.35,22.28,22.28,1003,0
BCIM.US,D,20230621,000000,22,22.345,22,22.345,238,0
BCIM.US,D,20230622,000000,22.235,22.235,22.235,22.235,40,0
BCIM.US,D,20230623,000000,21.66,21.91,21.66,21.91,351,0
BCIM.US,D,20230626,000000,21.5786,21.5786,21.5786,21.5786,51,0
BCIM.US,D,20230627,000000,21.8211,21.8211,21.8211,21.8211,99,0
BCIM.US,D,20230628,000000,21.96,21.96,21.5494,21.5494,464,0
BCIM.US,D,20230629,000000,21.43,21.43,21.43,21.43,22,0
BCIM.US,D,20230630,000000,21.92,21.92,21.6149,21.6149,180,0
BCIM.US,D,20230703,000000,21.88,21.88,21.6838,21.6838,464,0
BCIM.US,D,20230705,000000,21.6251,21.6251,21.6251,21.6251,27,0
BCIM.US,D,20230706,000000,21.5839,21.5839,21.5839,21.5839,4,0
BCIM.US,D,20230707,000000,21.6153,21.6153,21.6153,21.6153,6,0
BCIM.US,D,20230710,000000,21.62,21.6794,21.62,21.6794,716,0
BCIM.US,D,20230711,000000,21.7,21.71,21.64,21.6751,1702,0
BCIM.US,D,20230712,000000,22.2732,22.2732,22.2732,22.2732,135,0
BCIM.US,D,20230713,000000,22.62,22.65,22.62,22.6456,1848,0
BCIM.US,D,20230714,000000,22.59,22.6,22.5454,22.5454,1643,0
BCIM.US,D,20230717,000000,22.16,22.1852,22.16,22.1852,100,0
BCIM.US,D,20230718,000000,22.03,22.0301,21.9901,22.0301,1025,0
BCIM.US,D,20230719,000000,21.8751,21.8751,21.8751,21.8751,1,0
BCIM.US,D,20230720,000000,21.981,22.0145,21.981,22.0145,437,0
BCIM.US,D,20230721,000000,21.9803,21.9803,21.9803,21.9803,75,0
BCIM.US,D,20230724,000000,22.2102,22.2102,22.2102,22.2102,100,0
BCIM.US,D,20230725,000000,22.72,22.72,22.72,22.72,13,0
BCIM.US,D,20230726,000000,22.52,22.52,22.4149,22.4149,5072,0
BCIM.US,D,20230727,000000,22.2899,22.2899,22.2899,22.2899,108,0
BCIM.US,D,20230728,000000,22.6753,22.6753,22.6753,22.6753,52,0
BCIM.US,D,20230731,000000,22.9401,23.1432,22.93,23.1432,537,0
BCIM.US,D,20230801,000000,22.82,22.82,22.73,22.7757,1896,0
BCIM.US,D,20230802,000000,22.3338,22.3338,22.3338,22.3338,47,0
BCIM.US,D,20230803,000000,22.515,22.5351,22.515,22.5351,324,0
BCIM.US,D,20230804,000000,22.3827,22.3827,22.3827,22.3827,30,0
BCIM.US,D,20230807,000000,22.308,22.308,22.308,22.308,35,0
BCIM.US,D,20230808,000000,22.38,22.38,22.015,22.015,3124,0
BCIM.US,D,20230809,000000,22.15,22.23,22.045,22.045,13350,0
BCIM.US,D,20230810,000000,21.97,21.978,21.8301,21.895,1901,0
BCIM.US,D,20230811,000000,21.6946,21.6946,21.6946,21.6946,60,0
BCIM.US,D,20230814,000000,21.49,21.4901,21.4724,21.4756,3310,0
BCIM.US,D,20230815,000000,21.12,21.325,21.12,21.325,172,0
BCIM.US,D,20230816,000000,21.1901,21.2245,21.1901,21.2245,1997,0
BCIM.US,D,20230817,000000,21.3938,21.3938,21.3938,21.3938,20,0
BCIM.US,D,20230818,000000,21.4199,21.4199,21.4199,21.4199,8,0
BCIM.US,D,20230821,000000,21.485,21.485,21.485,21.485,31,0
BCIM.US,D,20230822,000000,21.7417,21.7417,21.7417,21.7417,1,0
BCIM.US,D,20230823,000000,22.04,22.04,21.9,21.9547,1224,0
BCIM.US,D,20230824,000000,21.77,21.8021,21.77,21.8021,183,0
BCIM.US,D,20230825,000000,21.7201,21.7997,21.72,21.7997,2031,0
BCIM.US,D,20230828,000000,21.83,21.94,21.83,21.89,27021,0
BCIM.US,D,20230829,000000,22.0196,22.0196,22.0196,22.0196,66,0
BCIM.US,D,20230830,000000,22.095,22.1001,22.04,22.1001,1591,0
BCIM.US,D,20230831,000000,22.54,22.54,21.99,22.0024,2298,0
BCIM.US,D,20230901,000000,22.3957,22.3957,22.3957,22.3957,84,0
BCIM.US,D,20230905,000000,22.1991,22.1991,22.1991,22.1991,67,0
BCIM.US,D,20230906,000000,22.1,22.1,21.96,22.025,1624,0
BCIM.US,D,20230907,000000,22.012,22.012,22.012,22.012,31,0
BCIM.US,D,20230908,000000,21.71,21.7325,21.71,21.7325,747,0
BCIM.US,D,20230911,000000,22.15,22.1546,22.15,22.1546,1639,0
BCIM.US,D,20230912,000000,21.9694,21.9694,21.9694,21.9694,75,0
BCIM.US,D,20230913,000000,22.0873,22.0873,22.0873,22.0873,46,0
BCIM.US,D,20230914,000000,22.28,22.28,22.2612,22.2612,1024,0
BCIM.US,D,20230915,000000,22.07,22.07,21.91,21.93,13253,0
BCIM.US,D,20230918,000000,22.0852,22.0852,22.0852,22.0852,147,0
BCIM.US,D,20230919,000000,21.9799,21.9799,21.9799,21.9799,20,0
BCIM.US,D,20230920,000000,22.12,22.12,22.0619,22.0619,2230,0
BCIM.US,D,20230921,000000,21.7773,21.7773,21.7773,21.7773,49,0
BCIM.US,D,20230922,000000,21.925,21.925,21.925,21.925,33,0
BCIM.US,D,20230925,000000,21.74,21.7999,21.7101,21.7799,979,0
BCIM.US,D,20230926,000000,21.6899,21.6899,21.6899,21.6899,56,0
BCIM.US,D,20230927,000000,21.6551,21.6551,21.6551,21.6551,57,0
BCIM.US,D,20230928,000000,22.11,22.1146,22.02,22.1146,863,0
BCIM.US,D,20230929,000000,22.3626,22.3626,22.3626,22.3626,94,0
BCIM.US,D,20231002,000000,22.01,22.04,21.97,22.0197,2095,0
BCIM.US,D,20231003,000000,21.6948,21.6948,21.6948,21.6948,42,0
BCIM.US,D,20231004,000000,21.4401,21.4401,21.4401,21.4401,179,0
BCIM.US,D,20231005,000000,21.42,21.42,21.3347,21.3347,158,0
BCIM.US,D,20231006,000000,21.5202,21.5202,21.5202,21.5202,53,0
BCIM.US,D,20231009,000000,21.6897,21.6897,21.6897,21.6897,25,0
BCIM.US,D,20231010,000000,21.4196,21.4196,21.4196,21.4196,1,0
BCIM.US,D,20231011,000000,21.3301,21.3301,21.3301,21.3301,5,0
BCIM.US,D,20231012,000000,21.2299,21.2299,21.2299,21.2299,27,0
BCIM.US,D,20231013,000000,21.1,21.1598,21.1,21.1598,174,0
BCIM.US,D,20231016,000000,21.1733,21.1733,21.1733,21.1733,46,0
BCIM.US,D,20231017,000000,21.1552,21.1552,21.1552,21.1552,28,0
BCIM.US,D,20231018,000000,21.19,21.19,21.19,21.19,20,0
BCIM.US,D,20231019,000000,21.2101,21.2101,21.2101,21.2101,1,0
BCIM.US,D,20231020,000000,21.08,21.18,21.045,21.1006,7060,0
BCIM.US,D,20231023,000000,21.11,21.1293,21.1,21.1293,1328,0
BCIM.US,D,20231024,000000,21.1,21.32,21.1,21.3,11204,0
BCIM.US,D,20231025,000000,21.2895,21.2895,21.2895,21.2895,2,0
BCIM.US,D,20231026,000000,21.17,21.17,21.17,21.17,1,0
BCIM.US,D,20231027,000000,21.4643,21.4643,21.4643,21.4643,190,0
BCIM.US,D,20231030,000000,21.65,21.65,21.6195,21.6195,239,0
BCIM.US,D,20231031,000000,21.4294,21.4294,21.4294,21.4294,20,0
BCIM.US,D,20231101,000000,21.5286,21.5286,21.5286,21.5286,5,0
BCIM.US,D,20231102,000000,21.56,21.56,21.5468,21.5468,740,0
BCIM.US,D,20231103,000000,21.6995,21.6995,21.6995,21.6995,22,0
BCIM.US,D,20231106,000000,21.65,21.92,21.65,21.92,540,0
BCIM.US,D,20231107,000000,21.85,21.9099,21.85,21.8502,367,0
BCIM.US,D,20231108,000000,21.7846,21.7846,21.7846,21.7846,75,0
BCIM.US,D,20231109,000000,21.6545,21.6545,21.6545,21.6545,34,0
BCIM.US,D,20231110,000000,21.3746,21.3746,21.3746,21.3746,41,0
BCIM.US,D,20231113,000000,21.5298,21.5298,21.5298,21.5298,34,0
BCIM.US,D,20231114,000000,21.6846,21.6846,21.6846,21.6846,17,0
BCIM.US,D,20231115,000000,21.86,21.86,21.811,21.8545,635,0
BCIM.US,D,20231116,000000,21.5801,21.6145,21.5801,21.6145,780,0
BCIM.US,D,20231117,000000,21.7076,21.7076,21.7076,21.7076,97,0
BCIM.US,D,20231120,000000,21.9199,21.9199,21.8772,21.8995,723,0
BCIM.US,D,20231121,000000,21.886,21.886,21.886,21.886,117,0
BCIM.US,D,20231122,000000,21.565,21.565,21.565,21.565,1,0
BCIM.US,D,20231124,000000,21.6499,21.6499,21.6499,21.6499,114,0
BCIM.US,D,20231127,000000,21.4595,21.4595,21.4595,21.4595,69,0
BCIM.US,D,20231128,000000,21.693,21.693,21.693,21.693,2,0
BCIM.US,D,20231129,000000,21.6499,21.6499,21.6499,21.6499,45,0
BCIM.US,D,20231130,000000,21.5799,21.5799,21.5237,21.5237,352,0
BCIM.US,D,20231201,000000,21.68,21.7497,21.68,21.7497,23422,0
BCIM.US,D,20231204,000000,21.3301,21.3301,21.3301,21.3301,56,0
BCIM.US,D,20231205,000000,21.1055,21.1055,21.1055,21.1055,108,0
BCIM.US,D,20231206,000000,21.12,21.17,20.85,20.85,4864,0
BCIM.US,D,20231207,000000,21.042,21.042,21.037,21.037,150,0
BCIM.US,D,20231208,000000,21.115,21.115,21.115,21.115,202,0
BCIM.US,D,20231211,000000,20.93,20.9927,20.915,20.9927,1037,0
BCIM.US,D,20231212,000000,20.9311,21.0252,20.9311,21.015,309,0
BCIM.US,D,20231213,000000,21,21.21,21,21.21,24473,0
BCIM.US,D,20231214,000000,21.59,21.5902,21.59,21.5902,671,0
BCIM.US,D,20231215,000000,21.08,21.08,21,21.0407,899,0
BCIM.US,D,20231218,000000,20.9949,20.9949,20.9949,20.9949,1,0
BCIM.US,D,20231219,000000,21.22,21.28,21.1606,21.1606,1221,0
BCIM.US,D,20231220,000000,21.3,21.3,21.0744,21.0744,1444,0
BCIM.US,D,20231221,000000,21.2,21.2299,21.1,21.1557,1879,0
BCIM.US,D,20231222,000000,21.35,21.3593,21.35,21.3593,263,0
BCIM.US,D,20231226,000000,21.31,21.395,21.3,21.395,407,0
BCIM.US,D,20231227,000000,21.37,21.73,21.37,21.73,2233,0
BCIM.US,D,20231228,000000,21.6202,21.6202,21.5607,21.5607,653,0
BCIM.US,D,20231229,000000,21.5852,21.6107,21.5852,21.6107,291,0
BCIM.US,D,20240102,000000,21.29,21.3399,21.26,21.26,1762,0
BCIM.US,D,20240103,000000,21.2,21.2,21.2,21.2,57,0
BCIM.US,D,20240104,000000,20.9906,20.9906,20.9906,20.9906,236,0
BCIM.US,D,20240105,000000,20.9193,20.9193,20.9193,20.9193,100,0
BCIM.US,D,20240108,000000,20.7905,20.7905,20.7905,20.7905,152,0
BCIM.US,D,20240109,000000,20.6822,20.6822,20.6507,20.675,1022,0
BCIM.US,D,20240110,000000,20.74,20.74,20.74,20.74,141,0
BCIM.US,D,20240111,000000,20.81,20.81,20.7966,20.7966,147,0
BCIM.US,D,20240112,000000,20.8,20.8,20.58,20.58,383,0
BCIM.US,D,20240116,000000,20.65,20.6901,20.65,20.6901,303,0
BCIM.US,D,20240117,000000,20.395,20.395,20.395,20.395,75,0
BCIM.US,D,20240118,000000,20.4,20.4306,20.305,20.4306,1308,0
BCIM.US,D,20240119,000000,20.5202,20.5202,20.5202,20.5202,75,0
BCIM.US,D,20240122,000000,20.3798,20.3798,20.3798,20.3798,14,0
BCIM.US,D,20240123,000000,20.865,20.865,20.865,20.865,264,0
BCIM.US,D,20240124,000000,21.1399,21.1399,21.1399,21.1399,45,0
BCIM.US,D,20240125,000000,21.1892,21.1892,21.1655,21.1655,999,0
BCIM.US,D,20240126,000000,21.21,21.21,21.17,21.17,7824,0
BCIM.US,D,20240129,000000,21.1649,21.1649,21.1649,21.1649,56,0
BCIM.US,D,20240130,000000,21.28,21.309,21.28,21.2922,510,0
BCIM.US,D,20240131,000000,21.09,21.1546,21.09,21.1546,306,0
BCIM.US,D,20240201,000000,20.8952,20.8952,20.8952,20.8952,104,0
BCIM.US,D,20240202,000000,20.785,20.785,20.785,20.785,4,0
BCIM.US,D,20240205,000000,20.4727,20.4951,20.4727,20.4951,230,0
BCIM.US,D,20240206,000000,20.58,20.6,20.561,20.5796,6288,0
BCIM.US,D,20240207,000000,20.4018,20.445,20.4018,20.445,260,0
BCIM.US,D,20240208,000000,20.2903,20.2903,20.2903,20.2903,136,0
BCIM.US,D,20240209,000000,20.145,20.18,20.1449,20.1449,13467,0
BCIM.US,D,20240212,000000,20.2913,20.2913,20.2913,20.2913,66,0
BCIM.US,D,20240213,000000,20.255,20.255,20.255,20.255,55,0
BCIM.US,D,20240214,000000,20.3001,20.3001,20.3001,20.3001,36,0
BCIM.US,D,20240215,000000,20.4605,20.4998,20.4605,20.465,3226,0
BCIM.US,D,20240216,000000,20.6001,20.6001,20.6001,20.6001,9,0
BCIM.US,D,20240220,000000,20.73,20.74,20.7095,20.7095,24642,0
BCIM.US,D,20240221,000000,20.8782,20.8782,20.8644,20.8644,613,0
BCIM.US,D,20240222,000000,20.9501,20.9501,20.9501,20.9501,36,0
BCIM.US,D,20240223,000000,20.935,20.935,20.935,20.935,36,0
BCIM.US,D,20240226,000000,20.86,20.87,20.7645,20.7645,21026,0
BCIM.US,D,20240227,000000,20.9092,20.95,20.9092,20.9404,31517,0
BCIM.US,D,20240228,000000,20.915,20.9325,20.915,20.9178,338,0
BCIM.US,D,20240229,000000,21,21,21,21,167,0
BCIM.US,D,20240301,000000,21.01,21.12,21.01,21.12,2767,0
BCIM.US,D,20240304,000000,21.18,21.18,21.1355,21.1355,8905,0
BCIM.US,D,20240305,000000,21.0645,21.0645,21.0595,21.0595,334,0
BCIM.US,D,20240306,000000,21.245,21.245,21.16,21.18,4356,0
BCIM.US,D,20240307,000000,21.42,21.47,21.42,21.4521,1789,0
BCIM.US,D,20240308,000000,21.36,21.42,21.354,21.3804,13568,0
BCIM.US,D,20240311,000000,21.54,21.65,21.54,21.65,4160,0
BCIM.US,D,20240312,000000,21.71,21.7102,21.54,21.7102,5269,0
BCIM.US,D,20240313,000000,21.9115,21.925,21.905,21.905,846,0
BCIM.US,D,20240314,000000,21.7,21.85,21.7,21.78,8002,0
BCIM.US,D,20240315,000000,21.9401,21.9703,21.94,21.9703,2356,0
BCIM.US,D,20240318,000000,22.1,22.1,21.83,21.8956,69568,0
BCIM.US,D,20240319,000000,21.64,21.6468,21.58,21.5873,2926,0
BCIM.US,D,20240320,000000,21.6856,21.81,21.637,21.7912,2937,0
BCIM.US,D,20240321,000000,21.86,21.87,21.72,21.8,2744,0
BCIM.US,D,20240322,000000,21.58,21.58,21.43,21.5,3276,0
BCIM.US,D,20240325,000000,21.55,21.57,21.54,21.56,3321,0
BCIM.US,D,20240326,000000,21.34,21.34,21.31,21.31,1905,0
BCIM.US,D,20240327,000000,21.06,21.3099,21.06,21.24,7291,0
BCIM.US,D,20240328,000000,21.315,21.4299,21.315,21.4299,2669,0
BCIM.US,D,20240401,000000,21.54,21.64,21.54,21.57,2088,0
BCIM.US,D,20240402,000000,21.9,21.9,21.68,21.746,2913,0
BCIM.US,D,20240403,000000,21.91,22.39,21.9,22.3585,11168,0
BCIM.US,D,20240404,000000,22.53,22.65,22.49,22.5399,3609,0
BCIM.US,D,20240405,000000,22.63,22.68,22.55,22.6551,6140,0
BCIM.US,D,20240408,000000,22.84,22.9,22.68,22.9,8678,0
BCIM.US,D,20240409,000000,23.09,23.1,22.9,23.015,5980,0
BCIM.US,D,20240410,000000,22.91,23.14,22.8,23.13,8113,0
BCIM.US,D,20240411,000000,23.03,23.03,22.7907,22.8999,6396,0
BCIM.US,D,20240412,000000,23.3,23.335,23,23.0184,5575,0
BCIM.US,D,20240415,000000,23.49,23.5,23.2717,23.45,5548,0
BCIM.US,D,20240416,000000,23.27,23.28,23.1,23.28,5198,0
BCIM.US,D,20240417,000000,23.67,23.68,23.47,23.5096,1412,0
BCIM.US,D,20240418,000000,23.58,23.99,23.58,23.905,2380,0
BCIM.US,D,20240419,000000,24.38,24.55,24.32,24.43,30461,0
BCIM.US,D,20240422,000000,24.2,24.47,24.2,24.33,6191,0
BCIM.US,D,20240423,000000,23.845,23.92,23.78,23.8833,2906,0
BCIM.US,D,20240424,000000,24.07,24.135,23.94,23.9404,2749,0
BCIM.US,D,20240425,000000,24.12,24.225,24.0801,24.1807,59593,0
BCIM.US,D,20240426,000000,24.44,24.44,24.0601,24.2057,3231,0
BCIM.US,D,20240429,000000,24.52,24.63,24.41,24.5958,3945,0
BCIM.US,D,20240430,000000,24.23,24.38,24.195,24.28,3640,0
BCIM.US,D,20240501,000000,24.04,24.099,23.921,24.09,1509,0
BCIM.US,D,20240502,000000,23.9832,23.9832,23.94,23.9655,595,0
BCIM.US,D,20240503,000000,24.1383,24.24,24.1004,24.2055,5659,0
BCIM.US,D,20240506,000000,24.38,24.51,24.37,24.4,20932,0
BCIM.US,D,20240507,000000,24.32,24.4399,24.32,24.3446,1965,0
BCIM.US,D,20240508,000000,24.02,24.0943,24.02,24.0943,2323,0
BCIM.US,D,20240509,000000,24.09,24.29,24.09,24.29,2622,0
BCIM.US,D,20240510,000000,24.41,24.41,24.305,24.357,955,0
BCIM.US,D,20240513,000000,24.67,24.7579,24.63,24.7579,3720,0
BCIM.US,D,20240514,000000,24.95,25.18,24.9,25.03,325404,0
BCIM.US,D,20240515,000000,25.2,25.28,25.15,25.27,3940,0
BCIM.US,D,20240516,000000,25.2,25.27,25.01,25.2359,3804,0
BCIM.US,D,20240517,000000,25.8899,26.07,25.842,26.0681,26349,0
BCIM.US,D,20240520,000000,26.21,26.2813,26.1,26.2813,5388,0
BCIM.US,D,20240521,000000,26.7268,26.79,26.3601,26.4929,22054,0
BCIM.US,D,20240522,000000,26.06,26.06,25.3701,25.4399,18325,0
BCIM.US,D,20240523,000000,25.34,25.425,25.2,25.2541,10193,0
BCIM.US,D,20240524,000000,25.3607,25.3607,25.315,25.315,616,0
BCIM.US,D,20240528,000000,25.735,25.8801,25.735,25.8801,1359,0
BCIM.US,D,20240529,000000,25.68,25.845,25.68,25.8289,1757,0
BCIM.US,D,20240530,000000,25.25,25.25,25.07,25.218,2926,0
BCIM.US,D,20240531,000000,25.15,25.15,24.7945,24.8393,4375,0
BCIM.US,D,20240603,000000,24.91,24.91,24.8307,24.8648,323843,0
BCIM.US,D,20240604,000000,24.48,24.54,24.4038,24.4215,26197,0
BCIM.US,D,20240605,000000,24.26,24.3868,24.11,24.3868,12923,0
BCIM.US,D,20240606,000000,24.48,24.58,24.38,24.5535,9227,0
BCIM.US,D,20240607,000000,23.81,23.89,23.6241,23.6241,11488,0
BCIM.US,D,20240610,000000,23.82,23.91,23.62,23.9047,20323,0
BCIM.US,D,20240611,000000,23.491,23.59,23.461,23.59,1561,0
BCIM.US,D,20240612,000000,23.755,23.9,23.755,23.7994,5130,0
BCIM.US,D,20240613,000000,23.91,23.91,23.43,23.6147,17747,0
BCIM.US,D,20240614,000000,23.23,23.395,23.23,23.39,439615,0
BCIM.US,D,20240617,000000,23.22,23.295,23.2012,23.295,1418,0
BCIM.US,D,20240618,000000,23.18,23.44,23.18,23.3551,2183,0
BCIM.US,D,20240620,000000,23.44,23.65,23.41,23.5991,3313,0
BCIM.US,D,20240621,000000,23.33,23.35,23.28,23.2807,1125,0
