<TICKER>,<PER>,<DATE>,<TIME>,<OPEN>,<HIGH>,<LOW>,<CLOSE>,<VOL>,<OPENINT>
BILD.US,D,20231130,000000,25.04,25.081,25.04,25.081,526,0
BILD.US,D,20231201,000000,25.16,25.397,25.16,25.397,1063,0
BILD.US,D,20231204,000000,25.19,25.2673,25.19,25.2673,559,0
BILD.US,D,20231205,000000,25.2669,25.2669,25.2669,25.2669,5,0
BILD.US,D,20231206,000000,25.455,25.455,25.455,25.455,45,0
BILD.US,D,20231207,000000,25.6586,25.6586,25.6586,25.6586,44,0
BILD.US,D,20231208,000000,25.5571,25.5571,25.5571,25.5571,1,0
BILD.US,D,20231211,000000,25.495,25.495,25.495,25.495,2,0
BILD.US,D,20231212,000000,25.4341,25.4341,25.4341,25.4341,8,0
BILD.US,D,20231213,000000,26.06,26.1508,26.06,26.1508,445,0
BILD.US,D,20231214,000000,26.3033,26.3033,26.3033,26.3033,22,0
BILD.US,D,20231215,000000,25.8184,25.8184,25.8184,25.8184,1,0
BILD.US,D,20231218,000000,25.6941,25.7198,25.6746,25.6746,374,0
BILD.US,D,20231219,000000,25.9646,25.9646,25.9646,25.9646,10,0
BILD.US,D,20231220,000000,25.85,25.85,25.7104,25.7104,183,0
BILD.US,D,20231221,000000,25.7827,25.7827,25.7827,25.7827,14,0
BILD.US,D,20231222,000000,25.8518,25.8518,25.8518,25.8518,6,0
BILD.US,D,20231226,000000,26.0008,26.0008,26.0008,26.0008,9,0
BILD.US,D,20231227,000000,26.0957,26.0957,26.0957,26.0957,13,0
BILD.US,D,20231228,000000,26.0628,26.0628,26.0628,26.0628,164,0
BILD.US,D,20231229,000000,26.03,26.03,25.95,26.0036,752,0
BILD.US,D,20240102,000000,25.7966,25.7966,25.7966,25.7966,3,0
BILD.US,D,20240103,000000,25.6889,25.6889,25.6889,25.6889,17,0
BILD.US,D,20240104,000000,25.7892,25.7892,25.7892,25.7892,1,0
BILD.US,D,20240105,000000,25.8793,25.8793,25.8793,25.8793,1,0
BILD.US,D,20240108,000000,26.1184,26.1184,26.1184,26.1184,18,0
BILD.US,D,20240109,000000,25.9709,25.9709,25.9709,25.9709,18,0
BILD.US,D,20240110,000000,26.0241,26.0241,26.0241,26.0241,1,0
BILD.US,D,20240111,000000,25.8143,25.8239,25.8143,25.8239,601,0
BILD.US,D,20240112,000000,25.9453,25.9453,25.9453,25.9453,18,0
BILD.US,D,20240116,000000,25.68,25.68,25.5389,25.5389,166,0
BILD.US,D,20240117,000000,25.1888,25.1888,25.1788,25.1788,100,0
BILD.US,D,20240118,000000,25.1,25.11,25.0811,25.0811,501,0
BILD.US,D,20240119,000000,25.0799,25.1095,25.0799,25.1095,100,0
BILD.US,D,20240122,000000,25.16,25.16,25.1303,25.1303,201,0
BILD.US,D,20240123,000000,25.0543,25.0543,25.0543,25.0543,94,0
BILD.US,D,20240124,000000,24.9379,24.9379,24.9379,24.9379,26,0
BILD.US,D,20240125,000000,25.0779,25.0779,25.0779,25.0779,15,0
BILD.US,D,20240126,000000,25.1821,25.1821,25.1821,25.1821,1,0
BILD.US,D,20240129,000000,25.2804,25.2804,25.2804,25.2804,1,0
BILD.US,D,20240130,000000,25.2113,25.2113,25.2113,25.2113,2,0
BILD.US,D,20240131,000000,25.2437,25.2437,25.2437,25.2437,1,0
BILD.US,D,20240201,000000,25.567,25.567,25.567,25.567,1,0
BILD.US,D,20240202,000000,25.2397,25.2397,25.2397,25.2397,1,0
BILD.US,D,20240205,000000,24.8431,24.8431,24.8431,24.8431,2,0
BILD.US,D,20240206,000000,25.0279,25.0279,25.0279,25.0279,4,0
BILD.US,D,20240207,000000,24.921,24.921,24.921,24.921,2,0
BILD.US,D,20240208,000000,24.6762,24.6762,24.6762,24.6762,2,0
BILD.US,D,20240209,000000,24.6354,24.6354,24.6354,24.6354,1,0
BILD.US,D,20240212,000000,24.7749,24.7749,24.7749,24.7749,2,0
BILD.US,D,20240213,000000,24.3192,24.3192,24.3192,24.3192,36,0
BILD.US,D,20240214,000000,24.5557,24.5557,24.5557,24.5557,1,0
BILD.US,D,20240215,000000,24.9153,24.9153,24.9153,24.9153,1,0
BILD.US,D,20240216,000000,24.8111,24.8111,24.8111,24.8111,17,0
BILD.US,D,20240220,000000,24.8888,24.8888,24.8888,24.8888,131,0
BILD.US,D,20240221,000000,25.061,25.061,25.061,25.061,7,0
BILD.US,D,20240222,000000,24.87,25.034,24.87,25.034,100,0
BILD.US,D,20240223,000000,24.9886,24.9886,24.9886,24.9886,41,0
BILD.US,D,20240226,000000,24.7321,24.7321,24.7321,24.7321,41,0
BILD.US,D,20240227,000000,24.8491,24.8491,24.8491,24.8491,5,0
BILD.US,D,20240228,000000,24.6851,24.6851,24.6851,24.6851,3,0
BILD.US,D,20240229,000000,24.7759,24.7759,24.7759,24.7759,3,0
BILD.US,D,20240301,000000,24.8633,24.8633,24.8633,24.8633,5,0
BILD.US,D,20240304,000000,24.8301,24.8301,24.8301,24.8301,5,0
BILD.US,D,20240305,000000,24.9111,24.9111,24.9111,24.9111,5,0
BILD.US,D,20240306,000000,25.1488,25.1488,25.1488,25.1488,5,0
BILD.US,D,20240307,000000,25.425,25.425,25.425,25.425,1,0
BILD.US,D,20240308,000000,25.4896,25.4896,25.4896,25.4896,1,0
BILD.US,D,20240311,000000,25.5177,25.5177,25.5177,25.5177,1,0
BILD.US,D,20240312,000000,25.3272,25.3272,25.3272,25.3272,1,0
BILD.US,D,20240313,000000,25.3633,25.3633,25.3633,25.3633,1,0
BILD.US,D,20240314,000000,25.171,25.171,25.171,25.171,5,0
BILD.US,D,20240315,000000,25.1703,25.1703,25.1703,25.1703,1,0
BILD.US,D,20240318,000000,24.9312,24.9312,24.9312,24.9312,1,0
BILD.US,D,20240319,000000,24.9958,24.9958,24.9958,24.9958,1,0
BILD.US,D,20240320,000000,25.361,25.361,25.361,25.361,1,0
BILD.US,D,20240321,000000,25.38,25.38,25.22,25.22,720,0
BILD.US,D,20240322,000000,25.2457,25.2457,25.2457,25.2457,3,0
BILD.US,D,20240325,000000,25.2732,25.2732,25.2732,25.2732,7,0
BILD.US,D,20240326,000000,25.2,25.2,25.1366,25.1366,100,0
BILD.US,D,20240327,000000,25.5009,25.5009,25.5009,25.5009,7,0
BILD.US,D,20240328,000000,25.3956,25.3956,25.3956,25.3956,7,0
BILD.US,D,20240401,000000,25.2682,25.2682,25.2682,25.2682,3,0
BILD.US,D,20240402,000000,25.13,25.13,25.13,25.13,1,0
BILD.US,D,20240403,000000,25.09,25.1481,25.09,25.1481,400,0
BILD.US,D,20240404,000000,25.135,25.135,25.135,25.135,3,0
BILD.US,D,20240405,000000,24.9682,24.9682,24.9682,24.9682,1,0
BILD.US,D,20240408,000000,24.994,24.994,24.994,24.994,5,0
BILD.US,D,20240409,000000,25.1401,25.1401,25.1401,25.1401,4,0
BILD.US,D,20240410,000000,24.5632,24.5632,24.5632,24.5632,4,0
BILD.US,D,20240411,000000,24.44,24.5065,24.44,24.5065,115,0
BILD.US,D,20240412,000000,24.442,24.442,24.442,24.442,4,0
BILD.US,D,20240415,000000,24.2485,24.2485,24.2485,24.2485,9,0
BILD.US,D,20240416,000000,23.9621,23.9621,23.9621,23.9621,7,0
BILD.US,D,20240417,000000,24.1929,24.1929,24.1929,24.1929,17,0
BILD.US,D,20240418,000000,24.3769,24.3769,24.3769,24.3769,2,0
BILD.US,D,20240419,000000,24.5397,24.5397,24.5397,24.5397,15,0
BILD.US,D,20240422,000000,24.7327,24.7327,24.7327,24.7327,2,0
BILD.US,D,20240423,000000,24.973,24.973,24.973,24.973,15,0
BILD.US,D,20240424,000000,24.8438,24.8438,24.8438,24.8438,4,0
BILD.US,D,20240425,000000,24.7894,24.7894,24.7894,24.7894,1,0
BILD.US,D,20240426,000000,24.7667,24.7667,24.7667,24.7667,1,0
BILD.US,D,20240429,000000,25.0409,25.0409,25.0409,25.0409,1,0
BILD.US,D,20240430,000000,24.7498,24.7498,24.7498,24.7498,3,0
BILD.US,D,20240501,000000,24.9421,24.9421,24.9421,24.9421,1,0
BILD.US,D,20240502,000000,25.2442,25.2442,25.2442,25.2442,40,0
BILD.US,D,20240503,000000,25.5684,25.5684,25.5684,25.5684,1,0
BILD.US,D,20240506,000000,25.6936,25.6936,25.6936,25.6936,1,0
BILD.US,D,20240507,000000,25.925,25.925,25.925,25.925,1,0
BILD.US,D,20240508,000000,26.019,26.019,26.019,26.019,20,0
BILD.US,D,20240509,000000,26.3546,26.3546,26.3546,26.3546,20,0
BILD.US,D,20240510,000000,26.4085,26.4085,26.4085,26.4085,20,0
BILD.US,D,20240513,000000,26.2989,26.2989,26.2989,26.2989,2,0
BILD.US,D,20240514,000000,26.5345,26.5345,26.5345,26.5345,1,0
BILD.US,D,20240515,000000,26.9524,26.9524,26.9524,26.9524,20,0
BILD.US,D,20240516,000000,26.8416,26.8416,26.8416,26.8416,21,0
BILD.US,D,20240517,000000,26.8096,26.8096,26.8096,26.8096,1,0
BILD.US,D,20240520,000000,26.69,26.6901,26.6408,26.6408,594,0
BILD.US,D,20240521,000000,26.5848,26.5848,26.5848,26.5848,2,0
BILD.US,D,20240522,000000,26.3503,26.3503,26.3503,26.3503,22,0
BILD.US,D,20240523,000000,25.586,25.586,25.586,25.586,1,0
BILD.US,D,20240524,000000,25.5595,25.5595,25.5595,25.5595,33,0
BILD.US,D,20240528,000000,25.4638,25.4638,25.4638,25.4638,30,0
BILD.US,D,20240529,000000,25.0773,25.0773,25.0773,25.0773,17,0
BILD.US,D,20240530,000000,25.4393,25.4393,25.4393,25.4393,1,0
BILD.US,D,20240531,000000,25.9396,25.9396,25.9396,25.9396,10,0
BILD.US,D,20240603,000000,25.9507,25.9507,25.9507,25.9507,4,0
BILD.US,D,20240604,000000,26.1247,26.1247,26.1247,26.1247,3,0
BILD.US,D,20240605,000000,26.1089,26.1089,26.1089,26.1089,3,0
BILD.US,D,20240606,000000,25.901,25.901,25.901,25.901,113,0
BILD.US,D,20240607,000000,25.5597,25.5597,25.5597,25.5597,2,0
BILD.US,D,20240610,000000,25.527,25.527,25.527,25.527,5,0
BILD.US,D,20240611,000000,25.2466,25.2466,25.2466,25.2466,2,0
BILD.US,D,20240612,000000,25.4242,25.4242,25.4242,25.4242,3,0
BILD.US,D,20240613,000000,25.3906,25.3906,25.3906,25.3906,62,0
BILD.US,D,20240614,000000,25.1874,25.1874,25.1874,25.1874,18,0
BILD.US,D,20240617,000000,24.881,24.881,24.881,24.881,15,0
BILD.US,D,20240618,000000,25.0163,25.0163,25.0163,25.0163,4,0
BILD.US,D,20240620,000000,25.1875,25.1875,25.1875,25.1875,21,0
BILD.US,D,20240621,000000,25.1499,25.1499,25.1499,25.1499,41,0
