<TICKER>,<PER>,<DATE>,<TIME>,<OPEN>,<HIGH>,<LOW>,<CLOSE>,<VOL>,<OPENINT>
BITX.US,D,20230628,000000,15.01,15.26,14.65,14.88,369825,0
BITX.US,D,20230629,000000,15.53,15.58,15.2255,15.3795,234677,0
BITX.US,D,20230630,000000,15.88,15.88,14.06,15,531294,0
BITX.US,D,20230703,000000,15.35,15.91,15.27,15.79,305960,0
BITX.US,D,20230705,000000,14.81,15.23,14.77,15.04,334920,0
BITX.US,D,20230706,000000,15.22,15.22,14.42,14.87,336468,0
BITX.US,D,20230707,000000,14.76,15.02,14.6306,14.75,171525,0
BITX.US,D,20230710,000000,14.7,15.4,14.68,15.4,520095,0
BITX.US,D,20230711,000000,14.87,15.29,14.765,15.06,418144,0
BITX.US,D,20230712,000000,15.13,15.33,14.64,14.75,422498,0
BITX.US,D,20230713,000000,15,16.4,14.95,16.2095,1288290,0
BITX.US,D,20230714,000000,15.62,15.809,14.329,14.54,682158,0
BITX.US,D,20230717,000000,14.58,14.65,14.01,14.24,503384,0
BITX.US,D,20230718,000000,14.12,14.32,13.8,14.05,553571,0
BITX.US,D,20230719,000000,14.25,14.42,14.02,14.36,303055,0
BITX.US,D,20230720,000000,14.53,14.58,13.84,14.06,325249,0
BITX.US,D,20230721,000000,14.2,14.34,14.07,14.17,226788,0
BITX.US,D,20230724,000000,13.55,13.57,13.145,13.4,520696,0
BITX.US,D,20230725,000000,13.42,13.64,13.42,13.48,292374,0
BITX.US,D,20230726,000000,13.4913,13.6781,13.45,13.62,125907,0
BITX.US,D,20230727,000000,13.69,13.7291,13.22,13.32,214692,0
BITX.US,D,20230728,000000,13.48,13.77,13.41,13.54,346456,0
BITX.US,D,20230731,000000,13.65,13.65,13.3,13.33,214613,0
BITX.US,D,20230801,000000,13.07,13.5,12.71,13.44,405968,0
BITX.US,D,20230802,000000,13.55,13.61,13.021,13.29,494987,0
BITX.US,D,20230803,000000,13.3,13.549,13.27,13.4,295986,0
BITX.US,D,20230804,000000,13.33,13.47,13.07,13.14,712198,0
BITX.US,D,20230807,000000,13.18,13.28,12.79,13.25,240483,0
BITX.US,D,20230808,000000,13.59,14.15,13.44,13.99,279347,0
BITX.US,D,20230809,000000,14.04,14.0499,13.43,13.47,370288,0
BITX.US,D,20230810,000000,13.67,13.77,13.36,13.48,169681,0
BITX.US,D,20230811,000000,13.5,13.63,13.3,13.44,198973,0
BITX.US,D,20230814,000000,13.36,13.7,13.27,13.38,226212,0
BITX.US,D,20230815,000000,13.4,13.5253,13.1,13.22,146230,0
BITX.US,D,20230816,000000,13.14,13.25,12.9701,13.14,139662,0
BITX.US,D,20230817,000000,12.59,12.59,11.8,12,567116,0
BITX.US,D,20230818,000000,10.59,10.6999,10.08,10.43,561349,0
BITX.US,D,20230821,000000,10.34,10.4901,10.18,10.43,190202,0
BITX.US,D,20230822,000000,10.35,10.3688,10.11,10.15,126967,0
BITX.US,D,20230823,000000,10.17,10.9,10.16,10.75,375873,0
BITX.US,D,20230824,000000,10.56,10.56,10.14,10.3,305071,0
BITX.US,D,20230825,000000,10.41,10.51,10.08,10.24,250697,0
BITX.US,D,20230828,000000,10.26,10.41,10.1995,10.26,175806,0
BITX.US,D,20230829,000000,10.25,12,10.25,11.73,782486,0
BITX.US,D,20230830,000000,11.37,11.37,11.02,11.13,447678,0
BITX.US,D,20230831,000000,11.12,11.1561,10.01,10.19,2167690,0
BITX.US,D,20230901,000000,10.06,10.08,9.52,9.76,509298,0
BITX.US,D,20230905,000000,9.86,9.94,9.72,9.77,176551,0
BITX.US,D,20230906,000000,9.78,10.06,9.49,9.78,357412,0
BITX.US,D,20230907,000000,9.74,10.02,9.71,9.94,192651,0
BITX.US,D,20230908,000000,9.93,9.99,9.81,9.98,203617,0
BITX.US,D,20230911,000000,9.76,9.84,9.1757,9.24,492506,0
BITX.US,D,20230912,000000,10.05,10.4,9.9099,10.03,379176,0
BITX.US,D,20230913,000000,10.1,10.31,10.04,10.09,250454,0
BITX.US,D,20230914,000000,10.56,10.66,10.43,10.53,226086,0
BITX.US,D,20230915,000000,10.29,10.37,10.14,10.3,94054,0
BITX.US,D,20230918,000000,11.01,11.06,10.4684,10.62,183633,0
BITX.US,D,20230919,000000,10.92,11.18,10.73,10.93,148340,0
BITX.US,D,20230920,000000,10.82,11.025,10.6,10.7,217484,0
BITX.US,D,20230921,000000,10.39,10.5,10.22,10.43,104587,0
BITX.US,D,20230922,000000,10.42,10.49,10.345,10.36,118289,0
BITX.US,D,20230925,000000,10.04,10.27,9.99,10.21,108204,0
BITX.US,D,20230926,000000,10.07,10.14,9.98,10.13,86007,0
BITX.US,D,20230927,000000,10.52,10.56,10,10.12,199846,0
BITX.US,D,20230928,000000,10.35,11.0299,10.31,10.85,244516,0
BITX.US,D,20230929,000000,10.72,10.76,10.41,10.64,242771,0
BITX.US,D,20231002,000000,11.87,12.06,11.21,11.46,368817,0
BITX.US,D,20231003,000000,11.07,11.1392,10.83,10.86,150884,0
BITX.US,D,20231004,000000,11.03,11.3381,10.87,11.16,195576,0
BITX.US,D,20231005,000000,11.56,11.6,10.92,11.02,222618,0
BITX.US,D,20231006,000000,10.94,11.5396,10.94,11.45,246176,0
BITX.US,D,20231009,000000,11.03,11.24,10.81,11.16,333452,0
BITX.US,D,20231010,000000,10.96,11.1,10.8389,10.92,224096,0
BITX.US,D,20231011,000000,10.72,10.72,10.19,10.38,336454,0
BITX.US,D,20231012,000000,10.38,10.39,10.19,10.33,143906,0
BITX.US,D,20231013,000000,10.47,10.49,10.28,10.4,203970,0
BITX.US,D,20231016,000000,12.49,13,11.19,11.75,1644126,0
BITX.US,D,20231017,000000,11.6,11.88,11.47,11.81,170433,0
BITX.US,D,20231018,000000,11.65,11.7,11.44,11.54,98459,0
BITX.US,D,20231019,000000,11.79,12.152,11.73,12.05,249666,0
BITX.US,D,20231020,000000,12.68,12.83,12.47,12.68,332157,0
BITX.US,D,20231023,000000,13.53,14.272,13.3501,14.2,807279,0
BITX.US,D,20231024,000000,17.02,17.11,15.92,16.37,962916,0
BITX.US,D,20231025,000000,17.04,17.79,16.87,17.38,841077,0
BITX.US,D,20231026,000000,16.91,17.06,16.33,16.5,700554,0
BITX.US,D,20231027,000000,16.86,16.86,15.8638,16.19,375641,0
BITX.US,D,20231030,000000,17.11,17.31,16.53,16.94,680083,0
BITX.US,D,20231031,000000,16.8,17.14,16.59,17.08,294798,0
BITX.US,D,20231101,000000,17.33,17.34,16.5,17.16,733007,0
BITX.US,D,20231102,000000,17.66,17.739,16.77,17.49,890457,0
BITX.US,D,20231103,000000,16.79,17.3291,16.79,16.99,369948,0
BITX.US,D,20231106,000000,17.555,17.69,17.25,17.51,672174,0
BITX.US,D,20231107,000000,17.16,18.4601,16.943,18.27,629783,0
BITX.US,D,20231108,000000,17.76,18.21,17.462,18.08,342649,0
BITX.US,D,20231109,000000,20,20.5086,18.041,18.97,952616,0
BITX.US,D,20231110,000000,19.66,20.0097,19.2498,19.82,398190,0
BITX.US,D,20231113,000000,19.21,19.4199,18.83,19.19,420171,0
BITX.US,D,20231114,000000,18.86,19.0965,16.88,17.39,1067120,0
BITX.US,D,20231115,000000,18.34,20.17,18.27,19.93,674083,0
BITX.US,D,20231116,000000,18.7,19.095,17.63,18.1,990627,0
BITX.US,D,20231117,000000,18.41,19.09,18.01,18.62,736161,0
BITX.US,D,20231120,000000,19.27,20.03,18.98,19.85,786084,0
BITX.US,D,20231121,000000,19.16,19.7764,18.44,19.11,723026,0
BITX.US,D,20231122,000000,18.56,19.86,18.31,19.86,813519,0
BITX.US,D,20231124,000000,19.98,20.85,19.79,20.09,763868,0
BITX.US,D,20231127,000000,18.63,19.0499,18.55,18.72,715347,0
BITX.US,D,20231128,000000,19.4,20.65,19.27,20.31,619470,0
BITX.US,D,20231129,000000,20.04,20.04,19.37,19.49,681809,0
BITX.US,D,20231130,000000,19.31,19.35,18.94,19.24,454379,0
BITX.US,D,20231201,000000,19.99,20.69,19.835,20.3,627595,0
BITX.US,D,20231204,000000,23.32,23.76,22.77,23.42,1225280,0
BITX.US,D,20231205,000000,23.96,26,23.68,25.73,1456687,0
BITX.US,D,20231206,000000,26.24,26.2697,25.57,25.62,891040,0
BITX.US,D,20231207,000000,25.3,25.8,24.78,25.04,780738,0
BITX.US,D,20231208,000000,25.49,26.49,25.4501,26.3,875461,0
BITX.US,D,20231211,000000,23.24,23.43,21.15,21.92,1576133,0
BITX.US,D,20231212,000000,22.87,22.905,21.7,22.3,894331,0
BITX.US,D,20231213,000000,22.55,24.3179,22.48,24.17,1931725,0
BITX.US,D,20231214,000000,23.85,24.75,23.35,24.27,754677,0
BITX.US,D,20231215,000000,23.32,23.42,22.73,23.31,1221386,0
BITX.US,D,20231218,000000,22.52,23.1195,22.0357,23.08,854659,0
BITX.US,D,20231219,000000,23.87,23.87,22.77,23.29,847929,0
BITX.US,D,20231220,000000,25.38,25.7347,24.54,24.76,1223080,0
BITX.US,D,20231221,000000,25.18,25.2512,24.59,25.03,1009885,0
BITX.US,D,20231222,000000,24.5,25.33,24.5,24.95,679367,0
BITX.US,D,20231226,000000,23.74,23.76,22.52,23.07,1395120,0
BITX.US,D,20231227,000000,24.04,24.72,23.81,24.64,1122180,0
BITX.US,D,20231228,000000,23.89,23.89,23.1,23.38,1060729,0
BITX.US,D,20231229,000000,23.76,23.9899,22,22.76,1074910,0
BITX.US,D,20240102,000000,26.95,27.06,25.65,25.72,1088309,0
BITX.US,D,20240103,000000,22.5,24.1799,22.41,23.31,1611977,0
BITX.US,D,20240104,000000,23.93,25.52,23.7404,24.83,831833,0
BITX.US,D,20240105,000000,24.51,24.95,23.45,24.57,844028,0
BITX.US,D,20240108,000000,25.63,28.25,25.2732,27.72,1865150,0
BITX.US,D,20240109,000000,27.65,27.8899,27.12,27.47,1363370,0
BITX.US,D,20240110,000000,25.73,27.39,24.96,26.69,2076390,0
BITX.US,D,20240111,000000,28.71,30.1,25.75,26.66,3750763,0
BITX.US,D,20240112,000000,26,26.1148,22.85,23.44,2535320,0
BITX.US,D,20240116,000000,22.77,23.3004,21.8,23.19,1397332,0
BITX.US,D,20240117,000000,22.31,22.8058,22,22.67,569886,0
BITX.US,D,20240118,000000,22.35,22.7099,20.27,20.63,1548520,0
BITX.US,D,20240119,000000,20.78,21.83,20,21.35,978198,0
BITX.US,D,20240122,000000,20.22,20.48,19.0001,19.87,1347417,0
BITX.US,D,20240123,000000,18.5,19.33,18.2101,18.9,943137,0
BITX.US,D,20240124,000000,19.65,19.85,19.12,19.22,757934,0
BITX.US,D,20240125,000000,19.62,19.7396,19.2,19.47,511790,0
BITX.US,D,20240126,000000,20.64,21.839,20.64,21.59,1376455,0
BITX.US,D,20240129,000000,21.5,22.94,21.3422,22.81,1069377,0
BITX.US,D,20240130,000000,22.98,23.32,22.85,23.2,602431,0
BITX.US,D,20240131,000000,22.23,23.41,22,22.09,931832,0
BITX.US,D,20240201,000000,21.89,22.8296,21.88,22.58,638701,0
BITX.US,D,20240202,000000,22.23,23.0399,22.22,22.49,716329,0
BITX.US,D,20240205,000000,22.9,22.93,21.7301,21.81,890828,0
BITX.US,D,20240206,000000,22.34,22.8938,22.3,22.59,787184,0
BITX.US,D,20240207,000000,22.52,23.83,22.34,23.71,1113111,0
BITX.US,D,20240208,000000,24.65,25.28,24.43,25.14,1386081,0
BITX.US,D,20240209,000000,26.8,28.12,26.57,27.34,1795507,0
BITX.US,D,20240212,000000,28.12,30.6242,28.07,30.41,2043658,0
BITX.US,D,20240213,000000,28.93,29.63,28.2,29.63,2012825,0
BITX.US,D,20240214,000000,32.41,32.72,31.7045,32.34,2238280,0
BITX.US,D,20240215,000000,33.16,33.7004,32.1,32.29,1722724,0
BITX.US,D,20240216,000000,32.89,33.18,32.08,32.43,1161585,0
BITX.US,D,20240220,000000,32.97,33.03,30.95,32.53,1634114,0
BITX.US,D,20240221,000000,30.93,31.677,30.71,31.14,1274621,0
BITX.US,D,20240222,000000,31.25,32.5,31.14,32.37,1117512,0
BITX.US,D,20240223,000000,31.26,31.4261,30.58,31.2,947331,0
BITX.US,D,20240226,000000,31.51,36,31.4749,35.43,2723020,0
BITX.US,D,20240227,000000,38.39,39.35,37.58,38.61,2902779,0
BITX.US,D,20240228,000000,42.83,48.245,41.541,43.09,8133036,0
BITX.US,D,20240229,000000,45.03,45.28,42.4,43.9,6235875,0
BITX.US,D,20240301,000000,44.52,45.7,42.62,45.38,3449546,0
BITX.US,D,20240304,000000,49.01,52.6,48.5601,52.07,6641707,0
BITX.US,D,20240305,000000,52,54.84,39.61,43.11,9504105,0
BITX.US,D,20240306,000000,49.81,50.85,47.55,50.06,5127247,0
BITX.US,D,20240307,000000,50.73,51.85,49.6,51.16,3254401,0
BITX.US,D,20240308,000000,51.85,55.2389,48.7801,53.27,5446887,0
BITX.US,D,20240311,000000,58.2,59.07,56.3601,57.92,5899616,0
BITX.US,D,20240312,000000,58.07,59.51,52.11,56.59,6560445,0
BITX.US,D,20240313,000000,58.81,59.74,57.01,59.67,4032441,0
BITX.US,D,20240314,000000,57.99,58.355,51.1,52.82,6062480,0
BITX.US,D,20240315,000000,50.28,54.68,49.72,52.43,6269119,0
BITX.US,D,20240318,000000,50.53,51.47,48.25,48.8,4879981,0
BITX.US,D,20240319,000000,44.3,47.25,41.89,45.11,7294048,0
BITX.US,D,20240320,000000,43.74,47.51,41.82,47.25,6471817,0
BITX.US,D,20240321,000000,49.59,49.79,45.62,46.11,6038292,0
BITX.US,D,20240322,000000,44.5,44.71,42.41,44.16,6094984,0
BITX.US,D,20240325,000000,48.34,54.215,48.34,54.06,7978001,0
BITX.US,D,20240326,000000,53.81,53.91,51.34,51.49,4445686,0
BITX.US,D,20240327,000000,54.59,54.85,49.69,50.06,5211241,0
BITX.US,D,20240328,000000,53.59,54.71,52.78,53.25,6213322,0
BITX.US,D,20240401,000000,52.03,52.14,48.95,51.57,5876532,0
BITX.US,D,20240402,000000,44.21,46.5,43.62,45.73,8003182,0
BITX.US,D,20240403,000000,45.5,47.23,45.25,45.56,3287476,0
BITX.US,D,20240404,000000,47.6,50.49,47.37,49.17,5448253,0
BITX.US,D,20240405,000000,46.89,49.36,46.75,47.45,4743668,0
BITX.US,D,20240408,000000,54.49,54.51,52.91,53.74,5466737,0
BITX.US,D,20240409,000000,51.97,52.539,48.33,49.45,5242440,0
BITX.US,D,20240410,000000,47.44,51.08,47.17,51.08,4968618,0
BITX.US,D,20240411,000000,52.09,52.29,50.1704,51.74,4621307,0
BITX.US,D,20240412,000000,51.01,51.34,44.24,46.14,8218317,0
BITX.US,D,20240415,000000,45.58,45.89,40,41.29,7622063,0
BITX.US,D,20240416,000000,41.14,41.38,39.16,40.55,5637587,0
BITX.US,D,20240417,000000,40,40.78,36.41,38.08,8490400,0
BITX.US,D,20240418,000000,39.84,42.1399,39.2,41.31,6303815,0
BITX.US,D,20240419,000000,42.74,43.32,41.21,42.22,5471099,0
BITX.US,D,20240422,000000,44.52,45.55,43.89,45.15,4674409,0
BITX.US,D,20240423,000000,44.51,45.9637,44.45,44.94,3457971,0
BITX.US,D,20240424,000000,44.15,44.67,41.06,41.32,5266299,0
BITX.US,D,20240425,000000,40.13,42.55,39.7827,42.28,3811953,0
BITX.US,D,20240426,000000,41.05,42.4076,40.29,40.94,3425601,0
BITX.US,D,20240429,000000,39.21,40.22,38.22,39.9,3211307,0
BITX.US,D,20240430,000000,37.4,37.97,34.57,34.75,5843636,0
BITX.US,D,20240501,000000,33.15,35.288,31.82,32.19,8532846,0
BITX.US,D,20240502,000000,34.37,35.3865,33.7875,35.14,3882237,0
BITX.US,D,20240503,000000,37.31,38.54,37.28,38.34,4547017,0
BITX.US,D,20240506,000000,40.18,40.96,38.97,39.66,3533823,0
BITX.US,D,20240507,000000,40.07,41.07,39.1,39.47,2127914,0
BITX.US,D,20240508,000000,38,39.11,37.69,38.19,4204388,0
BITX.US,D,20240509,000000,37.11,38.99,36.5411,38.62,4543246,0
BITX.US,D,20240510,000000,39.15,39.44,35.6601,36.34,5808103,0
BITX.US,D,20240513,000000,38.91,39.78,38.6,39.37,3272734,0
BITX.US,D,20240514,000000,37.82,38.1899,36.71,37.34,3128923,0
BITX.US,D,20240515,000000,40.6,43.415,40.265,42.89,7058364,0
BITX.US,D,20240516,000000,42.82,43.35,40.88,41.61,4659621,0
BITX.US,D,20240517,000000,43.2,44.67,42.41,44.18,4826970,0
BITX.US,D,20240520,000000,43.91,48.15,43.57,48.06,5638206,0
BITX.US,D,20240521,000000,49.15,49.69,46.6601,46.84,5396421,0
BITX.US,D,20240522,000000,46.45,47.9,45.71,46.29,4433585,0
BITX.US,D,20240523,000000,45.95,46.03,42.3501,42.97,5571093,0
BITX.US,D,20240524,000000,43.26,45.84,42.7,45.56,4656582,0
BITX.US,D,20240528,000000,44.43,44.61,42.82,44.41,5282345,0
BITX.US,D,20240529,000000,43.51,43.74,42.63,42.79,3643911,0
BITX.US,D,20240530,000000,44.07,45.8647,43.86,44.71,6407721,0
BITX.US,D,20240531,000000,44.71,44.78,41.7,43.01,3846926,0
BITX.US,D,20240603,000000,45.92,46.68,44.21,45.12,4733935,0
BITX.US,D,20240604,000000,45.43,47.81,45.16,46.75,5842347,0
BITX.US,D,20240605,000000,47.85,48.71,46.6,47.95,6586031,0
BITX.US,D,20240606,000000,47.73,48.49,46.66,46.79,4588166,0
BITX.US,D,20240607,000000,47.87,48.42,43.6112,44.94,7247847,0
BITX.US,D,20240610,000000,44.84,46.16,44.62,45.09,4593226,0
BITX.US,D,20240611,000000,42.15,42.79,40.61,42.51,6927261,0
BITX.US,D,20240612,000000,44.82,45.82,42.09,42.51,6497620,0
BITX.US,D,20240613,000000,43.09,43.52,40.57,41.13,6489175,0
BITX.US,D,20240614,000000,42.03,42.1299,39.12,39.71,5954447,0
BITX.US,D,20240617,000000,39.81,41.9,39.07,41.16,3699514,0
BITX.US,D,20240618,000000,38.8,39.43,37.7,38.2,6683871,0
BITX.US,D,20240620,000000,39.26,39.55,38.31,38.93,5445233,0
BITX.US,D,20240621,000000,37.1,38.14,36.88,37.87,4948437,0
