<TICKER>,<PER>,<DATE>,<TIME>,<OPEN>,<HIGH>,<LOW>,<CLOSE>,<VOL>,<OPENINT>
BLCV.US,D,20230524,000000,24.81,24.81,24.6585,24.6585,1025,0
BLCV.US,D,20230525,000000,24.49,24.59,24.449,24.5038,5139,0
BLCV.US,D,20230526,000000,24.6695,24.6695,24.6695,24.6695,101,0
BLCV.US,D,20230530,000000,24.73,24.73,24.5409,24.5409,1775,0
BLCV.US,D,20230531,000000,24.37,24.46,24.3009,24.4107,8204,0
BLCV.US,D,20230601,000000,24.3699,24.56,24.3699,24.4961,4209,0
BLCV.US,D,20230602,000000,24.9349,25.0525,24.9349,25.0352,2203,0
BLCV.US,D,20230605,000000,25.09,25.09,24.9462,24.9786,4703,0
BLCV.US,D,20230606,000000,25.07,25.1079,25.0652,25.1079,274,0
BLCV.US,D,20230607,000000,25.2499,25.2529,25.1767,25.2529,2156,0
BLCV.US,D,20230608,000000,25.15,25.295,25.15,25.295,432,0
BLCV.US,D,20230609,000000,25.2983,25.2983,25.2704,25.2704,217,0
BLCV.US,D,20230612,000000,25.4087,25.4087,25.3801,25.3907,280,0
BLCV.US,D,20230613,000000,25.6638,25.6638,25.6638,25.6638,73,0
BLCV.US,D,20230614,000000,25.7066,25.765,25.602,25.602,1445,0
BLCV.US,D,20230615,000000,25.9734,25.9734,25.9734,25.9734,154,0
BLCV.US,D,20230616,000000,26.0899,26.09,26,26.0373,1671,0
BLCV.US,D,20230620,000000,26.02,26.02,25.87,25.87,1049,0
BLCV.US,D,20230621,000000,25.76,25.8473,25.76,25.8473,276,0
BLCV.US,D,20230622,000000,25.7713,25.7713,25.7713,25.7713,76,0
BLCV.US,D,20230623,000000,25.5595,25.5595,25.5595,25.5595,112,0
BLCV.US,D,20230626,000000,25.5669,25.6745,25.5669,25.6227,607,0
BLCV.US,D,20230627,000000,25.9062,25.9062,25.9062,25.9062,244,0
BLCV.US,D,20230628,000000,25.83,25.8417,25.83,25.8417,255,0
BLCV.US,D,20230629,000000,25.98,26.0437,25.98,26.0437,465,0
BLCV.US,D,20230630,000000,26.3114,26.3114,26.3114,26.3114,92,0
BLCV.US,D,20230703,000000,26.4087,26.4087,26.4087,26.4087,97,0
BLCV.US,D,20230705,000000,26.3847,26.3847,26.3847,26.3847,45,0
BLCV.US,D,20230706,000000,26.1882,26.1882,26.1882,26.1882,111,0
BLCV.US,D,20230707,000000,26.2756,26.2756,26.1859,26.1859,265,0
BLCV.US,D,20230710,000000,26.2712,26.2712,26.2712,26.2712,56,0
BLCV.US,D,20230711,000000,26.44,26.5367,26.44,26.5367,493,0
BLCV.US,D,20230712,000000,26.7,26.7,26.5717,26.5717,1031,0
BLCV.US,D,20230713,000000,26.7232,26.7232,26.7232,26.7232,30,0
BLCV.US,D,20230714,000000,26.5922,26.5922,26.5922,26.5922,136,0
BLCV.US,D,20230717,000000,26.6399,26.65,26.6012,26.6012,1186,0
BLCV.US,D,20230718,000000,26.8083,26.8083,26.8083,26.8083,4,0
BLCV.US,D,20230719,000000,27.0317,27.0317,27.0317,27.0317,84,0
BLCV.US,D,20230720,000000,27.11,27.1394,27.11,27.1394,195,0
BLCV.US,D,20230721,000000,27.16,27.16,27.0702,27.0702,288,0
BLCV.US,D,20230724,000000,27.16,27.17,27.1392,27.1392,645,0
BLCV.US,D,20230725,000000,27.22,27.2402,27.22,27.2402,777,0
BLCV.US,D,20230726,000000,27.2364,27.2364,27.2364,27.2364,143,0
BLCV.US,D,20230727,000000,27.0371,27.0371,27.0371,27.0371,51,0
BLCV.US,D,20230728,000000,27.0729,27.0729,27.0729,27.0729,19,0
BLCV.US,D,20230731,000000,27.1347,27.1347,27.07,27.0932,1961,0
BLCV.US,D,20230801,000000,27.1516,27.1516,27.1516,27.1516,94,0
BLCV.US,D,20230802,000000,26.87,26.96,26.87,26.9144,468,0
BLCV.US,D,20230803,000000,26.9999,26.9999,26.9069,26.9069,149,0
BLCV.US,D,20230804,000000,27.04,27.1,26.8076,26.8076,542,0
BLCV.US,D,20230807,000000,26.97,26.9904,26.97,26.9904,345,0
BLCV.US,D,20230808,000000,26.8333,26.8333,26.8333,26.8333,55,0
BLCV.US,D,20230809,000000,26.73,26.7514,26.73,26.7514,638,0
BLCV.US,D,20230810,000000,26.7018,26.7018,26.7018,26.7018,7,0
BLCV.US,D,20230811,000000,26.71,26.71,26.6881,26.6983,965,0
BLCV.US,D,20230814,000000,26.7091,26.7091,26.7091,26.7091,22,0
BLCV.US,D,20230815,000000,26.4201,26.4201,26.4201,26.4201,26,0
BLCV.US,D,20230816,000000,26.42,26.42,26.229,26.229,510,0
BLCV.US,D,20230817,000000,26.055,26.055,26.055,26.055,18,0
BLCV.US,D,20230818,000000,26.0614,26.0614,26.0614,26.0614,57,0
BLCV.US,D,20230821,000000,26.1389,26.1389,26.1389,26.1389,44,0
BLCV.US,D,20230822,000000,25.9854,25.9854,25.9854,25.9854,8,0
BLCV.US,D,20230823,000000,26.1056,26.1056,26.1056,26.1056,55,0
BLCV.US,D,20230824,000000,26.03,26.03,25.9486,25.9486,100,0
BLCV.US,D,20230825,000000,25.81,26.0037,25.81,26.0037,250,0
BLCV.US,D,20230828,000000,26.2294,26.2299,26.2049,26.2294,569,0
BLCV.US,D,20230829,000000,26.4455,26.4455,26.4455,26.4455,24,0
BLCV.US,D,20230830,000000,26.4997,26.4997,26.4997,26.4997,11,0
BLCV.US,D,20230831,000000,26.5392,26.5392,26.4511,26.4511,405,0
BLCV.US,D,20230901,000000,26.55,26.55,26.44,26.5027,303,0
BLCV.US,D,20230905,000000,26.2492,26.2492,26.2492,26.2492,3,0
BLCV.US,D,20230906,000000,26.1975,26.1975,26.1975,26.1975,51,0
BLCV.US,D,20230907,000000,26.1124,26.1124,26.1124,26.1124,22,0
BLCV.US,D,20230908,000000,26.2049,26.2049,26.2049,26.2049,10,0
BLCV.US,D,20230911,000000,26.2658,26.2658,26.2658,26.2658,50,0
BLCV.US,D,20230912,000000,26.36,26.3614,26.3229,26.3229,820,0
BLCV.US,D,20230913,000000,26.23,26.2985,26.23,26.2985,1000,0
BLCV.US,D,20230914,000000,26.5466,26.5466,26.5466,26.5466,101,0
BLCV.US,D,20230915,000000,26.3654,26.3654,26.3654,26.3654,14,0
BLCV.US,D,20230918,000000,26.42,26.43,26.3731,26.3731,1439,0
BLCV.US,D,20230919,000000,26.3993,26.3993,26.3993,26.3993,6,0
BLCV.US,D,20230920,000000,26.3004,26.3004,26.3004,26.3004,19,0
BLCV.US,D,20230921,000000,25.9276,25.9276,25.9276,25.9276,16,0
BLCV.US,D,20230922,000000,25.797,25.797,25.797,25.797,116,0
BLCV.US,D,20230925,000000,25.8847,25.8847,25.8847,25.8847,27,0
BLCV.US,D,20230926,000000,25.5,25.5014,25.4133,25.4133,436,0
BLCV.US,D,20230927,000000,25.46,25.46,25.4564,25.4564,124,0
BLCV.US,D,20230928,000000,25.5384,25.5384,25.5384,25.5384,10,0
BLCV.US,D,20230929,000000,25.4987,25.5099,25.4694,25.4694,3921,0
BLCV.US,D,20231002,000000,25.236,25.236,25.236,25.236,2,0
BLCV.US,D,20231003,000000,24.9306,24.9306,24.9306,24.9306,53,0
BLCV.US,D,20231004,000000,25.0639,25.0639,25.0639,25.0639,114,0
BLCV.US,D,20231005,000000,24.9878,24.9878,24.9878,24.9878,201,0
BLCV.US,D,20231006,000000,25.1376,25.1376,25.1376,25.1376,3,0
BLCV.US,D,20231009,000000,25.1749,25.3608,25.1749,25.3608,116,0
BLCV.US,D,20231010,000000,25.5253,25.5253,25.5253,25.5253,1,0
BLCV.US,D,20231011,000000,25.455,25.541,25.43,25.541,512,0
BLCV.US,D,20231012,000000,25.38,25.38,25.2292,25.2292,750,0
BLCV.US,D,20231013,000000,25.37,25.3955,25.3491,25.3491,312,0
BLCV.US,D,20231016,000000,25.697,25.697,25.697,25.697,3,0
BLCV.US,D,20231017,000000,25.8417,25.8417,25.8417,25.8417,2,0
BLCV.US,D,20231018,000000,25.5947,25.5947,25.5947,25.5947,86,0
BLCV.US,D,20231019,000000,25.45,25.5001,25.3774,25.3774,600,0
BLCV.US,D,20231020,000000,25.1215,25.1215,25.1215,25.1215,10,0
BLCV.US,D,20231023,000000,25.13,25.13,24.9312,24.9312,322,0
BLCV.US,D,20231024,000000,25.1101,25.1101,25.1101,25.1101,37,0
BLCV.US,D,20231025,000000,25.07,25.07,24.8703,24.8765,527,0
BLCV.US,D,20231026,000000,25,25,24.898,24.898,1000,0
BLCV.US,D,20231027,000000,24.5829,24.5829,24.5829,24.5829,22,0
BLCV.US,D,20231030,000000,24.8578,24.8578,24.8578,24.8578,17,0
BLCV.US,D,20231031,000000,25.0558,25.0558,25.0558,25.0558,269,0
BLCV.US,D,20231101,000000,25.19,25.19,25.16,25.1636,605,0
BLCV.US,D,20231102,000000,25.7454,25.7454,25.7454,25.7454,78,0
BLCV.US,D,20231103,000000,26.1,26.1472,26.1,26.1472,273,0
BLCV.US,D,20231106,000000,26.0442,26.0442,26.0442,26.0442,51,0
BLCV.US,D,20231107,000000,25.9581,25.9581,25.9581,25.9581,146,0
BLCV.US,D,20231108,000000,25.9156,25.9156,25.9156,25.9156,3,0
BLCV.US,D,20231109,000000,25.93,25.955,25.71,25.71,856,0
BLCV.US,D,20231110,000000,25.9753,25.9753,25.9753,25.9753,53,0
BLCV.US,D,20231113,000000,26,26,26,26,94,0
BLCV.US,D,20231114,000000,26.4851,26.4851,26.4851,26.4851,12,0
BLCV.US,D,20231115,000000,26.608,26.608,26.608,26.608,7,0
BLCV.US,D,20231116,000000,26.4,26.45,26.4,26.4325,535,0
BLCV.US,D,20231117,000000,26.5246,26.6,26.52,26.5643,2658,0
BLCV.US,D,20231120,000000,26.7351,26.7351,26.7351,26.7351,12,0
BLCV.US,D,20231121,000000,26.72,26.7504,26.72,26.7299,318,0
BLCV.US,D,20231122,000000,26.845,26.845,26.845,26.845,4,0
BLCV.US,D,20231124,000000,26.9511,26.9511,26.9511,26.9511,13,0
BLCV.US,D,20231127,000000,26.9501,26.9501,26.9501,26.9501,130,0
BLCV.US,D,20231128,000000,26.9413,26.9413,26.9413,26.9413,2,0
BLCV.US,D,20231129,000000,26.9558,26.9558,26.9558,26.9558,76,0
BLCV.US,D,20231130,000000,27.1763,27.1763,27.1763,27.1763,6,0
BLCV.US,D,20231201,000000,27.4964,27.4964,27.4964,27.4964,76,0
BLCV.US,D,20231204,000000,27.4783,27.505,27.4783,27.505,152,0
BLCV.US,D,20231205,000000,27.2459,27.2459,27.2459,27.2459,20,0
BLCV.US,D,20231206,000000,27.43,27.43,27.1767,27.1767,2415,0
BLCV.US,D,20231207,000000,27.33,27.3407,27.3275,27.3407,625,0
BLCV.US,D,20231208,000000,27.3499,27.38,27.26,27.3661,1657,0
BLCV.US,D,20231211,000000,27.51,27.61,27.51,27.61,1109,0
BLCV.US,D,20231212,000000,27.55,27.6343,27.55,27.6343,202,0
BLCV.US,D,20231213,000000,27.73,28.16,27.7024,28.1521,1030,0
BLCV.US,D,20231214,000000,28.3833,28.3833,28.3833,28.3833,95,0
BLCV.US,D,20231215,000000,28.04,28.1348,28.04,28.1348,117,0
BLCV.US,D,20231218,000000,29.65,29.65,28.215,28.215,1413,0
BLCV.US,D,20231219,000000,28.4339,28.4339,28.4339,28.4339,178,0
BLCV.US,D,20231220,000000,28.3111,28.3111,27.932,27.932,744,0
BLCV.US,D,20231221,000000,28.08,28.2209,28.08,28.2209,1271,0
BLCV.US,D,20231222,000000,28.29,28.29,28.28,28.28,216,0
BLCV.US,D,20231226,000000,28.4869,28.4869,28.4869,28.4869,75,0
BLCV.US,D,20231227,000000,28.529,28.529,28.48,28.4938,426,0
BLCV.US,D,20231228,000000,28.5875,28.5875,28.5875,28.5875,152,0
BLCV.US,D,20231229,000000,28.56,28.56,28.4932,28.4932,236,0
BLCV.US,D,20240102,000000,28.6288,28.6588,28.6288,28.6504,410,0
BLCV.US,D,20240103,000000,28.3873,28.3873,28.3873,28.3873,108,0
BLCV.US,D,20240104,000000,28.4918,28.4918,28.3822,28.3822,309,0
BLCV.US,D,20240105,000000,28.44,28.66,28.44,28.5452,938,0
BLCV.US,D,20240108,000000,28.68,28.8068,28.63,28.8068,799,0
BLCV.US,D,20240109,000000,28.6155,28.6155,28.6155,28.6155,154,0
BLCV.US,D,20240110,000000,28.5445,28.5877,28.5445,28.5877,259,0
BLCV.US,D,20240111,000000,28.5075,28.5075,28.5075,28.5075,132,0
BLCV.US,D,20240112,000000,28.5246,28.5246,28.5246,28.5246,28,0
BLCV.US,D,20240116,000000,28.3,28.3485,28.3,28.3485,290,0
BLCV.US,D,20240117,000000,28.1643,28.1643,28.1643,28.1643,113,0
BLCV.US,D,20240118,000000,28.2182,28.2182,28.2182,28.2182,108,0
BLCV.US,D,20240119,000000,28.23,28.4024,28.23,28.4024,240,0
BLCV.US,D,20240122,000000,28.605,28.6229,28.605,28.6229,199,0
BLCV.US,D,20240123,000000,28.6955,28.6955,28.6955,28.6955,2,0
BLCV.US,D,20240124,000000,28.5729,28.5729,28.5729,28.5729,147,0
BLCV.US,D,20240125,000000,28.69,28.8771,28.68,28.8771,1236,0
BLCV.US,D,20240126,000000,29.0042,29.0042,29.0042,29.0042,101,0
BLCV.US,D,20240129,000000,29.141,29.141,29.141,29.141,99,0
BLCV.US,D,20240130,000000,29.2603,29.2603,29.2603,29.2603,60,0
BLCV.US,D,20240131,000000,28.9221,28.9221,28.9221,28.9221,23,0
BLCV.US,D,20240201,000000,28.88,29.0752,28.88,29.0737,1184,0
BLCV.US,D,20240202,000000,29.1363,29.1363,29.1363,29.1363,156,0
BLCV.US,D,20240205,000000,28.78,28.8554,28.78,28.8554,189,0
BLCV.US,D,20240206,000000,28.97,28.9765,28.9289,28.9289,9196,0
BLCV.US,D,20240207,000000,29.19,29.19,28.981,29.0306,3092,0
BLCV.US,D,20240208,000000,29.15,29.1621,29.1498,29.1621,349,0
BLCV.US,D,20240209,000000,29.1199,29.24,29.1199,29.24,3145,0
BLCV.US,D,20240212,000000,29.36,29.53,29.36,29.4776,6116,0
BLCV.US,D,20240213,000000,29.34,29.34,29.05,29.0755,1134,0
BLCV.US,D,20240214,000000,29.19,29.33,29.19,29.2968,553,0
BLCV.US,D,20240215,000000,29.708,29.708,29.708,29.708,4,0
BLCV.US,D,20240216,000000,29.68,29.74,29.6668,29.6688,3049,0
BLCV.US,D,20240220,000000,29.6103,29.6103,29.6103,29.6103,30,0
BLCV.US,D,20240221,000000,29.69,29.7984,29.69,29.7984,394,0
BLCV.US,D,20240222,000000,30.0055,30.0055,30.0055,30.0055,130,0
BLCV.US,D,20240223,000000,30.18,30.18,30.145,30.145,10458,0
BLCV.US,D,20240226,000000,29.9969,29.9969,29.9969,29.9969,286,0
BLCV.US,D,20240227,000000,30.06,30.0761,30.06,30.0761,135,0
BLCV.US,D,20240228,000000,30.0661,30.0661,30.0083,30.0083,325,0
BLCV.US,D,20240229,000000,30.25,30.25,30.15,30.2459,24213,0
BLCV.US,D,20240301,000000,30.3357,30.3357,30.3357,30.3357,64,0
BLCV.US,D,20240304,000000,30.35,30.43,30.31,30.3331,13937,0
BLCV.US,D,20240305,000000,30.31,30.31,30.2993,30.2993,203,0
BLCV.US,D,20240306,000000,30.43,30.43,30.429,30.429,20164,0
BLCV.US,D,20240307,000000,30.5041,30.5041,30.5041,30.5041,54,0
BLCV.US,D,20240308,000000,30.4648,30.4648,30.4648,30.4648,204,0
BLCV.US,D,20240311,000000,30.37,30.5286,30.37,30.5286,1138,0
BLCV.US,D,20240312,000000,30.5382,30.65,30.5382,30.615,1906,0
BLCV.US,D,20240313,000000,30.65,30.65,30.5612,30.5612,354,0
BLCV.US,D,20240314,000000,30.3289,30.3289,30.3289,30.3289,22,0
BLCV.US,D,20240315,000000,30.36,30.37,30.3555,30.3555,1325,0
BLCV.US,D,20240318,000000,30.53,30.54,30.4872,30.4872,302,0
BLCV.US,D,20240319,000000,30.6276,30.6276,30.6276,30.6276,80,0
BLCV.US,D,20240320,000000,30.8133,30.8133,30.8133,30.8133,31,0
BLCV.US,D,20240321,000000,30.9334,30.9334,30.9334,30.9334,92,0
BLCV.US,D,20240322,000000,30.795,30.795,30.7248,30.7248,344,0
BLCV.US,D,20240325,000000,30.7723,30.7723,30.7723,30.7723,285,0
BLCV.US,D,20240326,000000,30.73,30.8589,30.73,30.8239,1409,0
BLCV.US,D,20240327,000000,31.2647,31.2647,31.2647,31.2647,74,0
BLCV.US,D,20240328,000000,31.405,31.4455,31.405,31.4455,217,0
BLCV.US,D,20240401,000000,31.3805,31.3805,31.3559,31.3559,628,0
BLCV.US,D,20240402,000000,31.1574,31.1574,31.1574,31.1574,108,0
BLCV.US,D,20240403,000000,31.18,31.19,31.1338,31.1338,942,0
BLCV.US,D,20240404,000000,31.2455,31.25,30.8662,30.8662,430,0
BLCV.US,D,20240405,000000,30.8743,30.9992,30.86,30.9992,1030,0
BLCV.US,D,20240408,000000,31.13,31.13,31.0083,31.0083,433,0
BLCV.US,D,20240409,000000,31.0399,31.0399,31.0399,31.0399,172,0
BLCV.US,D,20240410,000000,30.7069,30.7069,30.7069,30.7069,28,0
BLCV.US,D,20240411,000000,30.6944,30.6944,30.6944,30.6944,26,0
BLCV.US,D,20240412,000000,30.2087,30.2087,30.2087,30.2087,273,0
BLCV.US,D,20240415,000000,30.0061,30.0061,30.0061,30.0061,45,0
BLCV.US,D,20240416,000000,29.93,29.93,29.9173,29.9173,237,0
BLCV.US,D,20240417,000000,29.89,29.89,29.8373,29.8373,461,0
BLCV.US,D,20240418,000000,29.8912,29.8912,29.8912,29.8912,150,0
BLCV.US,D,20240419,000000,30.087,30.087,30.087,30.087,469,0
BLCV.US,D,20240422,000000,30.1299,30.2423,30.1299,30.2423,163,0
BLCV.US,D,20240423,000000,30.5499,30.555,30.4777,30.4777,1569,0
BLCV.US,D,20240424,000000,30.5887,30.5887,30.5887,30.5887,194,0
BLCV.US,D,20240425,000000,30.3849,30.3849,30.3849,30.3849,15,0
BLCV.US,D,20240426,000000,30.5417,30.5417,30.5417,30.5417,68,0
BLCV.US,D,20240429,000000,30.61,30.6268,30.61,30.6268,324,0
BLCV.US,D,20240430,000000,30.4102,30.4102,30.3322,30.3322,420,0
BLCV.US,D,20240501,000000,30.23,30.23,30.2066,30.2066,377,0
BLCV.US,D,20240502,000000,30.37,30.3736,30.36,30.3736,347,0
BLCV.US,D,20240503,000000,30.435,30.5434,30.4255,30.5434,889,0
BLCV.US,D,20240506,000000,30.708,30.7724,30.708,30.7724,1582,0
BLCV.US,D,20240507,000000,30.9526,30.9526,30.9526,30.9526,19,0
BLCV.US,D,20240508,000000,31.0142,31.0142,31.0142,31.0142,172,0
BLCV.US,D,20240509,000000,31.2653,31.2653,31.2653,31.2653,81,0
BLCV.US,D,20240510,000000,31.34,31.35,31.33,31.33,1779,0
BLCV.US,D,20240513,000000,31.2901,31.2901,31.263,31.263,1663,0
BLCV.US,D,20240514,000000,31.3426,31.3808,31.3426,31.3808,300,0
BLCV.US,D,20240515,000000,31.554,31.554,31.554,31.554,63,0
BLCV.US,D,20240516,000000,31.5556,31.5556,31.5556,31.5556,50,0
BLCV.US,D,20240517,000000,31.521,31.521,31.521,31.521,150,0
BLCV.US,D,20240520,000000,31.53,31.57,31.4206,31.4206,1779,0
BLCV.US,D,20240521,000000,31.54,31.56,31.5,31.5246,72293,0
BLCV.US,D,20240522,000000,31.48,31.48,31.26,31.3387,316,0
BLCV.US,D,20240523,000000,31.15,31.15,30.948,30.948,316,0
BLCV.US,D,20240524,000000,31.1146,31.14,31.1123,31.1123,450,0
BLCV.US,D,20240528,000000,30.99,30.99,30.81,30.8145,442,0
BLCV.US,D,20240529,000000,30.5747,30.5747,30.5682,30.5682,519,0
BLCV.US,D,20240530,000000,30.96,30.96,30.68,30.6868,1902,0
BLCV.US,D,20240531,000000,30.81,31.1681,30.81,31.1681,136,0
BLCV.US,D,20240603,000000,31.1222,31.1222,31.1072,31.1222,572,0
BLCV.US,D,20240604,000000,31.12,31.12,31.0339,31.0339,173,0
BLCV.US,D,20240605,000000,31.0385,31.0385,31.0385,31.0385,189,0
BLCV.US,D,20240606,000000,31.03,31.03,30.96,30.96,1026,0
BLCV.US,D,20240607,000000,30.9101,30.9138,30.9101,30.9138,261,0
BLCV.US,D,20240610,000000,30.72,30.8462,30.72,30.8462,467,0
BLCV.US,D,20240611,000000,30.5529,30.5529,30.5372,30.5372,941,0
BLCV.US,D,20240612,000000,30.5977,30.5977,30.5977,30.5977,157,0
BLCV.US,D,20240613,000000,30.4512,30.4512,30.4512,30.4512,77,0
BLCV.US,D,20240614,000000,30.1,30.2092,30.1,30.2092,356,0
BLCV.US,D,20240617,000000,30.19,30.4012,30.19,30.4012,2691,0
BLCV.US,D,20240618,000000,30.48,30.4848,30.48,30.4848,287,0
BLCV.US,D,20240620,000000,30.47,30.6323,30.47,30.6323,307,0
BLCV.US,D,20240621,000000,30.6529,30.6778,30.6529,30.6778,185,0
