<TICKER>,<PER>,<DATE>,<TIME>,<OPEN>,<HIGH>,<LOW>,<CLOSE>,<VOL>,<OPENINT>
BSMC.US,D,20231010,000000,25.5468,25.5468,25.4951,25.4951,1449,0
BSMC.US,D,20231011,000000,25.37,25.4252,25.37,25.4252,142,0
BSMC.US,D,20231012,000000,25.145,25.26,25.01,25.0701,4641,0
BSMC.US,D,20231013,000000,24.97,24.99,24.9378,24.9378,6447,0
BSMC.US,D,20231016,000000,25.12,25.2759,25.12,25.2759,326,0
BSMC.US,D,20231017,000000,25.62,25.62,25.556,25.556,13964,0
BSMC.US,D,20231018,000000,25.329,25.329,25.2218,25.2218,11676,0
BSMC.US,D,20231019,000000,25.1097,25.18,25.005,25.005,22878,0
BSMC.US,D,20231020,000000,24.89,24.89,24.7402,24.7402,12906,0
BSMC.US,D,20231023,000000,24.64,24.68,24.48,24.5028,10416,0
BSMC.US,D,20231024,000000,24.53,24.5875,24.53,24.5875,10647,0
BSMC.US,D,20231025,000000,24.405,24.46,24.3746,24.3746,17366,0
BSMC.US,D,20231026,000000,24.56,24.56,24.44,24.4599,16247,0
BSMC.US,D,20231027,000000,24.4182,24.4182,24.1891,24.1891,11750,0
BSMC.US,D,20231030,000000,24.17,24.295,24.17,24.295,11957,0
BSMC.US,D,20231031,000000,24.425,24.4594,24.4,24.4594,20281,0
BSMC.US,D,20231101,000000,24.56,24.655,24.53,24.655,12634,0
BSMC.US,D,20231102,000000,24.8,24.99,24.8,24.98,18135,0
BSMC.US,D,20231103,000000,25.53,25.61,25.4,25.4809,24280,0
BSMC.US,D,20231106,000000,25.31,25.3252,25.31,25.3252,11231,0
BSMC.US,D,20231107,000000,25.32,25.32,25.245,25.2557,8099,0
BSMC.US,D,20231108,000000,25.11,25.1271,25.11,25.1271,15173,0
BSMC.US,D,20231109,000000,25,25,24.8423,24.8423,22646,0
BSMC.US,D,20231110,000000,24.8,25.0293,24.8,25.0293,19307,0
BSMC.US,D,20231113,000000,24.99,25.04,24.99,25.04,20645,0
BSMC.US,D,20231114,000000,25.71,25.8205,25.71,25.8205,11312,0
BSMC.US,D,20231115,000000,26.13,26.13,25.9886,25.9886,14637,0
BSMC.US,D,20231116,000000,25.74,25.74,25.6501,25.7309,15239,0
BSMC.US,D,20231117,000000,25.8838,25.8838,25.79,25.8558,15938,0
BSMC.US,D,20231120,000000,25.86,25.9501,25.84,25.9501,10992,0
BSMC.US,D,20231121,000000,25.8665,25.8665,25.7897,25.7897,21736,0
BSMC.US,D,20231122,000000,25.96,25.96,25.9291,25.9291,15560,0
BSMC.US,D,20231124,000000,26.06,26.06,26.0215,26.0215,10611,0
BSMC.US,D,20231127,000000,25.96,25.9752,25.95,25.9752,10287,0
BSMC.US,D,20231128,000000,25.95,25.95,25.8484,25.8484,31323,0
BSMC.US,D,20231129,000000,25.96,25.96,25.8635,25.8635,15904,0
BSMC.US,D,20231130,000000,25.972,26.03,25.9601,26.0289,10282,0
BSMC.US,D,20231201,000000,26.18,26.4991,26.18,26.4991,13948,0
BSMC.US,D,20231204,000000,26.64,26.7194,26.64,26.7194,7960,0
BSMC.US,D,20231205,000000,26.58,26.58,26.4436,26.4436,13466,0
BSMC.US,D,20231206,000000,26.695,26.695,26.4307,26.4307,16732,0
BSMC.US,D,20231207,000000,26.53,26.6352,26.53,26.6352,25227,0
BSMC.US,D,20231208,000000,26.7168,26.7168,26.6,26.695,8297,0
BSMC.US,D,20231211,000000,26.73,26.77,26.73,26.7666,10814,0
BSMC.US,D,20231212,000000,26.7915,26.8707,26.7915,26.8707,11461,0
BSMC.US,D,20231213,000000,26.94,27.5007,26.9,27.5007,17698,0
BSMC.US,D,20231214,000000,27.925,28.0494,27.78,27.8015,4423,0
BSMC.US,D,20231215,000000,27.7,27.7,27.5717,27.5717,28739,0
BSMC.US,D,20231218,000000,27.56,27.56,27.5511,27.5511,9573,0
BSMC.US,D,20231219,000000,27.78,27.92,27.78,27.8698,7258,0
BSMC.US,D,20231220,000000,27.89,27.89,27.4713,27.4713,14223,0
BSMC.US,D,20231221,000000,27.7,27.812,27.7,27.812,13775,0
BSMC.US,D,20231222,000000,27.98,27.98,27.9368,27.9368,12184,0
BSMC.US,D,20231226,000000,28,28.0815,28,28.0815,3892,0
BSMC.US,D,20231227,000000,28.075,28.09,28.0165,28.0165,17731,0
BSMC.US,D,20231228,000000,28.06,28.06,27.97,28.0377,12472,0
BSMC.US,D,20231229,000000,27.93,27.93,27.9094,27.9094,10728,0
BSMC.US,D,20240102,000000,27.98,27.98,27.8576,27.8576,4363,0
BSMC.US,D,20240103,000000,27.6,27.6164,27.3891,27.3891,38496,0
BSMC.US,D,20240104,000000,27.42,27.4203,27.3573,27.3573,11837,0
BSMC.US,D,20240105,000000,27.53,27.53,27.4,27.4875,22918,0
BSMC.US,D,20240108,000000,27.75,27.7837,27.6901,27.7802,18106,0
BSMC.US,D,20240109,000000,27.5203,27.62,27.5203,27.5618,13669,0
BSMC.US,D,20240110,000000,27.52,27.68,27.49,27.6325,16050,0
BSMC.US,D,20240111,000000,27.3896,27.553,27.3896,27.553,11348,0
BSMC.US,D,20240112,000000,27.5401,27.55,27.5394,27.5394,10494,0
BSMC.US,D,20240116,000000,27.305,27.305,27.22,27.248,16016,0
BSMC.US,D,20240117,000000,27.14,27.145,27.0989,27.0989,13809,0
BSMC.US,D,20240118,000000,27.05,27.2507,27,27.2507,8863,0
BSMC.US,D,20240119,000000,27.08,27.3777,27.08,27.3777,8918,0
BSMC.US,D,20240122,000000,27.6614,27.6634,27.57,27.6464,19979,0
BSMC.US,D,20240123,000000,27.59,27.6705,27.54,27.6087,11701,0
BSMC.US,D,20240124,000000,27.71,27.71,27.4929,27.5025,4804,0
BSMC.US,D,20240125,000000,27.635,27.758,27.635,27.758,458,0
BSMC.US,D,20240126,000000,27.82,27.8535,27.8057,27.8535,27871,0
BSMC.US,D,20240129,000000,27.76,27.9673,27.7399,27.9673,4797,0
BSMC.US,D,20240130,000000,27.865,27.885,27.84,27.8709,12072,0
BSMC.US,D,20240131,000000,27.8314,27.86,27.4484,27.4484,14330,0
BSMC.US,D,20240201,000000,27.3902,27.7407,27.3902,27.7407,18410,0
BSMC.US,D,20240202,000000,27.43,27.518,27.43,27.518,11576,0
BSMC.US,D,20240205,000000,27.39,27.39,27.19,27.3409,12754,0
BSMC.US,D,20240206,000000,27.5545,27.585,27.53,27.5398,10624,0
BSMC.US,D,20240207,000000,27.441,27.5,27.3908,27.4206,13914,0
BSMC.US,D,20240208,000000,27.36,27.4883,27.31,27.4883,10785,0
BSMC.US,D,20240209,000000,27.4115,27.5479,27.39,27.5479,10976,0
BSMC.US,D,20240212,000000,27.79,28.0329,27.79,28.0329,11238,0
BSMC.US,D,20240213,000000,27.66,27.66,27.3157,27.3157,10969,0
BSMC.US,D,20240214,000000,27.59,27.8098,27.56,27.8098,11669,0
BSMC.US,D,20240215,000000,28.19,28.3333,28.156,28.3102,18825,0
BSMC.US,D,20240216,000000,28.26,28.26,28.206,28.206,15425,0
BSMC.US,D,20240220,000000,28.2396,28.2396,28.1103,28.1233,7247,0
BSMC.US,D,20240221,000000,28.0565,28.1292,28.0114,28.1292,10928,0
BSMC.US,D,20240222,000000,28.14,28.302,28.14,28.302,10947,0
BSMC.US,D,20240223,000000,28.38,28.54,28.335,28.525,31374,0
BSMC.US,D,20240226,000000,28.5,28.5,28.444,28.444,7706,0
BSMC.US,D,20240227,000000,28.56,28.585,28.5192,28.585,22235,0
BSMC.US,D,20240228,000000,28.53,28.5529,28.4312,28.4343,16521,0
BSMC.US,D,20240229,000000,28.53,28.5786,28.53,28.5786,13102,0
BSMC.US,D,20240301,000000,28.7,28.7293,28.7,28.7293,15045,0
BSMC.US,D,20240304,000000,27.61,28.7935,27.61,28.7215,8821,0
BSMC.US,D,20240305,000000,28.65,28.6501,28.51,28.51,11629,0
BSMC.US,D,20240306,000000,28.55,28.66,28.55,28.6292,9722,0
BSMC.US,D,20240307,000000,28.86,28.8945,28.8001,28.845,12281,0
BSMC.US,D,20240308,000000,28.89,29.0702,28.89,28.9881,10298,0
BSMC.US,D,20240311,000000,28.82,28.9505,28.82,28.9505,12446,0
BSMC.US,D,20240312,000000,28.93,29.0383,28.93,29.0383,13954,0
BSMC.US,D,20240313,000000,29.21,29.23,29.1484,29.1484,14226,0
BSMC.US,D,20240314,000000,28.91,28.915,28.9054,28.9054,9990,0
BSMC.US,D,20240315,000000,29.04,29.04,29.0258,29.0258,10328,0
BSMC.US,D,20240318,000000,29.09,29.09,28.915,28.943,1681,0
BSMC.US,D,20240319,000000,28.965,29.0997,28.92,29.0997,17051,0
BSMC.US,D,20240320,000000,29.1155,29.4059,29.09,29.4059,10185,0
BSMC.US,D,20240321,000000,29.58,29.6557,29.58,29.6557,7125,0
BSMC.US,D,20240322,000000,29.58,29.58,29.4375,29.4375,11273,0
BSMC.US,D,20240325,000000,29.47,29.515,29.4349,29.4349,9379,0
BSMC.US,D,20240326,000000,29.41,29.41,29.2921,29.2921,14234,0
BSMC.US,D,20240327,000000,29.53,29.7223,29.52,29.7223,11394,0
BSMC.US,D,20240328,000000,29.87,29.89,29.8587,29.8587,13916,0
BSMC.US,D,20240401,000000,29.86,29.86,29.6096,29.6096,9545,0
BSMC.US,D,20240402,000000,29.48,29.48,29.19,29.2547,13311,0
BSMC.US,D,20240403,000000,29.38,29.38,29.3,29.3,12475,0
BSMC.US,D,20240404,000000,29.63,29.63,29.2123,29.2123,10604,0
BSMC.US,D,20240405,000000,29.08,29.219,29.08,29.1895,3014,0
BSMC.US,D,20240408,000000,29.295,29.3999,29.295,29.3029,12765,0
BSMC.US,D,20240409,000000,29.375,29.4418,29.375,29.4418,13515,0
BSMC.US,D,20240410,000000,29.1,29.1,28.93,28.969,6976,0
BSMC.US,D,20240411,000000,28.99,28.99,28.751,28.9681,12457,0
BSMC.US,D,20240412,000000,28.65,28.65,28.4483,28.4966,5544,0
BSMC.US,D,20240415,000000,28.47,28.4701,28.251,28.3076,6741,0
BSMC.US,D,20240416,000000,28.25,28.25,28.06,28.2071,16667,0
BSMC.US,D,20240417,000000,28.28,28.28,28.074,28.074,11250,0
BSMC.US,D,20240418,000000,28.175,28.175,28.02,28.095,11896,0
BSMC.US,D,20240419,000000,28.2556,28.2556,28.1869,28.1869,5807,0
BSMC.US,D,20240422,000000,28.3915,28.535,28.3311,28.4436,6988,0
BSMC.US,D,20240423,000000,28.74,28.865,28.74,28.8088,9567,0
BSMC.US,D,20240424,000000,28.75,28.8424,28.7103,28.8424,10140,0
BSMC.US,D,20240425,000000,28.4919,28.59,28.43,28.57,17815,0
BSMC.US,D,20240426,000000,28.827,28.8575,28.7766,28.7766,10111,0
BSMC.US,D,20240429,000000,29.1101,29.1101,29.0722,29.091,16790,0
BSMC.US,D,20240430,000000,28.9,28.9,28.6491,28.6491,10758,0
BSMC.US,D,20240501,000000,28.66,28.89,28.65,28.6974,11116,0
BSMC.US,D,20240502,000000,28.6,28.73,28.6,28.69,11481,0
BSMC.US,D,20240503,000000,28.85,28.85,28.82,28.84,10961,0
BSMC.US,D,20240506,000000,29.1101,29.1101,29.0484,29.1048,8878,0
BSMC.US,D,20240507,000000,29.2532,29.2532,29.1842,29.1842,12910,0
BSMC.US,D,20240508,000000,29.32,29.365,29.26,29.365,10474,0
BSMC.US,D,20240509,000000,29.35,29.5591,29.35,29.54,17477,0
BSMC.US,D,20240510,000000,29.45,29.45,29.36,29.43,10825,0
BSMC.US,D,20240513,000000,29.6661,29.67,29.49,29.49,9226,0
BSMC.US,D,20240514,000000,29.7351,29.7351,29.65,29.71,3546,0
BSMC.US,D,20240515,000000,29.8,29.84,29.76,29.82,20517,0
BSMC.US,D,20240516,000000,29.8274,29.89,29.8274,29.864,11958,0
BSMC.US,D,20240517,000000,29.86,29.8774,29.79,29.8774,12345,0
BSMC.US,D,20240520,000000,29.84,29.85,29.7,29.7,12646,0
BSMC.US,D,20240521,000000,29.6489,29.67,29.611,29.6666,7726,0
BSMC.US,D,20240522,000000,29.5719,29.62,29.47,29.49,12673,0
BSMC.US,D,20240523,000000,29.345,29.345,29.0301,29.1152,5734,0
BSMC.US,D,20240524,000000,29.2142,29.2543,29.18,29.2105,12784,0
BSMC.US,D,20240528,000000,29.1598,29.1712,29.03,29.03,8298,0
BSMC.US,D,20240529,000000,28.87,28.87,28.8,28.8223,5162,0
BSMC.US,D,20240530,000000,28.92,29.0854,28.92,29.0854,10955,0
BSMC.US,D,20240531,000000,29.17,29.36,29.14,29.36,15276,0
BSMC.US,D,20240603,000000,29.2564,29.31,29.21,29.2564,8464,0
BSMC.US,D,20240604,000000,29.09,29.1372,28.95,29.0256,13929,0
BSMC.US,D,20240605,000000,29.075,29.18,29.03,29.18,11504,0
BSMC.US,D,20240606,000000,29.2019,29.255,29.19,29.255,10982,0
BSMC.US,D,20240607,000000,29.08,29.27,29.05,29.1221,10641,0
BSMC.US,D,20240610,000000,28.87,29.0894,28.87,29.0611,9380,0
BSMC.US,D,20240611,000000,28.91,29.017,28.8309,29.017,14220,0
BSMC.US,D,20240612,000000,29.39,29.42,29.18,29.2075,11348,0
BSMC.US,D,20240613,000000,29.0399,29.0399,28.985,29.0061,7101,0
BSMC.US,D,20240614,000000,28.64,28.68,28.63,28.6448,15946,0
BSMC.US,D,20240617,000000,28.57,28.8115,28.5001,28.8115,11671,0
BSMC.US,D,20240618,000000,28.8,28.9114,28.8,28.8261,13534,0
BSMC.US,D,20240620,000000,28.89,28.9,28.8227,28.8227,19975,0
BSMC.US,D,20240621,000000,28.87,28.9847,28.83,28.9847,16048,0
