<TICKER>,<PER>,<DATE>,<TIME>,<OPEN>,<HIGH>,<LOW>,<CLOSE>,<VOL>,<OPENINT>
BSR.US,D,20230419,000000,24.97,25.0035,24.97,25.0035,5000,0
BSR.US,D,20230420,000000,25.03,25.03,24.9842,24.9842,5201,0
BSR.US,D,20230421,000000,24.95,25.039,24.95,24.9839,5506,0
BSR.US,D,20230424,000000,25,25.0382,25,25.0382,5614,0
BSR.US,D,20230425,000000,25,25,24.88,24.8854,6200,0
BSR.US,D,20230426,000000,24.89,24.89,24.7791,24.7791,6000,0
BSR.US,D,20230427,000000,24.88,25.031,24.88,25.031,6200,0
BSR.US,D,20230428,000000,25.11,25.1944,25.11,25.1944,6401,0
BSR.US,D,20230501,000000,25.13,25.13,25.0838,25.0838,6617,0
BSR.US,D,20230502,000000,24.97,25.0787,24.97,25.0787,6818,0
BSR.US,D,20230503,000000,25.12,25.12,25.026,25.026,7050,0
BSR.US,D,20230504,000000,24.93,24.93,24.9003,24.9003,7414,0
BSR.US,D,20230505,000000,25.01,25.0857,25.01,25.0857,7525,0
BSR.US,D,20230508,000000,25.0899,25.0899,25.04,25.0445,10600,0
BSR.US,D,20230509,000000,25.11,25.11,24.9806,24.9806,9099,0
BSR.US,D,20230510,000000,25.04,25.085,25.04,25.085,8407,0
BSR.US,D,20230511,000000,25.09,25.115,25.09,25.115,8700,0
BSR.US,D,20230512,000000,25.07,25.07,25.0279,25.045,10008,0
BSR.US,D,20230515,000000,25.05,25.0654,25.05,25.0654,9300,0
BSR.US,D,20230516,000000,24.98,24.98,24.9754,24.9754,9600,0
BSR.US,D,20230517,000000,25.02,25.14,25.02,25.1301,13598,0
BSR.US,D,20230518,000000,25.13,25.195,25.13,25.195,10212,0
BSR.US,D,20230519,000000,25.14,25.14,25.112,25.112,10600,0
BSR.US,D,20230522,000000,25.11,25.1572,25.075,25.075,11498,0
BSR.US,D,20230523,000000,25.03,25.03,24.9415,24.9415,11400,0
BSR.US,D,20230524,000000,24.8,24.8037,24.8,24.8037,11810,0
BSR.US,D,20230525,000000,24.82,24.82,24.813,24.813,12200,0
BSR.US,D,20230526,000000,24.97,25.0262,24.97,25.0262,12605,0
BSR.US,D,20230530,000000,25.06,25.06,25.0567,25.0567,13000,0
BSR.US,D,20230531,000000,24.95,25.0098,24.95,25.0098,13500,0
BSR.US,D,20230601,000000,25.08,25.1605,25.08,25.1605,14000,0
BSR.US,D,20230602,000000,25.37,25.43,25.37,25.43,14600,0
BSR.US,D,20230605,000000,25.4,25.4,25.37,25.37,15100,0
BSR.US,D,20230606,000000,25.41,25.48,25.41,25.48,15600,0
BSR.US,D,20230607,000000,25.56,25.58,25.3933,25.3933,29550,0
BSR.US,D,20230608,000000,25.46,25.46,25.46,25.46,100,0
BSR.US,D,20230609,000000,25.49,25.49,25.43,25.43,16700,0
BSR.US,D,20230612,000000,25.5,25.59,25.5,25.59,17300,0
BSR.US,D,20230613,000000,25.72,25.7204,25.72,25.7204,17852,0
BSR.US,D,20230614,000000,25.81,25.81,25.7332,25.7332,18400,0
BSR.US,D,20230615,000000,25.84,25.9648,25.84,25.9648,19000,0
BSR.US,D,20230616,000000,25.89,25.8947,25.89,25.8947,19700,0
BSR.US,D,20230620,000000,25.8,25.845,25.8,25.845,20401,0
BSR.US,D,20230621,000000,25.75,25.7881,25.75,25.7881,22401,0
BSR.US,D,20230622,000000,25.75,25.7731,25.72,25.7731,21999,0
BSR.US,D,20230623,000000,25.68,25.701,25.68,25.701,22601,0
BSR.US,D,20230626,000000,25.71,25.71,25.6711,25.6711,23400,0
BSR.US,D,20230627,000000,25.81,25.862,25.81,25.862,24200,0
BSR.US,D,20230628,000000,25.86,25.8862,25.86,25.8862,25000,0
BSR.US,D,20230629,000000,25.85,25.8737,25.85,25.8737,25900,0
BSR.US,D,20230630,000000,26.04,26.12,26.04,26.1199,27301,0
BSR.US,D,20230703,000000,26.11,26.11,26.07,26.11,27828,0
BSR.US,D,20230705,000000,26.02,26.02,25.9881,25.9881,28700,0
BSR.US,D,20230706,000000,25.76,25.7762,25.76,25.7762,29700,0
BSR.US,D,20230707,000000,25.86,25.86,25.7819,25.7819,30700,0
BSR.US,D,20230710,000000,25.82,25.865,25.82,25.865,31801,0
BSR.US,D,20230711,000000,25.95,26.0247,25.95,26.0247,32900,0
BSR.US,D,20230712,000000,26.2,26.23,26.2,26.23,34135,0
BSR.US,D,20230713,000000,26.39,26.4356,26.39,26.4356,35305,0
BSR.US,D,20230714,000000,26.36,26.36,26.3197,26.3197,36500,0
BSR.US,D,20230717,000000,26.3869,26.3869,26.3869,26.3869,1,0
BSR.US,D,20230718,000000,26.5,26.5007,26.5,26.5007,10899,0
BSR.US,D,20230719,000000,26.5,26.57,26.5,26.57,282,0
BSR.US,D,20230720,000000,26.38,26.38,26.38,26.38,1,0
BSR.US,D,20230721,000000,26.3487,26.3487,26.3487,26.3487,10,0
BSR.US,D,20230724,000000,26.3729,26.3729,26.3729,26.3729,33,0
BSR.US,D,20230725,000000,26.42,26.42,26.42,26.42,1,0
BSR.US,D,20230726,000000,26.454,26.454,26.454,26.454,1,0
BSR.US,D,20230727,000000,26.2395,26.2395,26.2395,26.2395,11,0
BSR.US,D,20230728,000000,26.4621,26.4747,26.455,26.4747,1980,0
BSR.US,D,20230731,000000,26.58,26.58,26.5734,26.5734,2204,0
BSR.US,D,20230801,000000,26.5005,26.5005,26.5005,26.5005,1,0
BSR.US,D,20230802,000000,26.2222,26.2222,26.2222,26.2222,2,0
BSR.US,D,20230803,000000,26.1629,26.1629,26.1629,26.1629,1,0
BSR.US,D,20230804,000000,26.104,26.104,26.104,26.104,1,0
BSR.US,D,20230807,000000,26.267,26.267,26.267,26.267,2,0
BSR.US,D,20230808,000000,26.1751,26.1751,26.1751,26.1751,8,0
BSR.US,D,20230809,000000,26.0809,26.0809,26.0809,26.0809,1,0
BSR.US,D,20230810,000000,26.0666,26.0666,26.0666,26.0666,1,0
BSR.US,D,20230811,000000,26.0487,26.0487,26.0487,26.0487,11,0
BSR.US,D,20230814,000000,26.0595,26.0595,26.0595,26.0595,11,0
BSR.US,D,20230815,000000,25.7895,25.7895,25.7895,25.7895,11,0
BSR.US,D,20230816,000000,25.6071,25.6071,25.6071,25.6071,11,0
BSR.US,D,20230817,000000,25.4744,25.4744,25.4744,25.4744,11,0
BSR.US,D,20230818,000000,25.4838,25.4838,25.4838,25.4838,11,0
BSR.US,D,20230821,000000,25.5071,25.5071,25.5071,25.5071,11,0
BSR.US,D,20230822,000000,25.4444,25.4444,25.4444,25.4444,4,0
BSR.US,D,20230823,000000,25.6499,25.6499,25.6361,25.6361,129,0
BSR.US,D,20230824,000000,25.4253,25.4253,25.4253,25.4253,11,0
BSR.US,D,20230825,000000,25.5285,25.5285,25.5285,25.5285,11,0
BSR.US,D,20230828,000000,25.6785,25.6785,25.6785,25.6785,1,0
BSR.US,D,20230829,000000,25.9758,25.9758,25.9758,25.9758,1,0
BSR.US,D,20230830,000000,26.06,26.0623,26.06,26.0623,43204,0
BSR.US,D,20230831,000000,26.0678,26.0678,26.0678,26.0678,1,0
BSR.US,D,20230901,000000,26.1297,26.1297,26.1297,26.1297,1,0
BSR.US,D,20230905,000000,25.9636,25.9636,25.9636,25.9636,31,0
BSR.US,D,20230906,000000,25.8516,25.8516,25.8516,25.8516,1,0
BSR.US,D,20230907,000000,25.8141,25.8141,25.8141,25.8141,1,0
BSR.US,D,20230908,000000,25.8256,25.8256,25.8256,25.8256,1,0
BSR.US,D,20230911,000000,25.9213,25.9213,25.9213,25.9213,12,0
BSR.US,D,20230912,000000,25.9017,25.9017,25.9017,25.9017,1,0
BSR.US,D,20230913,000000,25.855,25.855,25.8462,25.8462,230,0
BSR.US,D,20230914,000000,26.0857,26.0857,26.0857,26.0857,1,0
BSR.US,D,20230915,000000,25.8569,25.8569,25.8569,25.8569,1,0
BSR.US,D,20230918,000000,25.837,25.837,25.837,25.837,1,0
BSR.US,D,20230919,000000,25.7659,25.7659,25.7659,25.7659,1,0
BSR.US,D,20230920,000000,25.612,25.612,25.612,25.612,1,0
BSR.US,D,20230921,000000,25.205,25.205,25.205,25.205,1,0
BSR.US,D,20230922,000000,25.1972,25.1972,25.1423,25.1423,276,0
BSR.US,D,20230925,000000,25.2214,25.2214,25.2214,25.2214,1,0
BSR.US,D,20230926,000000,24.9902,24.9902,24.9902,24.9902,15,0
BSR.US,D,20230927,000000,25.0543,25.0543,25.0543,25.0543,28,0
BSR.US,D,20230928,000000,25.2088,25.2088,25.2088,25.2088,1,0
BSR.US,D,20230929,000000,25.1289,25.1289,25.1289,25.1289,1,0
BSR.US,D,20231002,000000,25.0069,25.0069,25.0069,25.0069,1,0
BSR.US,D,20231003,000000,24.7611,24.7611,24.7611,24.7611,1,0
BSR.US,D,20231004,000000,24.8698,24.8698,24.8698,24.8698,1,0
BSR.US,D,20231005,000000,24.7216,24.8084,24.6917,24.8084,1544,0
BSR.US,D,20231006,000000,24.94,24.94,24.94,24.94,100,0
BSR.US,D,20231009,000000,25.1748,25.1748,25.1748,25.1748,1,0
BSR.US,D,20231010,000000,25.2808,25.2808,25.2808,25.2808,1,0
BSR.US,D,20231011,000000,25.3132,25.3132,25.3132,25.3132,1,0
BSR.US,D,20231012,000000,25.0772,25.18,25.0772,25.16,2022,0
BSR.US,D,20231013,000000,25.0501,25.0755,25.0501,25.0755,1250,0
BSR.US,D,20231016,000000,25.2731,25.2731,25.2731,25.2731,60,0
BSR.US,D,20231017,000000,25.3121,25.3121,25.3121,25.3121,2,0
BSR.US,D,20231018,000000,25.0496,25.0496,25.0496,25.0496,20,0
BSR.US,D,20231019,000000,24.9138,24.9138,24.9138,24.9138,2,0
BSR.US,D,20231020,000000,24.7072,24.7072,24.7072,24.7072,12,0
BSR.US,D,20231023,000000,24.6901,24.6901,24.6315,24.6315,650,0
BSR.US,D,20231024,000000,24.7248,24.7248,24.7248,24.7248,1,0
BSR.US,D,20231025,000000,24.4585,24.4585,24.4585,24.4585,1,0
BSR.US,D,20231026,000000,24.3456,24.3456,24.3456,24.3456,1,0
BSR.US,D,20231027,000000,24.2779,24.2779,24.2779,24.2779,1,0
BSR.US,D,20231030,000000,24.4081,24.4081,24.4081,24.4081,1,0
BSR.US,D,20231031,000000,24.4499,24.4499,24.4164,24.4164,194,0
BSR.US,D,20231101,000000,24.54,24.54,24.54,24.54,49,0
BSR.US,D,20231102,000000,24.695,24.695,24.695,24.695,120,0
BSR.US,D,20231103,000000,24.8054,24.8054,24.8054,24.8054,1,0
BSR.US,D,20231106,000000,24.7196,24.735,24.7196,24.735,122,0
BSR.US,D,20231107,000000,24.7406,24.7406,24.7406,24.7406,1,0
BSR.US,D,20231108,000000,24.73,24.73,24.73,24.73,1,0
BSR.US,D,20231109,000000,24.645,24.645,24.645,24.645,123,0
BSR.US,D,20231110,000000,24.75,24.7898,24.75,24.7603,744,0
BSR.US,D,20231113,000000,24.77,24.77,24.77,24.77,1,0
BSR.US,D,20231114,000000,24.9951,24.9951,24.9951,24.9951,7,0
BSR.US,D,20231115,000000,25.15,25.15,24.965,24.965,1045,0
BSR.US,D,20231116,000000,24.9741,24.9741,24.9741,24.9741,3,0
BSR.US,D,20231117,000000,25.015,25.015,25.015,25.015,1,0
BSR.US,D,20231120,000000,25.0824,25.0824,25.0824,25.0824,132,0
BSR.US,D,20231121,000000,25.065,25.065,25.065,25.065,94,0
BSR.US,D,20231122,000000,25.0949,25.0949,25.0949,25.0949,3,0
BSR.US,D,20231124,000000,25.075,25.075,25.075,25.075,1,0
BSR.US,D,20231127,000000,25.0857,25.0857,25.0857,25.0857,4,0
BSR.US,D,20231128,000000,25.125,25.145,25.08,25.145,244,0
BSR.US,D,20231129,000000,25.1563,25.1563,25.1563,25.1563,8,0
BSR.US,D,20231130,000000,25.138,25.138,25.138,25.138,20,0
BSR.US,D,20231201,000000,25.3005,25.3005,25.3005,25.3005,1,0
BSR.US,D,20231204,000000,25.215,25.215,25.215,25.215,1,0
BSR.US,D,20231205,000000,25.15,25.15,25.15,25.15,1,0
BSR.US,D,20231206,000000,25.09,25.09,25.0894,25.0894,173,0
BSR.US,D,20231207,000000,25.1989,25.1989,25.1989,25.1989,1,0
BSR.US,D,20231208,000000,25.2485,25.2485,25.2485,25.2485,1,0
BSR.US,D,20231211,000000,25.2911,25.2911,25.2911,25.2911,1,0
BSR.US,D,20231212,000000,25.3251,25.3251,25.3251,25.3251,1,0
BSR.US,D,20231213,000000,25.3,25.7047,25.3,25.7047,1128,0
BSR.US,D,20231214,000000,26.0364,26.0364,26.0364,26.0364,1,0
BSR.US,D,20231215,000000,25.9961,25.9961,25.9961,25.9961,1,0
BSR.US,D,20231218,000000,26.0474,26.0474,26.0474,26.0474,2,0
BSR.US,D,20231219,000000,26.2165,26.2165,26.2165,26.2165,3,0
BSR.US,D,20231220,000000,25.9956,25.9956,25.9956,25.9956,2,0
BSR.US,D,20231221,000000,26.1653,26.1653,26.1653,26.1653,42,0
BSR.US,D,20231222,000000,26.23,26.23,26.1856,26.1856,1444,0
BSR.US,D,20231226,000000,26.033,26.033,26.033,26.033,2,0
BSR.US,D,20231227,000000,26.1138,26.1138,26.1138,26.1138,8,0
BSR.US,D,20231228,000000,26.0741,26.0741,26.0741,26.0741,1,0
BSR.US,D,20231229,000000,25.9291,25.9291,25.9291,25.9291,15,0
BSR.US,D,20240102,000000,25.785,25.785,25.785,25.785,2,0
BSR.US,D,20240103,000000,25.5809,25.5809,25.5809,25.5809,6,0
BSR.US,D,20240104,000000,25.4585,25.4585,25.4585,25.4585,10,0
BSR.US,D,20240105,000000,25.4645,25.4645,25.4645,25.4645,10,0
BSR.US,D,20240108,000000,25.16,25.7028,25.16,25.7028,368,0
BSR.US,D,20240109,000000,25.5873,25.5873,25.5873,25.5873,10,0
BSR.US,D,20240110,000000,25.6255,25.6255,25.6255,25.6255,10,0
BSR.US,D,20240111,000000,25.6054,25.6054,25.6054,25.6054,4,0
BSR.US,D,20240112,000000,25.6284,25.6284,25.6278,25.6278,2205,0
BSR.US,D,20240116,000000,25.3951,25.3951,25.3951,25.3951,2,0
BSR.US,D,20240117,000000,25.245,25.245,25.245,25.245,21,0
BSR.US,D,20240118,000000,25.3459,25.3459,25.3459,25.3459,10,0
BSR.US,D,20240119,000000,25.5551,25.5551,25.5551,25.5551,58,0
BSR.US,D,20240122,000000,25.6888,25.6888,25.6888,25.6888,132,0
BSR.US,D,20240123,000000,25.6956,25.6956,25.6956,25.6956,10,0
BSR.US,D,20240124,000000,25.6274,25.6274,25.6274,25.6274,20,0
BSR.US,D,20240125,000000,25.7881,25.7881,25.7881,25.7881,7,0
BSR.US,D,20240126,000000,25.81,25.8303,25.81,25.8303,199,0
BSR.US,D,20240129,000000,25.8638,26.0105,25.8638,26.0105,964,0
BSR.US,D,20240130,000000,26.0284,26.0284,26.0284,26.0284,49,0
BSR.US,D,20240131,000000,25.7215,25.7215,25.7215,25.7215,11,0
BSR.US,D,20240201,000000,25.895,25.9682,25.82,25.9682,3949,0
BSR.US,D,20240202,000000,26.16,26.16,26.1172,26.1172,607,0
BSR.US,D,20240205,000000,25.8532,25.8532,25.8532,25.8532,5,0
BSR.US,D,20240206,000000,25.9802,25.9802,25.9802,25.9802,7,0
BSR.US,D,20240207,000000,26.0836,26.0836,26.0836,26.0836,7,0
BSR.US,D,20240208,000000,26.0879,26.1448,26.0879,26.1448,160,0
BSR.US,D,20240209,000000,26.2119,26.2119,26.2119,26.2119,7,0
BSR.US,D,20240212,000000,26.2851,26.2851,26.2851,26.2851,7,0
BSR.US,D,20240213,000000,25.854,25.87,25.854,25.8632,200,0
BSR.US,D,20240214,000000,26.118,26.118,26.118,26.118,7,0
BSR.US,D,20240215,000000,26.4325,26.4325,26.4325,26.4325,7,0
BSR.US,D,20240216,000000,26.3072,26.3072,26.3072,26.3072,22,0
BSR.US,D,20240220,000000,26.149,26.149,26.149,26.149,7,0
BSR.US,D,20240221,000000,26.2246,26.2246,26.2246,26.2246,7,0
BSR.US,D,20240222,000000,26.4763,26.5351,26.4763,26.5351,2264,0
BSR.US,D,20240223,000000,26.5787,26.5787,26.5787,26.5787,7,0
BSR.US,D,20240226,000000,26.4931,26.4931,26.4931,26.4931,7,0
BSR.US,D,20240227,000000,26.5299,26.5299,26.5299,26.5299,7,0
BSR.US,D,20240228,000000,26.5164,26.5164,26.5164,26.5164,7,0
BSR.US,D,20240229,000000,26.6999,26.6999,26.6926,26.6926,107,0
BSR.US,D,20240301,000000,26.8647,26.8647,26.8647,26.8647,7,0
BSR.US,D,20240304,000000,26.81,26.81,26.81,26.81,17,0
BSR.US,D,20240305,000000,26.6626,26.6626,26.6626,26.6626,3,0
BSR.US,D,20240306,000000,26.7776,26.7776,26.7776,26.7776,31,0
BSR.US,D,20240307,000000,26.9789,26.9789,26.9789,26.9789,7,0
BSR.US,D,20240308,000000,26.9135,26.9135,26.9135,26.9135,7,0
BSR.US,D,20240311,000000,26.9063,26.9063,26.9063,26.9063,7,0
BSR.US,D,20240312,000000,27.0567,27.0567,27.0567,27.0567,7,0
BSR.US,D,20240313,000000,27.0688,27.0688,27.0688,27.0688,7,0
BSR.US,D,20240314,000000,26.8982,26.8982,26.8982,26.8982,7,0
BSR.US,D,20240315,000000,26.8318,26.8318,26.8318,26.8318,7,0
BSR.US,D,20240318,000000,26.938,26.938,26.938,26.938,14,0
BSR.US,D,20240319,000000,26.9281,27.0791,26.9281,27.0791,283,0
BSR.US,D,20240320,000000,27.295,27.295,27.295,27.295,29,0
BSR.US,D,20240321,000000,27.4546,27.4546,27.4546,27.4546,20,0
BSR.US,D,20240322,000000,27.38,27.38,27.34,27.3448,568,0
BSR.US,D,20240325,000000,27.2739,27.2739,27.2739,27.2739,7,0
BSR.US,D,20240326,000000,27.41,27.42,27.29,27.29,1203,0
BSR.US,D,20240327,000000,27.3501,27.5374,27.3501,27.5374,1021,0
BSR.US,D,20240328,000000,27.6448,27.6448,27.6448,27.6448,7,0
BSR.US,D,20240401,000000,27.55,27.55,27.5149,27.5149,236,0
BSR.US,D,20240402,000000,27.3334,27.3334,27.3334,27.3334,3,0
BSR.US,D,20240403,000000,27.3821,27.3821,27.3821,27.3821,10,0
BSR.US,D,20240404,000000,27.1402,27.1402,27.1402,27.1402,7,0
BSR.US,D,20240405,000000,27.3708,27.3708,27.3708,27.3708,7,0
BSR.US,D,20240408,000000,27.4218,27.4218,27.386,27.386,135,0
BSR.US,D,20240409,000000,27.4464,27.4464,27.4464,27.4464,25,0
BSR.US,D,20240410,000000,27.1267,27.1267,27.1267,27.1267,19,0
BSR.US,D,20240411,000000,27.1961,27.1961,27.1961,27.1961,12,0
BSR.US,D,20240412,000000,26.7704,26.7704,26.7704,26.7704,12,0
BSR.US,D,20240415,000000,26.5114,26.5114,26.5114,26.5114,40,0
BSR.US,D,20240416,000000,26.3869,26.3869,26.3869,26.3869,1,0
BSR.US,D,20240417,000000,26.315,26.315,26.315,26.315,57,0
BSR.US,D,20240418,000000,26.2857,26.2857,26.2857,26.2857,1,0
BSR.US,D,20240419,000000,26.2776,26.2776,26.2776,26.2776,75,0
BSR.US,D,20240422,000000,26.4611,26.4611,26.4611,26.4611,6,0
BSR.US,D,20240423,000000,26.81,26.81,26.7,26.7185,760,0
BSR.US,D,20240424,000000,26.69,26.7574,26.69,26.7574,1402,0
BSR.US,D,20240425,000000,26.6252,26.6252,26.6252,26.6252,3,0
BSR.US,D,20240426,000000,26.7704,26.7704,26.7704,26.7704,3,0
BSR.US,D,20240429,000000,26.87,26.8827,26.87,26.8827,795,0
BSR.US,D,20240430,000000,26.4994,26.4994,26.4994,26.4994,20,0
BSR.US,D,20240501,000000,26.4707,26.4707,26.4707,26.4707,5,0
BSR.US,D,20240502,000000,26.6548,26.6548,26.6548,26.6548,1,0
BSR.US,D,20240503,000000,26.89,26.89,26.89,26.89,6,0
BSR.US,D,20240506,000000,27.1122,27.1122,27.1122,27.1122,1,0
BSR.US,D,20240507,000000,27.2186,27.2186,27.2186,27.2186,1,0
BSR.US,D,20240508,000000,27.1875,27.1875,27.1875,27.1875,1,0
BSR.US,D,20240509,000000,27.3314,27.4119,27.3314,27.4119,445,0
BSR.US,D,20240510,000000,27.44,27.48,27.4372,27.4372,1144,0
BSR.US,D,20240513,000000,27.39,27.39,27.39,27.39,1,0
BSR.US,D,20240514,000000,27.5259,27.5259,27.5259,27.5259,1,0
BSR.US,D,20240515,000000,27.7537,27.7537,27.7537,27.7537,1,0
BSR.US,D,20240516,000000,27.717,27.717,27.717,27.717,9,0
BSR.US,D,20240517,000000,27.7515,27.7515,27.7515,27.7515,3,0
BSR.US,D,20240520,000000,27.7198,27.7198,27.7198,27.7198,4,0
BSR.US,D,20240521,000000,28.15,28.15,27.7434,27.7434,336,0
BSR.US,D,20240522,000000,27.562,27.562,27.562,27.562,4,0
BSR.US,D,20240523,000000,27.242,27.242,27.242,27.242,20,0
BSR.US,D,20240524,000000,27.43,27.5099,27.3983,27.3983,1765,0
BSR.US,D,20240528,000000,27.2554,27.3267,27.2554,27.3267,150,0
BSR.US,D,20240529,000000,27.0611,27.0611,27.0611,27.0611,99,0
BSR.US,D,20240530,000000,27.1262,27.1262,27.1262,27.1262,2,0
BSR.US,D,20240531,000000,27.17,27.436,27.17,27.436,269,0
BSR.US,D,20240603,000000,27.3215,27.3215,27.3215,27.3215,1,0
BSR.US,D,20240604,000000,27.2905,27.2905,27.2905,27.2905,1,0
BSR.US,D,20240605,000000,27.25,27.4716,27.25,27.4716,319,0
BSR.US,D,20240606,000000,27.4578,27.4578,27.4578,27.4578,1,0
BSR.US,D,20240607,000000,27.3566,27.3566,27.3566,27.3566,2,0
BSR.US,D,20240610,000000,27.4173,27.4173,27.4173,27.4173,19,0
BSR.US,D,20240611,000000,27.2777,27.3769,27.2777,27.3769,131,0
BSR.US,D,20240612,000000,27.5167,27.5167,27.5167,27.5167,1,0
BSR.US,D,20240613,000000,27.4561,27.4561,27.4561,27.4561,1,0
BSR.US,D,20240614,000000,27.3086,27.3086,27.3086,27.3086,1,0
BSR.US,D,20240617,000000,27.4833,27.4833,27.4833,27.4833,50,0
BSR.US,D,20240618,000000,27.5182,27.5182,27.5182,27.5182,1,0
BSR.US,D,20240620,000000,27.5489,27.5489,27.5489,27.5489,1,0
BSR.US,D,20240621,000000,27.5514,27.5514,27.5514,27.5514,1,0
