<TICKER>,<PER>,<DATE>,<TIME>,<OPEN>,<HIGH>,<LOW>,<CLOSE>,<VOL>,<OPENINT>
BTCW.US,D,20240112,000000,49.16,49.16,46.19,46.61,87348,0
BTCW.US,D,20240116,000000,45.54,46.2599,44.9,46.045,22873,0
BTCW.US,D,20240117,000000,45.38,45.73,45.065,45.36,43564,0
BTCW.US,D,20240118,000000,45.43,45.51,43.24,43.5,30265,0
BTCW.US,D,20240119,000000,43.78,44.75,42.9098,44.36,18145,0
BTCW.US,D,20240122,000000,43.42,43.45,42.25,42.8,97208,0
BTCW.US,D,20240123,000000,41.4,42,41.0815,41.65,25216,0
BTCW.US,D,20240124,000000,42.54,42.64,42,42.16,50386,0
BTCW.US,D,20240125,000000,42.55,42.6599,42.03,42.265,67007,0
BTCW.US,D,20240126,000000,43.75,44.8954,43.72,44.68,185456,0
BTCW.US,D,20240129,000000,44.64,46.06,44.43,45.92,462581,0
BTCW.US,D,20240130,000000,46.09,46.5,45.98,46.36,398930,0
BTCW.US,D,20240131,000000,45.45,46.52,45.19,45.19,514961,0
BTCW.US,D,20240201,000000,45.12,46.02,45.03,45.74,724109,0
BTCW.US,D,20240202,000000,45.49,46.2,45.42,45.67,400191,0
BTCW.US,D,20240205,000000,46.11,46.15,44.93,45.07,592431,0
BTCW.US,D,20240206,000000,45.58,46.1212,45.55,45.8,118814,0
BTCW.US,D,20240207,000000,45.87,47.08,45.65,46.97,180799,0
BTCW.US,D,20240208,000000,47.92,48.5,47.83,48.45,96369,0
BTCW.US,D,20240209,000000,49.97,51.09,49.79,50.52,90897,0
BTCW.US,D,20240212,000000,51.27,53.62,51.27,53.47,267457,0
BTCW.US,D,20240213,000000,52.21,52.67,51.55,52.555,138897,0
BTCW.US,D,20240214,000000,55.1,55.4,54.51,55.06,47121,0
BTCW.US,D,20240215,000000,55.91,56.26,54.99,55.06,96090,0
BTCW.US,D,20240216,000000,55.62,55.74,55,55.15,36984,0
BTCW.US,D,20240220,000000,55.65,55.69,53.98,55.26,4037195,0
BTCW.US,D,20240221,000000,54.15,54.65,53.83,54.15,134940,0
BTCW.US,D,20240222,000000,54.34,55.37,54.24,55.26,187042,0
BTCW.US,D,20240223,000000,54.45,54.52,53.8,54.3,132233,0
BTCW.US,D,20240226,000000,54.66,58.47,54.63,57.99,645293,0
BTCW.US,D,20240227,000000,60.52,61.14,59.86,60.66,307713,0
BTCW.US,D,20240228,000000,64.13,68.36,62.95,64.2,932712,0
BTCW.US,D,20240229,000000,67.44,67.6999,64.19,65.97,237312,0
BTCW.US,D,20240301,000000,66.42,67.24,65,67.03,163938,0
BTCW.US,D,20240304,000000,69.55,72.3599,69.53,72.04,236685,0
BTCW.US,D,20240305,000000,72.05,73.91,63.415,65.91,1296545,0
BTCW.US,D,20240306,000000,71,71.87,69.52,71.3,363975,0
BTCW.US,D,20240307,000000,71.72,72.41,70.96,72,450921,0
BTCW.US,D,20240308,000000,72.42,74.91,70.38,73.77,725033,0
BTCW.US,D,20240311,000000,77.05,77.59,75.94,76.67,388437,0
BTCW.US,D,20240312,000000,77.02,77.79,73.05,75.94,728759,0
BTCW.US,D,20240313,000000,77.45,78.16,76.35,78.16,454521,0
BTCW.US,D,20240314,000000,77.28,77.28,72.7,73.53,988953,0
BTCW.US,D,20240315,000000,72.09,74.94,71.5903,73.41,264377,0
BTCW.US,D,20240318,000000,72.29,72.81,70.66,71.04,378290,0
BTCW.US,D,20240319,000000,67.67,69.88,66.15,68.35,564138,0
BTCW.US,D,20240320,000000,67.44,70.18,65.95,70.02,727018,0
BTCW.US,D,20240321,000000,71.88,71.92,68.91,69.28,498246,0
BTCW.US,D,20240322,000000,68.21,68.34,66.55,67.91,424322,0
BTCW.US,D,20240325,000000,71.19,75.67,71.18,75.58,1020524,0
BTCW.US,D,20240326,000000,75.42,75.46,73.69,73.8,695938,0
BTCW.US,D,20240327,000000,76.27,76.34,72.71,72.97,582157,0
BTCW.US,D,20240328,000000,75.6,76.3,74.95,75.41,252016,0
BTCW.US,D,20240401,000000,74.53,74.55,72.38,74.16,409182,0
BTCW.US,D,20240402,000000,69.01,70.48,68.62,70.13,235962,0
BTCW.US,D,20240403,000000,69.95,71.15,69.7,69.99,448808,0
BTCW.US,D,20240404,000000,71.7,73.81,71.39,72.8,207728,0
BTCW.US,D,20240405,000000,71.15,72.96,71.03,71.62,342775,0
BTCW.US,D,20240408,000000,76.66,76.75,75.72,76.29,214281,0
BTCW.US,D,20240409,000000,75.1,75.42,72.48,73.32,233106,0
BTCW.US,D,20240410,000000,71.85,74.54,71.79,74.54,133251,0
BTCW.US,D,20240411,000000,75.2,75.38,73.95,74.75,102825,0
BTCW.US,D,20240412,000000,74.62,74.62,69.32,71.03,252207,0
BTCW.US,D,20240415,000000,70.43,70.64,66.3235,67.2,222601,0
BTCW.US,D,20240416,000000,67.19,67.35,65.6,66.68,167515,0
BTCW.US,D,20240417,000000,66.31,66.89,63.36,64.86,320749,0
BTCW.US,D,20240418,000000,66.33,68.21,65.93,67.56,300394,0
BTCW.US,D,20240419,000000,68.81,69.21,67.57,68.37,353427,0
BTCW.US,D,20240422,000000,70.28,71.0499,69.87,70.77,171959,0
BTCW.US,D,20240423,000000,70.29,71.35,70.29,70.65,96943,0
BTCW.US,D,20240424,000000,70.18,70.5,67.67,67.91,465081,0
BTCW.US,D,20240425,000000,67.04,68.93,66.74,68.72,155014,0
BTCW.US,D,20240426,000000,67.81,68.8,67.2,67.7,176902,0
BTCW.US,D,20240429,000000,66.43,67.12,65.63,66.88,146922,0
BTCW.US,D,20240430,000000,64.98,65.22,62.58,62.65,355574,0
BTCW.US,D,20240501,000000,61.25,63.01,60.08,60.44,443751,0
BTCW.US,D,20240502,000000,62.38,63.29,61.85,63.09,120501,0
BTCW.US,D,20240503,000000,65.1,66.18,65.1,65.95,275501,0
BTCW.US,D,20240506,000000,67.54,68.22,66.69,67.11,76706,0
BTCW.US,D,20240507,000000,67.48,68.33,66.78,66.92,65026,0
BTCW.US,D,20240508,000000,65.92,66.73,65.69,65.98,41581,0
BTCW.US,D,20240509,000000,65.17,66.61,64.7,66.36,68754,0
BTCW.US,D,20240510,000000,66.82,67.09,63.93,64.42,163868,0
BTCW.US,D,20240513,000000,66.74,67.49,66.49,67.14,78173,0
BTCW.US,D,20240514,000000,65.8783,66.12,64.94,65.36,49216,0
BTCW.US,D,20240515,000000,68.38,70.64,68.02,70.26,108342,0
BTCW.US,D,20240516,000000,70.27,70.6,68.7,69.23,102918,0
BTCW.US,D,20240517,000000,70.49,71.71,70,71.38,16637,0
BTCW.US,D,20240520,000000,71.25,74.53,71.03,74.47,87313,0
BTCW.US,D,20240521,000000,75.39,75.79,73.53,73.68,70828,0
BTCW.US,D,20240522,000000,74.14,75.14,73.63,73.95,74401,0
BTCW.US,D,20240523,000000,73.61,73.73,70.93,71.38,57404,0
BTCW.US,D,20240524,000000,71.65,73.58,71.21,73.58,52837,0
BTCW.US,D,20240528,000000,72.64,72.83,71.49,72.66,117371,0
BTCW.US,D,20240529,000000,71.99,72.13,71.34,71.34,33183,0
BTCW.US,D,20240530,000000,72.43,73.96,72.32,73,68537,0
BTCW.US,D,20240531,000000,73.04,73.04,70.94,71.72,46153,0
BTCW.US,D,20240603,000000,74.15,74.79,72.88,73.62,61432,0
BTCW.US,D,20240604,000000,73.79,75.59,73.57,74.89,93344,0
BTCW.US,D,20240605,000000,75.55,76.33,74.81,75.7,124745,0
BTCW.US,D,20240606,000000,75.71,76.07,74.85,74.85,26094,0
BTCW.US,D,20240607,000000,75.77,75.99,72.67,73.6,59903,0
BTCW.US,D,20240610,000000,73.6,74.41,73.52,73.81,18891,0
BTCW.US,D,20240611,000000,71.39,71.75,70.22,71.56,27613,0
BTCW.US,D,20240612,000000,73.52,74.36,71.48,71.75,66345,0
BTCW.US,D,20240613,000000,72.3,72.38,70.4,70.67,62037,0
BTCW.US,D,20240614,000000,71.46,71.49,69.08,69.46,46118,0
BTCW.US,D,20240617,000000,69.66,71.43,69.04,70.7,175973,0
BTCW.US,D,20240618,000000,68.91,69.32,67.95,68.29,88916,0
BTCW.US,D,20240620,000000,69.34,69.515,68.52,69.1,105809,0
BTCW.US,D,20240621,000000,67.5,68.35,67.2,68.18,120235,0
