<TICKER>,<PER>,<DATE>,<TIME>,<OPEN>,<HIGH>,<LOW>,<CLOSE>,<VOL>,<OPENINT>
CAML.US,D,20230823,000000,25.314,25.314,25.314,25.314,80,0
CAML.US,D,20230828,000000,25.3402,25.3402,25.3402,25.3402,4,0
CAML.US,D,20230829,000000,25.7477,25.7477,25.7477,25.7477,8,0
CAML.US,D,20230830,000000,25.8834,25.8834,25.8834,25.8834,1,0
CAML.US,D,20230831,000000,25.9657,25.9657,25.9657,25.9657,39,0
CAML.US,D,20230901,000000,26.0792,26.0792,26.0792,26.0792,1,0
CAML.US,D,20230905,000000,25.9979,25.9979,25.9979,25.9979,1,0
CAML.US,D,20230906,000000,25.8798,25.8798,25.8798,25.8798,21,0
CAML.US,D,20230907,000000,25.8859,25.8859,25.8859,25.8859,14,0
CAML.US,D,20230908,000000,25.8355,25.8355,25.8355,25.8355,1,0
CAML.US,D,20230911,000000,26.0161,26.0161,26.0161,26.0161,1,0
CAML.US,D,20230912,000000,25.7719,25.7719,25.7719,25.7719,5,0
CAML.US,D,20230913,000000,25.7891,25.7891,25.7891,25.7891,1,0
CAML.US,D,20230914,000000,25.8971,25.8971,25.8971,25.8971,5,0
CAML.US,D,20230915,000000,25.4938,25.4938,25.4938,25.4938,7,0
CAML.US,D,20230918,000000,25.5222,25.5222,25.5222,25.5222,7,0
CAML.US,D,20230919,000000,25.4657,25.4657,25.4657,25.4657,101,0
CAML.US,D,20230920,000000,25.2767,25.2767,25.2767,25.2767,100,0
CAML.US,D,20230921,000000,24.94,24.94,24.7261,24.7261,250,0
CAML.US,D,20230922,000000,24.7439,24.7439,24.7439,24.7439,100,0
CAML.US,D,20230925,000000,24.7869,24.7869,24.7869,24.7869,7,0
CAML.US,D,20230926,000000,24.503,24.503,24.503,24.503,5,0
CAML.US,D,20230927,000000,24.57,24.5943,24.57,24.5943,103,0
CAML.US,D,20230928,000000,24.7811,24.7811,24.7811,24.7811,3,0
CAML.US,D,20230929,000000,24.7173,24.7173,24.7173,24.7173,3,0
CAML.US,D,20231002,000000,24.75,24.76,24.7443,24.7443,418,0
CAML.US,D,20231003,000000,24.3605,24.3605,24.3605,24.3605,70,0
CAML.US,D,20231004,000000,24.6391,24.6391,24.6391,24.6391,3,0
CAML.US,D,20231005,000000,24.5833,24.5833,24.5833,24.5833,3,0
CAML.US,D,20231006,000000,25.0676,25.0676,25.0676,25.0676,1,0
CAML.US,D,20231009,000000,25.04,25.2105,25.04,25.2105,7299,0
CAML.US,D,20231010,000000,25.53,25.53,25.37,25.371,2762,0
CAML.US,D,20231011,000000,25.41,25.51,25.41,25.4883,1002,0
CAML.US,D,20231012,000000,25.5,25.59,25.3587,25.3587,7364,0
CAML.US,D,20231013,000000,25.5,25.5,25.12,25.1431,21822,0
CAML.US,D,20231016,000000,25.4,25.4428,25.4,25.4428,164,0
CAML.US,D,20231017,000000,25.47,25.47,25.404,25.404,42941,0
CAML.US,D,20231018,000000,25.23,25.23,24.99,25.0397,34222,0
CAML.US,D,20231019,000000,24.985,25.08,24.75,24.7918,71318,0
CAML.US,D,20231020,000000,24.37,24.43,24.37,24.3944,87316,0
CAML.US,D,20231023,000000,24.33,24.55,24.33,24.3454,31425,0
CAML.US,D,20231024,000000,24.52,24.5449,24.52,24.5449,29674,0
CAML.US,D,20231025,000000,24.315,24.36,24.0937,24.0937,50901,0
CAML.US,D,20231026,000000,24.15,24.15,23.7054,23.7226,44386,0
CAML.US,D,20231027,000000,23.88,23.94,23.7457,23.7457,24820,0
CAML.US,D,20231030,000000,23.8,23.9932,23.8,23.9932,39694,0
CAML.US,D,20231031,000000,24.1216,24.2664,24.12,24.2664,132770,0
CAML.US,D,20231101,000000,24.48,24.63,24.39,24.5915,40039,0
CAML.US,D,20231102,000000,24.9065,25.07,24.9065,25.0497,100441,0
CAML.US,D,20231103,000000,25.15,25.2425,25.145,25.2425,58138,0
CAML.US,D,20231106,000000,25.36,25.36,25.3,25.325,33324,0
CAML.US,D,20231107,000000,25.46,25.53,25.445,25.471,47133,0
CAML.US,D,20231108,000000,25.6,25.6,25.4799,25.5541,145908,0
CAML.US,D,20231109,000000,25.5,25.56,25.2875,25.2875,68579,0
CAML.US,D,20231110,000000,25.3174,25.5951,25.3174,25.5951,57319,0
CAML.US,D,20231113,000000,25.57,25.72,25.57,25.7007,242418,0
CAML.US,D,20231114,000000,26.21,26.2532,26.21,26.2118,35004,0
CAML.US,D,20231115,000000,26.23,26.29,26.1573,26.1573,45602,0
CAML.US,D,20231116,000000,26.1774,26.2171,26.16,26.2171,40474,0
CAML.US,D,20231117,000000,26.21,26.2801,26.2,26.2749,43581,0
CAML.US,D,20231120,000000,26.35,26.5,26.34,26.4735,31333,0
CAML.US,D,20231121,000000,26.44,26.494,26.4299,26.494,60781,0
CAML.US,D,20231122,000000,26.58,26.65,26.58,26.6246,49175,0
CAML.US,D,20231124,000000,26.6101,26.67,26.6101,26.6346,160178,0
CAML.US,D,20231127,000000,26.65,26.67,26.618,26.618,29846,0
CAML.US,D,20231128,000000,26.5805,26.62,26.5332,26.5663,86140,0
CAML.US,D,20231129,000000,26.73,26.73,26.58,26.5887,55829,0
CAML.US,D,20231130,000000,26.49,26.6341,26.4501,26.6341,29591,0
CAML.US,D,20231201,000000,26.64,26.81,26.64,26.7863,42146,0
CAML.US,D,20231204,000000,26.5,26.6,26.5,26.59,25219,0
CAML.US,D,20231205,000000,26.625,26.625,26.5101,26.56,40190,0
CAML.US,D,20231206,000000,26.63,26.65,26.45,26.45,95831,0
CAML.US,D,20231207,000000,26.58,26.6364,26.58,26.6364,70409,0
CAML.US,D,20231208,000000,26.7,26.82,26.67,26.78,41693,0
CAML.US,D,20231211,000000,26.87,26.9353,26.835,26.9353,35424,0
CAML.US,D,20231212,000000,27.23,27.23,26.98,27.1,176271,0
CAML.US,D,20231213,000000,27.17,27.42,27.1301,27.41,50670,0
CAML.US,D,20231214,000000,27.39,27.39,27.26,27.27,15233,0
CAML.US,D,20231215,000000,27.23,27.33,27.21,27.31,83879,0
CAML.US,D,20231218,000000,27.51,27.6099,27.51,27.54,30649,0
CAML.US,D,20231219,000000,27.64,27.68,27.6,27.65,86028,0
CAML.US,D,20231220,000000,27.63,27.66,27.24,27.24,93230,0
CAML.US,D,20231221,000000,27.42,27.54,27.41,27.54,42504,0
CAML.US,D,20231222,000000,27.58,27.615,27.535,27.535,38531,0
CAML.US,D,20231226,000000,27.61,27.66,27.59,27.6,14031,0
CAML.US,D,20231227,000000,27.605,27.6323,27.59,27.6323,168436,0
CAML.US,D,20231228,000000,27.66,27.69,27.6,27.6,34931,0
CAML.US,D,20231229,000000,27.64,27.64,27.4947,27.5626,32064,0
CAML.US,D,20240102,000000,27.3,27.3,27.1823,27.25,32533,0
CAML.US,D,20240103,000000,26.98,27.06,26.92,26.92,237246,0
CAML.US,D,20240104,000000,26.99,27.02,26.88,26.88,37715,0
CAML.US,D,20240105,000000,26.95,27.03,26.8177,26.88,83913,0
CAML.US,D,20240108,000000,27,27.39,27,27.39,50478,0
CAML.US,D,20240109,000000,27.26,27.49,27.26,27.4,45182,0
CAML.US,D,20240110,000000,27.51,27.67,27.51,27.67,39899,0
CAML.US,D,20240111,000000,27.55,27.73,27.49,27.69,205099,0
CAML.US,D,20240112,000000,27.73,27.73,27.64,27.7281,31809,0
CAML.US,D,20240116,000000,27.65,27.7605,27.58,27.64,54633,0
CAML.US,D,20240117,000000,27.42,27.53,27.42,27.53,49288,0
CAML.US,D,20240118,000000,27.6725,27.8,27.61,27.8,27496,0
CAML.US,D,20240119,000000,27.83,28.25,27.83,28.1,80905,0
CAML.US,D,20240122,000000,28.2628,28.3008,28.2252,28.2516,59716,0
CAML.US,D,20240123,000000,28.2001,28.26,28.18,28.26,36750,0
CAML.US,D,20240124,000000,28.475,28.53,28.3084,28.3084,29481,0
CAML.US,D,20240125,000000,28.26,28.3206,28.2377,28.3206,1067,0
CAML.US,D,20240126,000000,28.32,28.34,28.2599,28.26,88077,0
CAML.US,D,20240129,000000,28.37,28.61,28.355,28.61,31673,0
CAML.US,D,20240130,000000,28.6599,28.66,28.57,28.6115,40146,0
CAML.US,D,20240131,000000,28.285,28.3885,28.19,28.19,90293,0
CAML.US,D,20240201,000000,28.39,28.5999,28.33,28.577,53926,0
CAML.US,D,20240202,000000,28.91,29.1,28.76,29.04,36188,0
CAML.US,D,20240205,000000,29.4,29.4,28.8786,29.06,41013,0
CAML.US,D,20240206,000000,29.0454,29.1,28.96,29.09,41382,0
CAML.US,D,20240207,000000,29.34,29.46,29.34,29.411,34283,0
CAML.US,D,20240208,000000,29.472,29.51,29.451,29.4802,55697,0
CAML.US,D,20240209,000000,29.6,29.6668,29.6,29.6668,36601,0
CAML.US,D,20240212,000000,29.63,29.74,29.47,29.52,65375,0
CAML.US,D,20240213,000000,28.98,29.23,28.98,29.04,33754,0
CAML.US,D,20240214,000000,29.3,29.37,29.17,29.37,38096,0
CAML.US,D,20240215,000000,29.39,29.465,29.35,29.46,58916,0
CAML.US,D,20240216,000000,29.525,29.57,29.36,29.36,47909,0
CAML.US,D,20240220,000000,29.39,29.39,29,29.15,25300,0
CAML.US,D,20240221,000000,29.05,29.13,29.01,29.13,34989,0
CAML.US,D,20240222,000000,29.8,29.91,29.8,29.91,35933,0
CAML.US,D,20240223,000000,30.11,30.11,29.96,29.96,50111,0
CAML.US,D,20240226,000000,30.0299,30.05,29.97,29.99,25574,0
CAML.US,D,20240227,000000,30.06,30.06,29.87,29.99,66052,0
CAML.US,D,20240228,000000,29.82,30.1,29.82,29.8958,93231,0
CAML.US,D,20240229,000000,30.04,30.11,29.91,30.05,53379,0
CAML.US,D,20240301,000000,30.08,30.4,30.08,30.38,103527,0
CAML.US,D,20240304,000000,30.4772,30.51,30.41,30.4143,30866,0
CAML.US,D,20240305,000000,29.9834,30.04,29.8273,29.9476,36358,0
CAML.US,D,20240306,000000,30.145,30.34,30.145,30.2596,24584,0
CAML.US,D,20240307,000000,30.54,30.6552,30.54,30.5967,38217,0
CAML.US,D,20240308,000000,30.63,30.6409,30.18,30.26,58938,0
CAML.US,D,20240311,000000,29.96,30.0809,29.9509,30.0441,42582,0
CAML.US,D,20240312,000000,30.49,30.5857,30.435,30.5857,47361,0
CAML.US,D,20240313,000000,30.505,30.535,30.44,30.4822,43248,0
CAML.US,D,20240314,000000,30.41,30.41,30.2797,30.401,32079,0
CAML.US,D,20240315,000000,30.14,30.22,30.0394,30.0394,34468,0
CAML.US,D,20240318,000000,30.4471,30.4699,30.2911,30.2911,6131,0
CAML.US,D,20240319,000000,30.193,30.5332,30.193,30.5332,51749,0
CAML.US,D,20240320,000000,30.6,30.7817,30.515,30.7817,25112,0
CAML.US,D,20240321,000000,30.92,30.9904,30.9076,30.9076,22559,0
CAML.US,D,20240322,000000,30.82,30.865,30.7644,30.8487,72712,0
CAML.US,D,20240325,000000,30.77,30.79,30.71,30.71,31889,0
CAML.US,D,20240326,000000,30.81,30.83,30.6695,30.6695,36380,0
CAML.US,D,20240327,000000,30.86,30.86,30.605,30.75,28835,0
CAML.US,D,20240328,000000,30.8267,30.8701,30.8206,30.86,92294,0
CAML.US,D,20240401,000000,30.76,30.76,30.6204,30.7137,27310,0
CAML.US,D,20240402,000000,30.4304,30.5183,30.4304,30.5183,83025,0
CAML.US,D,20240403,000000,30.5,30.7018,30.5,30.6189,79610,0
CAML.US,D,20240404,000000,30.81,30.91,30.2636,30.2636,64830,0
CAML.US,D,20240405,000000,30.625,30.76,30.625,30.7329,4620,0
CAML.US,D,20240408,000000,30.7899,30.7899,30.7,30.71,42895,0
CAML.US,D,20240409,000000,30.66,30.6628,30.4,30.6628,83267,0
CAML.US,D,20240410,000000,30.49,30.56,30.37,30.43,31107,0
CAML.US,D,20240411,000000,30.35,30.66,30.338,30.61,38684,0
CAML.US,D,20240412,000000,30.31,30.34,30.05,30.31,48438,0
CAML.US,D,20240415,000000,30.41,30.41,29.705,29.705,25815,0
CAML.US,D,20240416,000000,29.68,29.82,29.63,29.72,52448,0
CAML.US,D,20240417,000000,29.74,29.74,29.5,29.51,35599,0
CAML.US,D,20240418,000000,29.58,29.62,29.41,29.42,39387,0
CAML.US,D,20240419,000000,29.41,29.41,28.95,28.95,20414,0
CAML.US,D,20240422,000000,29.05,29.3315,28.97,29.2365,21691,0
CAML.US,D,20240423,000000,29.35,29.6798,29.35,29.6455,29118,0
CAML.US,D,20240424,000000,29.7,29.7011,29.6122,29.7011,32252,0
CAML.US,D,20240425,000000,29.246,29.66,29.2234,29.5555,58491,0
CAML.US,D,20240426,000000,29.71,29.8454,29.71,29.7703,29744,0
CAML.US,D,20240429,000000,29.7101,29.7473,29.64,29.7473,52795,0
CAML.US,D,20240430,000000,29.69,29.69,29.4301,29.4301,25122,0
CAML.US,D,20240501,000000,29.33,29.33,29.25,29.29,33883,0
CAML.US,D,20240502,000000,29.25,29.5734,29.25,29.518,40500,0
CAML.US,D,20240503,000000,29.8751,30.03,29.8751,30.006,33237,0
CAML.US,D,20240506,000000,30.2,30.37,30.2,30.37,31397,0
CAML.US,D,20240507,000000,30.39,30.565,30.39,30.53,37355,0
CAML.US,D,20240508,000000,30.42,30.545,30.42,30.42,34156,0
CAML.US,D,20240509,000000,30.51,30.64,30.51,30.62,43898,0
CAML.US,D,20240510,000000,30.735,30.77,30.71,30.77,50457,0
CAML.US,D,20240513,000000,30.6803,30.685,30.6033,30.61,27196,0
CAML.US,D,20240514,000000,30.63,30.7767,30.54,30.7767,11765,0
CAML.US,D,20240515,000000,31.055,31.34,31.055,31.34,57828,0
CAML.US,D,20240516,000000,31.315,31.32,31.11,31.11,34559,0
CAML.US,D,20240517,000000,31.16,31.22,31.12,31.19,39342,0
CAML.US,D,20240520,000000,31.3898,31.39,31.31,31.31,43740,0
CAML.US,D,20240521,000000,31.315,31.33,31.25,31.33,23570,0
CAML.US,D,20240522,000000,31.36,31.36,31.24,31.24,36522,0
CAML.US,D,20240523,000000,31.2606,31.358,31.06,31.0926,18977,0
CAML.US,D,20240524,000000,31.18,31.315,31.18,31.23,35817,0
CAML.US,D,20240528,000000,31.2789,31.315,31.14,31.31,24329,0
CAML.US,D,20240529,000000,31.171,31.2405,31.09,31.09,15586,0
CAML.US,D,20240530,000000,30.83,30.83,30.55,30.56,32475,0
CAML.US,D,20240531,000000,30.39,30.73,30.24,30.73,55973,0
CAML.US,D,20240603,000000,30.64,30.74,30.6,30.74,27511,0
CAML.US,D,20240604,000000,30.6506,30.79,30.6101,30.76,41084,0
CAML.US,D,20240605,000000,30.955,31.32,30.905,31.31,28709,0
CAML.US,D,20240606,000000,31.35,31.355,31.17,31.21,28141,0
CAML.US,D,20240607,000000,31.125,31.31,31.125,31.1772,25292,0
CAML.US,D,20240610,000000,31.11,31.36,31.11,31.36,18216,0
CAML.US,D,20240611,000000,31.3,31.47,31.2714,31.47,42454,0
CAML.US,D,20240612,000000,31.8107,31.85,31.78,31.79,28121,0
CAML.US,D,20240613,000000,31.84,31.84,31.69,31.77,2386,0
CAML.US,D,20240614,000000,31.59,31.71,31.59,31.71,48240,0
CAML.US,D,20240617,000000,31.59,32.085,31.59,31.98,35229,0
CAML.US,D,20240618,000000,32.06,32.15,32.03,32.1,47208,0
CAML.US,D,20240620,000000,32.17,32.25,31.981,32.01,57424,0
CAML.US,D,20240621,000000,32.08,32.08,31.9129,32.01,45109,0
