<TICKER>,<PER>,<DATE>,<TIME>,<OPEN>,<HIGH>,<LOW>,<CLOSE>,<VOL>,<OPENINT>
CFCV.US,D,20200529,000000,24.3544,24.3544,24.3544,24.3544,38.292724902922,0
CFCV.US,D,20200601,000000,24.4427,24.4992,24.4427,24.4992,456.4895889743,0
CFCV.US,D,20200602,000000,24.5985,24.6769,24.5985,24.6769,324.48045838792,0
CFCV.US,D,20200603,000000,25.1542,25.1959,25.1542,25.1959,1202.1900212944,0
CFCV.US,D,20200604,000000,25.1473,25.1473,25.1473,25.1473,110.84736156109,0
CFCV.US,D,20200605,000000,25.4082,25.7764,25.4082,25.7764,142.08616345558,0
CFCV.US,D,20200608,000000,25.9431,26.0186,25.9065,26.0186,3965.3124340262,0
CFCV.US,D,20200609,000000,25.7774,25.7774,25.6742,25.6742,429.28160022749,0
CFCV.US,D,20200610,000000,25.3458,25.3458,25.3458,25.3458,26.200285459894,0
CFCV.US,D,20200611,000000,24.3454,24.3454,23.9277,23.9277,1373.4995800706,0
CFCV.US,D,20200612,000000,24.2234,24.2234,24.2234,24.2234,149.14008646401,0
CFCV.US,D,20200615,000000,24.5122,24.5122,24.3356,24.4874,1007.703286919,0
CFCV.US,D,20200616,000000,24.8595,24.8595,24.8595,24.8595,463.54351198274,0
CFCV.US,D,20200617,000000,24.9696,25.0659,24.8447,24.8447,325.48816167483,0
CFCV.US,D,20200618,000000,24.8873,24.8873,24.8873,24.8873,8.0616262953519,0
CFCV.US,D,20200619,000000,24.788,24.788,24.788,24.788,214.64080011375,0
CFCV.US,D,20200622,000000,24.7563,24.7563,24.7344,24.7344,111.85506484801,0
CFCV.US,D,20200623,000000,24.8565,24.8565,24.8387,24.8387,104.80114183958,0
CFCV.US,D,20200624,000000,24.2591,24.2591,24.2293,24.2293,3299.2205613728,0
CFCV.US,D,20200625,000000,24.3841,24.529,24.3841,24.529,209.60228367915,0
CFCV.US,D,20200626,000000,23.9366,23.9366,23.9366,23.9366,5.038516434595,0
CFCV.US,D,20200629,000000,24.2293,24.2293,24.2293,24.2293,10.07703286919,0
CFCV.US,D,20200630,000000,24.4675,24.6114,24.4675,24.6114,415.17375421062,0
CFCV.US,D,20200701,000000,24.668,24.668,24.6431,24.6431,211.61769025299,0
CFCV.US,D,20200702,000000,24.7166,24.7166,24.7166,24.7166,6.0462197215139,0
CFCV.US,D,20200706,000000,25.1046,25.1046,25.0183,25.0183,715.46933371248,0
CFCV.US,D,20200707,000000,24.79,24.79,24.79,24.79,201.5406573838,0
CFCV.US,D,20200708,000000,24.8178,24.8178,24.8178,24.8178,8.0616262953519,0
CFCV.US,D,20200709,000000,24.5886,24.6283,24.5886,24.6283,617.72211488134,0
CFCV.US,D,20200710,000000,24.5687,24.935,24.5687,24.935,1153.8202635222,0
CFCV.US,D,20200713,000000,24.9716,24.9716,24.9716,24.9716,40.30813147676,0
CFCV.US,D,20200714,000000,25.1244,25.4043,25.1244,25.4043,205.57147053147,0
CFCV.US,D,20200715,000000,25.6415,25.6415,25.6415,25.6415,201.5406573838,0
CFCV.US,D,20200716,000000,25.6435,25.6435,25.6435,25.6435,51.392867632869,0
CFCV.US,D,20200717,000000,25.7189,25.7189,25.6703,25.7169,464.55121526965,0
CFCV.US,D,20200720,000000,25.6018,25.6583,25.6018,25.6583,517.95948947636,0
CFCV.US,D,20200721,000000,25.832,25.832,25.832,25.832,201.5406573838,0
CFCV.US,D,20200722,000000,25.965,25.965,25.965,25.965,85.654779388114,0
CFCV.US,D,20200723,000000,26.1863,26.1863,25.8062,25.8439,759.80827833692,0
CFCV.US,D,20200724,000000,25.6792,25.6911,25.6792,25.6911,729.57717972935,0
CFCV.US,D,20200727,000000,25.7695,25.7695,25.7695,25.7695,31.238801894489,0
CFCV.US,D,20200728,000000,25.8548,25.8648,25.6921,25.6921,376.8810293077,0
CFCV.US,D,20200729,000000,26.0344,26.0344,26.0344,26.0344,54.415977493626,0
CFCV.US,D,20200730,000000,25.8757,25.8757,25.8757,25.8757,2.015406573838,0
CFCV.US,D,20200731,000000,25.8459,25.8459,25.8459,25.8459,8.0616262953519,0
CFCV.US,D,20200803,000000,26.0314,26.0414,25.9888,25.9888,872.67104647185,0
CFCV.US,D,20200804,000000,25.9233,26.1188,25.7477,26.0861,2711.729545099,0
CFCV.US,D,20200805,000000,26.1962,26.1962,26.1465,26.1932,517.95948947636,0
CFCV.US,D,20200806,000000,26.0999,26.216,26.0999,26.216,101.77803197882,0
CFCV.US,D,20200807,000000,26.3331,26.4612,26.3331,26.4612,820.27047555206,0
CFCV.US,D,20200810,000000,26.6746,26.6746,26.6746,26.6746,2.015406573838,0
CFCV.US,D,20200811,000000,26.8878,26.8878,26.6774,26.6774,102.78573526574,0
CFCV.US,D,20200812,000000,26.879,26.8898,26.879,26.8898,256.96433816434,0
CFCV.US,D,20200813,000000,26.8204,26.8234,26.8204,26.8234,208.59458039223,0
CFCV.US,D,20200814,000000,26.8204,26.8214,26.7887,26.7887,1025.8419460835,0
CFCV.US,D,20200817,000000,26.8015,26.8015,26.7519,26.7519,277.11840390272,0
CFCV.US,D,20200818,000000,26.6328,26.6328,26.6328,26.6328,9.0693295822709,0
CFCV.US,D,20200819,000000,26.5813,26.5813,26.5813,26.5813,10.07703286919,0
CFCV.US,D,20200820,000000,26.485,26.485,26.485,26.485,9.0693295822709,0
CFCV.US,D,20200821,000000,26.5495,26.5495,26.5495,26.5495,50.38516434595,0
CFCV.US,D,20200824,000000,26.7479,26.7479,26.7479,26.7479,9.0693295822709,0
CFCV.US,D,20200825,000000,26.8402,26.8402,26.8402,26.8402,26.200285459894,0
CFCV.US,D,20200826,000000,26.9256,26.9256,26.9028,26.9127,205.57147053147,0
CFCV.US,D,20200827,000000,27.0239,27.0615,27.0239,27.0239,567.33695053539,0
CFCV.US,D,20200828,000000,27.1419,27.1419,27.1419,27.1419,3.023109860757,0
CFCV.US,D,20200831,000000,27.0417,27.0417,27.0417,27.0417,50.38516434595,0
CFCV.US,D,20200901,000000,27.0972,27.0972,27.0972,27.0972,3.023109860757,0
CFCV.US,D,20200902,000000,27.6401,27.6401,27.6401,27.6401,1.007703286919,0
CFCV.US,D,20200903,000000,26.8988,26.8988,26.8988,26.8988,12.092439443028,0
CFCV.US,D,20200904,000000,26.6338,26.8532,26.6338,26.8532,307.34950251029,0
CFCV.US,D,20200908,000000,26.3709,26.3907,26.3252,26.3252,327.50356824867,0
CFCV.US,D,20200909,000000,26.7579,26.7579,26.7579,26.7579,1.007703286919,0
CFCV.US,D,20200910,000000,26.5951,26.5951,26.3788,26.3788,1715.1109943361,0
CFCV.US,D,20200911,000000,26.485,26.485,26.485,26.485,98.754922118061,0
CFCV.US,D,20200914,000000,26.879,26.879,26.8472,26.8472,236.81027242596,0
CFCV.US,D,20200915,000000,27.0039,27.0039,26.884,26.884,385.95035888997,0
CFCV.US,D,20200916,000000,27.1498,27.1498,26.9136,26.9136,206.57917381839,0
CFCV.US,D,20200917,000000,26.739,26.739,26.739,26.739,1.007703286919,0
CFCV.US,D,20200918,000000,26.8571,26.8571,26.8571,26.8571,10.07703286919,0
CFCV.US,D,20200921,000000,26.7321,26.7321,26.0404,26.0404,205.57147053147,0
CFCV.US,D,20200922,000000,26.2538,26.2538,26.2538,26.2538,3.023109860757,0
CFCV.US,D,20200923,000000,25.7001,25.7001,25.7001,25.7001,1.007703286919,0
CFCV.US,D,20200924,000000,25.8162,25.8648,25.8162,25.8508,250.91811844283,0
CFCV.US,D,20200925,000000,26.1347,26.1347,26.1347,26.1347,1.007703286919,0
CFCV.US,D,20200928,000000,26.485,26.485,26.485,26.485,40.30813147676,0
CFCV.US,D,20200929,000000,26.4423,26.4662,26.4016,26.4016,607.64508201215,0
CFCV.US,D,20200930,000000,26.5723,26.5723,26.5723,26.5723,1.007703286919,0
CFCV.US,D,20201001,000000,26.5823,26.5823,26.5823,26.5823,19.146362451461,0
CFCV.US,D,20201002,000000,26.5545,26.5545,26.5545,26.5545,19.146362451461,0
CFCV.US,D,20201005,000000,26.8849,26.8849,26.8849,26.8849,1.007703286919,0
CFCV.US,D,20201006,000000,26.6527,26.6527,26.6527,26.6527,1.007703286919,0
CFCV.US,D,20201007,000000,27.0546,27.0546,27.0546,27.0546,1.007703286919,0
CFCV.US,D,20201008,000000,27.3126,27.3126,27.3126,27.3126,1.007703286919,0
CFCV.US,D,20201009,000000,27.4793,27.4793,27.4793,27.4793,75.577746518924,0
CFCV.US,D,20201012,000000,27.776,27.776,27.776,27.776,10.07703286919,0
CFCV.US,D,20201013,000000,27.6381,27.6381,27.6381,27.6381,1.007703286919,0
CFCV.US,D,20201014,000000,27.4436,27.4436,27.4436,27.4436,1.007703286919,0
CFCV.US,D,20201015,000000,27.4724,27.4724,27.4724,27.4724,1.007703286919,0
CFCV.US,D,20201016,000000,27.5607,27.5607,27.5607,27.5607,14.107846016866,0
CFCV.US,D,20201019,000000,27.1092,27.1092,27.1092,27.1092,1.007703286919,0
CFCV.US,D,20201020,000000,27.2749,27.2749,27.2749,27.2749,1.007703286919,0
CFCV.US,D,20201021,000000,27.1647,27.1647,27.1647,27.1647,1.007703286919,0
CFCV.US,D,20201022,000000,27.2908,27.2908,27.2908,27.2908,1.007703286919,0
CFCV.US,D,20201023,000000,27.3771,27.3771,27.3771,27.3771,1.007703286919,0
CFCV.US,D,20201026,000000,26.8145,26.8145,26.8145,26.8145,1.007703286919,0
CFCV.US,D,20201027,000000,26.6468,26.6468,26.6428,26.6428,1039.9497921004,0
CFCV.US,D,20201028,000000,25.8618,25.8618,25.8618,25.8618,1.007703286919,0
CFCV.US,D,20201029,000000,26.094,26.094,26.094,26.094,1.007703286919,0
CFCV.US,D,20201030,000000,25.7179,25.9203,25.7179,25.9203,1042.9729019612,0
CFCV.US,D,20201102,000000,26.3431,26.3431,26.3431,26.3431,4.030813147676,0
CFCV.US,D,20201103,000000,26.9355,26.9355,26.9355,26.9355,4.030813147676,0
CFCV.US,D,20201104,000000,27.0377,27.0377,27.0377,27.0377,4.030813147676,0
CFCV.US,D,20201105,000000,27.5934,27.5934,27.5934,27.5934,4.030813147676,0
CFCV.US,D,20201106,000000,27.651,27.651,27.651,27.651,4.030813147676,0
CFCV.US,D,20201109,000000,28.43,28.43,28.43,28.43,185.41740479309,0
CFCV.US,D,20201110,000000,28.6979,28.6979,28.6979,28.6979,4.030813147676,0
CFCV.US,D,20201111,000000,28.7367,28.7367,28.7367,28.7367,4.030813147676,0
CFCV.US,D,20201112,000000,28.8478,28.8577,28.5123,28.5123,306.34179922337,0
CFCV.US,D,20201113,000000,28.9549,28.9559,28.9549,28.9559,100.7703286919,0
CFCV.US,D,20201116,000000,29.465,29.465,29.3301,29.3301,213.63309682683,0
CFCV.US,D,20201117,000000,29.2278,29.2278,29.2278,29.2278,4.030813147676,0
CFCV.US,D,20201118,000000,28.9401,28.9401,28.9401,28.9401,4.030813147676,0
CFCV.US,D,20201119,000000,28.9559,28.9559,28.9559,28.9559,4.030813147676,0
CFCV.US,D,20201120,000000,28.8458,28.8458,28.8458,28.8458,4.030813147676,0
CFCV.US,D,20201123,000000,29.0592,29.0592,29.0592,29.0592,1.007703286919,0
CFCV.US,D,20201124,000000,29.3955,29.5434,29.3955,29.5434,100.7703286919,0
CFCV.US,D,20201125,000000,29.4204,29.4204,29.4204,29.4204,1.007703286919,0
CFCV.US,D,20201127,000000,29.4838,29.4838,29.4838,29.4838,1.007703286919,0
CFCV.US,D,20201130,000000,29.1832,29.1832,29.1832,29.1832,1.007703286919,0
CFCV.US,D,20201201,000000,29.6009,29.6009,29.5117,29.5117,101.77803197882,0
CFCV.US,D,20201202,000000,29.6139,29.6139,29.6139,29.6139,1.007703286919,0
CFCV.US,D,20201203,000000,29.5335,29.5335,29.5335,29.5335,2.015406573838,0
CFCV.US,D,20201204,000000,29.7786,29.7786,29.7786,29.7786,2.015406573838,0
CFCV.US,D,20201207,000000,29.475,29.7409,29.475,29.7409,204.56376724456,0
CFCV.US,D,20201208,000000,29.7012,29.7012,29.7012,29.7012,66.508416936653,0
CFCV.US,D,20201209,000000,29.6109,29.6139,29.6109,29.6119,204.56376724456,0
CFCV.US,D,20201210,000000,29.3162,29.4362,29.3162,29.4362,408.11983120219,0
CFCV.US,D,20201211,000000,29.3221,29.3221,29.3221,29.3221,2.015406573838,0
CFCV.US,D,20201214,000000,29.1187,29.1187,29.1187,29.1187,2.015406573838,0
CFCV.US,D,20201215,000000,29.462,29.462,29.462,29.462,2.015406573838,0
CFCV.US,D,20201216,000000,29.3033,29.3033,29.3033,29.3033,2.015406573838,0
CFCV.US,D,20201217,000000,29.463,29.463,29.463,29.463,2.015406573838,0
CFCV.US,D,20201218,000000,29.3261,29.4035,29.2784,29.4035,1028.8650559443,0
CFCV.US,D,20201221,000000,29.2467,29.2467,29.2467,29.2467,2.015406573838,0
CFCV.US,D,20201222,000000,29.083,29.083,29.083,29.083,1.007703286919,0
CFCV.US,D,20201223,000000,28.809,29.3181,28.809,29.3181,168.28644891547,0
CFCV.US,D,20201224,000000,29.4065,29.4065,29.4065,29.4065,78.600856379681,0
CFCV.US,D,20201228,000000,29.4055,29.4055,29.2189,29.2348,655.00713649734,0
CFCV.US,D,20201229,000000,29.1991,29.1991,29.1673,29.1673,202.54836067072,0
CFCV.US,D,20201230,000000,29.1792,29.2458,29.1792,29.2458,446.41255610511,0
CFCV.US,D,20201231,000000,29.4858,29.4858,29.4858,29.4858,12.092439443028,0
CFCV.US,D,20210104,000000,29.0681,29.0681,29.0681,29.0681,5.038516434595,0
CFCV.US,D,20210105,000000,29.2388,29.2388,29.2388,29.2388,1.007703286919,0
CFCV.US,D,20210106,000000,29.852,29.852,29.852,29.852,1.007703286919,0
CFCV.US,D,20210107,000000,30.1954,30.1954,30.1954,30.1954,1.007703286919,0
CFCV.US,D,20210108,000000,30.2073,30.2073,30.2073,30.2073,1.007703286919,0
CFCV.US,D,20210111,000000,30.1418,30.1418,30.1418,30.1418,1.007703286919,0
CFCV.US,D,20210112,000000,30.2321,30.2321,30.2321,30.2321,9.0693295822709,0
CFCV.US,D,20210113,000000,30.2203,30.2203,30.2203,30.2203,1.007703286919,0
CFCV.US,D,20210114,000000,30.2758,30.2758,30.2758,30.2758,1.007703286919,0
CFCV.US,D,20210115,000000,30.112,30.112,30.112,30.112,1.007703286919,0
CFCV.US,D,20210119,000000,30.3036,30.3036,30.3036,30.3036,60.462197215139,0
CFCV.US,D,20210120,000000,30.3839,30.3839,30.3839,30.3839,60.462197215139,0
CFCV.US,D,20210121,000000,30.3334,30.3334,30.3334,30.3334,4.030813147676,0
CFCV.US,D,20210122,000000,30.2203,30.2203,30.2203,30.2203,50.38516434595,0
CFCV.US,D,20210125,000000,30.0426,30.1607,30.0426,30.1607,620.7452247421,0
CFCV.US,D,20210126,000000,30.0545,30.0545,30.0545,30.0545,20.15406573838,0
CFCV.US,D,20210127,000000,29.1535,29.1535,29.1535,29.1535,31.238801894489,0
CFCV.US,D,20210128,000000,29.6208,29.6208,29.6208,29.6208,1.007703286919,0
CFCV.US,D,20210129,000000,29.1593,29.1593,28.9917,29.076,1951.9212667621,0
CFCV.US,D,20210202,000000,29.9166,29.9166,29.8282,29.8282,100.7703286919,0
CFCV.US,D,20210203,000000,29.7925,29.7925,29.7925,29.7925,66.508416936653,0
CFCV.US,D,20210204,000000,30.0257,30.0257,30.0257,30.0257,1.007703286919,0
CFCV.US,D,20210205,000000,30.0128,30.0376,29.8471,30.0376,2016.4142771249,0
CFCV.US,D,20210208,000000,30.2113,30.2113,30.2113,30.2113,49.377461059031,0
CFCV.US,D,20210209,000000,30.2331,30.2331,30.2331,30.2331,49.377461059031,0
CFCV.US,D,20210210,000000,30.2519,30.2519,30.2519,30.2519,155.18630618552,0
CFCV.US,D,20210211,000000,30.3244,30.3244,30.3244,30.3244,1.007703286919,0
CFCV.US,D,20210212,000000,30.511,30.511,30.511,30.511,25.192582172975,0
CFCV.US,D,20210216,000000,30.6241,30.6241,30.6241,30.6241,49.377461059031,0
CFCV.US,D,20210217,000000,30.5963,30.5963,30.5963,30.5963,1.007703286919,0
CFCV.US,D,20210218,000000,30.5626,30.5626,30.5626,30.5626,49.377461059031,0
CFCV.US,D,20210219,000000,30.8235,30.8235,30.8235,30.8235,2.015406573838,0
CFCV.US,D,20210222,000000,30.765,30.765,30.765,30.765,49.377461059031,0
CFCV.US,D,20210223,000000,30.7799,30.7799,30.7799,30.7799,75.577746518924,0
CFCV.US,D,20210224,000000,31.1828,31.1828,31.1828,31.1828,49.377461059031,0
CFCV.US,D,20210225,000000,30.5626,30.5626,30.5626,30.5626,49.377461059031,0
CFCV.US,D,20210226,000000,30.4583,30.4583,30.4583,30.4583,10.07703286919,0
CFCV.US,D,20210301,000000,31.026,31.026,31.026,31.026,49.377461059031,0
CFCV.US,D,20210302,000000,30.9248,30.9248,30.9248,30.9248,49.377461059031,0
CFCV.US,D,20210303,000000,30.761,30.761,30.761,30.761,35.269615042165,0
CFCV.US,D,20210304,000000,30.3056,30.3056,30.3056,30.3056,49.377461059031,0
CFCV.US,D,20210305,000000,30.7312,31.0429,30.7312,31.0429,814.22425583054,0
CFCV.US,D,20210308,000000,31.1073,31.1073,31.1073,31.1073,2.015406573838,0
CFCV.US,D,20210309,000000,31.2244,31.2244,31.2244,31.2244,2.015406573838,0
CFCV.US,D,20210310,000000,31.5619,31.5619,31.5619,31.5619,1.007703286919,0
CFCV.US,D,20210311,000000,31.7475,31.7475,31.7475,31.7475,2.015406573838,0
CFCV.US,D,20210312,000000,31.9151,31.9151,31.9151,31.9151,1.007703286919,0
CFCV.US,D,20210315,000000,32.1186,32.1186,32.1186,32.1186,102.78573526574,0
CFCV.US,D,20210316,000000,32.1186,32.1186,32.1186,32.1186,2.015406573838,0
CFCV.US,D,20210317,000000,32.2138,32.2138,32.2138,32.2138,2.015406573838,0
CFCV.US,D,20210318,000000,32.0094,32.0094,32.0094,32.0094,1.007703286919,0
CFCV.US,D,20210319,000000,31.8874,31.8874,31.8874,31.8874,5.038516434595,0
CFCV.US,D,20210322,000000,31.8328,31.8328,31.8328,31.8328,1.007703286919,0
CFCV.US,D,20210323,000000,31.8298,31.8298,31.4478,31.5083,2394.3030097195,0
CFCV.US,D,20210324,000000,31.67,31.67,31.67,31.67,1.007703286919,0
CFCV.US,D,20210325,000000,31.9757,31.9757,31.9757,31.9757,1.007703286919,0
CFCV.US,D,20210326,000000,32.4173,32.4173,32.4173,32.4173,10.07703286919,0
CFCV.US,D,20210329,000000,32.3151,32.3151,32.3151,32.3151,1.007703286919,0
CFCV.US,D,20210330,000000,32.319,32.319,32.319,32.319,9.0693295822709,0
CFCV.US,D,20210331,000000,32.3925,32.3925,32.3925,32.3925,1.007703286919,0
CFCV.US,D,20210401,000000,32.5086,32.7239,32.459,32.7239,306.34179922337,0
CFCV.US,D,20210405,000000,33.2449,33.2449,33.2121,33.2121,118.90898785644,0
CFCV.US,D,20210406,000000,33.1188,33.1188,33.1188,33.1188,1.007703286919,0
CFCV.US,D,20210407,000000,33.0842,33.0842,33.0842,33.0842,1.007703286919,0
CFCV.US,D,20210408,000000,33.094,33.094,33.094,33.094,91.700999109628,0
CFCV.US,D,20210409,000000,33.2568,33.2568,33.2568,33.2568,10.07703286919,0
CFCV.US,D,20210412,000000,33.2389,33.2389,33.2389,33.2389,10.07703286919,0
CFCV.US,D,20210413,000000,33.1655,33.1655,33.1655,33.1655,1.007703286919,0
CFCV.US,D,20210414,000000,33.1506,33.1506,33.1506,33.1506,1.007703286919,0
CFCV.US,D,20210415,000000,33.4027,33.4027,33.4027,33.4027,1.007703286919,0
CFCV.US,D,20210416,000000,33.6369,33.6369,33.6369,33.6369,2.015406573838,0
CFCV.US,D,20210419,000000,33.3928,33.3928,33.3928,33.3928,2.015406573838,0
CFCV.US,D,20210420,000000,33.112,33.112,33.112,33.112,3.023109860757,0
CFCV.US,D,20210421,000000,33.3828,33.5714,33.3818,33.5714,2591.8128539556,0
CFCV.US,D,20210422,000000,33.2757,33.2757,33.2757,33.2757,4.030813147676,0
CFCV.US,D,20210423,000000,33.6041,33.6041,33.6041,33.6041,2.015406573838,0
CFCV.US,D,20210426,000000,33.7897,33.7897,33.7897,33.7897,2.015406573838,0
CFCV.US,D,20210427,000000,34.011,34.011,34.011,34.011,1.007703286919,0
CFCV.US,D,20210428,000000,33.9654,33.9654,33.9654,33.9654,5.038516434595,0
CFCV.US,D,20210429,000000,34.4407,34.4407,34.4407,34.4407,1.007703286919,0
CFCV.US,D,20210430,000000,34.1003,34.1003,34.1003,34.1003,520.98259933712,0
CFCV.US,D,20210503,000000,34.2789,34.2789,34.2789,34.2789,44.338944624436,0
CFCV.US,D,20210504,000000,34.3663,34.3663,34.3663,34.3663,5.038516434595,0
CFCV.US,D,20210505,000000,34.4228,34.4824,34.4228,34.4824,1.007703286919,0
CFCV.US,D,20210506,000000,34.7701,34.7701,34.7701,34.7701,225.72553626985,0
CFCV.US,D,20210507,000000,35.1493,35.1493,35.1493,35.1493,44.338944624436,0
CFCV.US,D,20210510,000000,34.9259,34.9259,34.9259,34.9259,30.23109860757,0
CFCV.US,D,20210511,000000,34.5677,34.5677,34.5677,34.5677,22.169472312218,0
CFCV.US,D,20210512,000000,33.8353,33.8353,33.8353,33.8353,2.015406573838,0
CFCV.US,D,20210513,000000,34.4168,34.4168,34.4168,34.4168,1.007703286919,0
CFCV.US,D,20210514,000000,34.9765,34.9765,34.9765,34.9765,25.192582172975,0
CFCV.US,D,20210517,000000,34.6203,34.7721,34.6203,34.7721,295.25706306726,0
CFCV.US,D,20210518,000000,34.6203,34.6203,34.6203,34.6203,8.0616262953519,0
CFCV.US,D,20210519,000000,34.0308,34.1876,33.9514,34.1876,1182.035955556,0
CFCV.US,D,20210520,000000,34.4417,34.4417,34.4417,34.4417,5.038516434595,0
CFCV.US,D,20210521,000000,34.5608,34.5608,34.5081,34.5081,217.6639099745,0
CFCV.US,D,20210524,000000,34.7999,34.7999,34.7999,34.7999,62.477603788977,0
CFCV.US,D,20210525,000000,34.9249,34.9339,34.6709,34.6709,1246.5289659188,0
CFCV.US,D,20210526,000000,34.7345,34.7345,34.7345,34.7345,2.015406573838,0
CFCV.US,D,20210527,000000,34.9557,34.9557,34.9557,34.9557,44.338944624436,0
CFCV.US,D,20210528,000000,35.0133,35.0133,34.9865,34.9865,208.59458039223,0
CFCV.US,D,20210601,000000,35.0629,35.0629,35.0629,35.0629,6.0462197215139,0
CFCV.US,D,20210602,000000,35.0638,35.0638,35.0638,35.0638,1.007703286919,0
CFCV.US,D,20210603,000000,35.0818,35.0818,35.0778,35.0778,763.8390914846,0
CFCV.US,D,20210604,000000,35.2435,35.2435,35.2435,35.2435,1.007703286919,0
CFCV.US,D,20210607,000000,35.5929,38.5977,35.1413,35.1413,5765.0705044635,0
CFCV.US,D,20210608,000000,35.1016,35.1016,34.9339,35.059,883.75578262796,0
CFCV.US,D,20210609,000000,34.8138,34.8138,34.8138,34.8138,6.0462197215139,0
CFCV.US,D,20210610,000000,34.7642,34.7642,34.7642,34.7642,30.23109860757,0
CFCV.US,D,20210611,000000,34.7473,34.8277,34.7473,34.8277,644.93010362815,0
CFCV.US,D,20210614,000000,34.7007,34.7007,34.7007,34.7007,46.354351198274,0
CFCV.US,D,20210615,000000,34.7365,34.7365,34.7365,34.7365,1.007703286919,0
CFCV.US,D,20210616,000000,34.6699,34.6699,34.6382,34.6382,200.53295409688,0
CFCV.US,D,20210617,000000,34.3752,35.8081,34.2084,35.8081,45496.795701106,0
CFCV.US,D,20210618,000000,33.9316,33.9812,33.6577,33.6577,4507.4568023886,0
CFCV.US,D,20210621,000000,34.2333,34.2333,34.2333,34.2333,20.15406573838,0
CFCV.US,D,20210622,000000,34.2084,34.3375,34.2084,34.3375,288.20314005883,0
CFCV.US,D,20210623,000000,34.2274,34.2274,34.2274,34.2274,244.87189872131,0
CFCV.US,D,20210624,000000,34.5032,34.5032,34.5032,34.5032,10.07703286919,0
CFCV.US,D,20210625,000000,34.7185,34.7215,34.6987,34.7215,15447.083685181,0
CFCV.US,D,20210628,000000,34.5905,34.6382,34.5905,34.6382,862.59401360266,0
CFCV.US,D,20210629,000000,34.6987,34.6987,34.6144,34.6144,160.22482262012,0
CFCV.US,D,20210630,000000,34.6888,34.7315,34.6888,34.7315,203.55606395764,0
CFCV.US,D,20210701,000000,34.8872,34.8872,34.8872,34.8872,3.023109860757,0
CFCV.US,D,20210702,000000,35.0371,35.0371,35.0371,35.0371,2.015406573838,0
CFCV.US,D,20210706,000000,34.79,34.79,34.79,34.79,35.269615042165,0
CFCV.US,D,20210707,000000,34.916,34.916,34.8803,34.8803,153.17089961169,0
CFCV.US,D,20210708,000000,34.4824,34.4824,34.4824,34.4824,1.007703286919,0
CFCV.US,D,20210709,000000,35.0252,35.0252,35.0252,35.0252,12.092439443028,0
CFCV.US,D,20210712,000000,35.0926,35.1741,35.0926,35.1741,959.33352914688,0
CFCV.US,D,20210713,000000,35.0043,35.0043,34.9409,34.9409,336.57289783094,0
CFCV.US,D,20210714,000000,34.8614,34.8614,34.8614,34.8614,2.015406573838,0
CFCV.US,D,20210715,000000,34.8108,34.8108,34.8108,34.8108,6.0462197215139,0
CFCV.US,D,20210716,000000,34.5171,34.5171,34.5171,34.5171,5.038516434595,0
CFCV.US,D,20210719,000000,33.8334,33.8334,33.8334,33.8334,7.0539230084329,0
CFCV.US,D,20210720,000000,34.4645,34.4645,34.4645,34.4645,53.408274206707,0
CFCV.US,D,20210721,000000,34.8764,34.8764,34.8764,34.8764,51.392867632869,0
CFCV.US,D,20210722,000000,34.7811,34.7811,34.7811,34.7811,5.038516434595,0
CFCV.US,D,20210723,000000,34.916,34.9994,34.916,34.9994,159.2171193332,0
CFCV.US,D,20210726,000000,35.059,35.061,35.059,35.061,103.79343855266,0
CFCV.US,D,20210727,000000,34.9487,34.9487,34.9487,34.9487,26.200285459894,0
CFCV.US,D,20210728,000000,34.8426,34.9745,34.8426,34.9745,876.70185961952,0
CFCV.US,D,20210729,000000,35.2604,35.2604,35.1781,35.1781,1503.4933040831,0
CFCV.US,D,20210730,000000,35.1671,35.1671,35.1671,35.1671,18.138659164542,0
CFCV.US,D,20210802,000000,35.053,35.053,35.053,35.053,5.038516434595,0
CFCV.US,D,20210803,000000,35.3547,35.3547,35.3547,35.3547,29.223395320651,0
CFCV.US,D,20210804,000000,35.1522,35.1522,35.1016,35.1016,143.0938667425,0
CFCV.US,D,20210805,000000,35.2465,35.2465,35.2465,35.2465,1.007703286919,0
CFCV.US,D,20210806,000000,35.4916,35.4916,35.4916,35.4916,2.015406573838,0
CFCV.US,D,20210809,000000,35.4321,35.4321,35.4321,35.4321,7.0539230084329,0
CFCV.US,D,20210810,000000,35.5987,35.5987,35.5987,35.5987,3.023109860757,0
CFCV.US,D,20210811,000000,35.8667,35.8667,35.8667,35.8667,1.007703286919,0
CFCV.US,D,20210812,000000,35.8776,35.8776,35.8776,35.8776,1.007703286919,0
CFCV.US,D,20210813,000000,35.7883,35.7883,35.7883,35.7883,7.0539230084329,0
CFCV.US,D,20210816,000000,35.8012,35.8389,35.8012,35.8389,274.09529404197,0
CFCV.US,D,20210817,000000,35.6127,35.6127,35.6127,35.6127,3.023109860757,0
CFCV.US,D,20210818,000000,35.3487,35.3487,35.3487,35.3487,1.007703286919,0
CFCV.US,D,20210819,000000,35.1601,35.1601,35.1601,35.1601,6.0462197215139,0
CFCV.US,D,20210820,000000,35.3626,35.3626,35.3626,35.3626,4.030813147676,0
CFCV.US,D,20210823,000000,35.6007,35.6007,35.6007,35.6007,241.84878886056,0
CFCV.US,D,20210824,000000,35.7377,35.7377,35.7377,35.7377,2.015406573838,0
CFCV.US,D,20210825,000000,35.9412,35.9412,35.9412,35.9412,7.0539230084329,0
CFCV.US,D,20210826,000000,35.9689,35.9689,35.8419,35.8419,192.47132780153,0
CFCV.US,D,20210827,000000,36.092,36.092,36.092,36.092,2.015406573838,0
CFCV.US,D,20210830,000000,36.0145,36.0145,36.0145,36.0145,7.0539230084329,0
CFCV.US,D,20210831,000000,35.9679,35.9679,35.9679,35.9679,5.038516434595,0
CFCV.US,D,20210901,000000,35.9779,35.9779,35.9779,35.9779,39.300428189841,0
CFCV.US,D,20210902,000000,36.0771,36.0771,36.0771,36.0771,1.007703286919,0
CFCV.US,D,20210903,000000,35.9878,35.9878,35.9878,35.9878,1.007703286919,0
CFCV.US,D,20210907,000000,35.6305,35.6305,35.6305,35.6305,3.023109860757,0
CFCV.US,D,20210908,000000,35.4767,35.4767,35.4767,35.4767,1.007703286919,0
CFCV.US,D,20210909,000000,35.2752,35.2752,35.2752,35.2752,1.007703286919,0
CFCV.US,D,20210910,000000,35.046,35.046,35.046,35.046,11.084736156109,0
CFCV.US,D,20210913,000000,35.2842,35.2842,35.2842,35.2842,7.0539230084329,0
CFCV.US,D,20210914,000000,34.8476,34.8476,34.8297,34.8297,2051.6838921671,0
CFCV.US,D,20210915,000000,35.1006,35.1006,35.1006,35.1006,7.0539230084329,0
CFCV.US,D,20210916,000000,35.0073,35.0073,35.0073,35.0073,1.007703286919,0
CFCV.US,D,20210917,000000,34.6848,34.6848,34.6848,34.6848,7.0539230084329,0
CFCV.US,D,20210920,000000,34.2074,34.2074,34.2074,34.2074,106.81654841341,0
CFCV.US,D,20210921,000000,34.1936,34.1936,34.1936,34.1936,1.007703286919,0
CFCV.US,D,20210922,000000,34.5151,34.5151,34.5151,34.5151,7.0539230084329,0
CFCV.US,D,20210923,000000,35.0252,35.0252,35.0252,35.0252,9.0693295822709,0
CFCV.US,D,20210924,000000,35.0867,35.0867,35.0867,35.0867,3.023109860757,0
CFCV.US,D,20210927,000000,35.2703,35.2703,35.1989,35.1989,205.57147053147,0
CFCV.US,D,20210928,000000,34.7096,34.7096,34.7096,34.7096,1.007703286919,0
CFCV.US,D,20210929,000000,34.6898,34.6898,34.6898,34.6898,30.23109860757,0
CFCV.US,D,20210930,000000,34.5697,34.5697,34.1966,34.1966,638.88388390664,0
CFCV.US,D,20211001,000000,34.6164,34.6164,34.6164,34.6164,23.177175599137,0
CFCV.US,D,20211004,000000,34.3832,34.3832,34.3832,34.3832,18.138659164542,0
CFCV.US,D,20211005,000000,34.669,34.669,34.669,34.669,1.007703286919,0
CFCV.US,D,20211006,000000,34.7037,34.7037,34.7037,34.7037,1.007703286919,0
CFCV.US,D,20211007,000000,34.9577,34.9577,34.9577,34.9577,1.007703286919,0
CFCV.US,D,20211008,000000,34.8506,34.8506,34.8506,34.8506,1.007703286919,0
CFCV.US,D,20211011,000000,34.4506,34.4506,34.4506,34.4506,1.007703286919,0
CFCV.US,D,20211012,000000,34.3425,34.3425,34.3425,34.3425,27.207988746813,0
CFCV.US,D,20211013,000000,34.2343,34.4,34.2343,34.4,2482.9808989684,0
CFCV.US,D,20211014,000000,35.0302,35.0302,35.0302,35.0302,24.184878886056,0
CFCV.US,D,20211015,000000,35.3765,35.3765,35.3765,35.3765,24.184878886056,0
CFCV.US,D,20211018,000000,35.3269,35.3269,35.3269,35.3269,2.015406573838,0
CFCV.US,D,20211019,000000,35.6305,35.6305,35.6305,35.6305,1.007703286919,0
CFCV.US,D,20211020,000000,35.8994,35.8994,35.8994,35.8994,1.007703286919,0
CFCV.US,D,20211021,000000,35.9104,35.9104,35.9104,35.9104,1.007703286919,0
CFCV.US,D,20211022,000000,36.0671,36.0671,36.0671,36.0671,4.030813147676,0
CFCV.US,D,20211025,000000,36.0473,36.0473,36.0473,36.0473,2.015406573838,0
CFCV.US,D,20211026,000000,36.1058,36.1058,36.1058,36.1058,1.007703286919,0
CFCV.US,D,20211027,000000,35.7724,35.7724,35.7724,35.7724,1.007703286919,0
CFCV.US,D,20211028,000000,35.9987,35.9987,35.9987,35.9987,1.007703286919,0
CFCV.US,D,20211029,000000,35.9024,35.9024,35.9024,35.9024,1.007703286919,0
CFCV.US,D,20211101,000000,35.9907,36.0443,35.9907,36.0443,3141.0111453265,0
CFCV.US,D,20211102,000000,36.1654,36.1654,36.1654,36.1654,1.007703286919,0
CFCV.US,D,20211103,000000,36.3341,36.3341,36.3341,36.3341,1.007703286919,0
CFCV.US,D,20211104,000000,36.2309,36.2309,36.2309,36.2309,47.362054485193,0
CFCV.US,D,20211105,000000,36.4809,36.4809,36.4809,36.4809,1.007703286919,0
CFCV.US,D,20211108,000000,36.612,36.612,36.612,36.612,13.100142729947,0
CFCV.US,D,20211109,000000,36.5455,36.5455,36.5455,36.5455,13.100142729947,0
CFCV.US,D,20211110,000000,36.4393,36.4393,36.4393,36.4393,29.223395320651,0
CFCV.US,D,20211111,000000,36.3242,36.3242,36.3242,36.3242,53.408274206707,0
CFCV.US,D,20211112,000000,36.3668,36.4403,36.3668,36.4403,707.40770741713,0
CFCV.US,D,20211115,000000,36.3361,36.3361,36.3361,36.3361,1.007703286919,0
CFCV.US,D,20211116,000000,36.4323,36.4323,36.4323,36.4323,13.100142729947,0
CFCV.US,D,20211117,000000,36.2765,36.2765,36.2765,36.2765,34.261911755246,0
CFCV.US,D,20211118,000000,36.1336,36.1336,36.1336,36.1336,13.100142729947,0
CFCV.US,D,20211119,000000,35.8707,35.8707,35.8707,35.8707,5.038516434595,0
CFCV.US,D,20211122,000000,35.8915,35.8915,35.8915,35.8915,13.100142729947,0
CFCV.US,D,20211123,000000,36.091,36.091,36.091,36.091,8.0616262953519,0
CFCV.US,D,20211124,000000,36.2349,36.2349,36.2349,36.2349,1.007703286919,0
CFCV.US,D,20211126,000000,35.3189,35.3189,35.3189,35.3189,15.115549303785,0
CFCV.US,D,20211129,000000,35.5879,35.5879,35.5879,35.5879,1.007703286919,0
CFCV.US,D,20211130,000000,34.7275,34.7275,34.7275,34.7275,1.007703286919,0
CFCV.US,D,20211201,000000,34.4655,34.4655,34.4655,34.4655,25.192582172975,0
CFCV.US,D,20211202,000000,35.1651,35.1651,35.1651,35.1651,1.007703286919,0
CFCV.US,D,20211203,000000,35.1819,35.1819,35.1046,35.1046,120.92439443028,0
CFCV.US,D,20211206,000000,35.6573,35.6573,35.6573,35.6573,1.007703286919,0
CFCV.US,D,20211207,000000,36.1108,36.1108,36.1108,36.1108,1.007703286919,0
CFCV.US,D,20211208,000000,35.9997,35.9997,35.9997,35.9997,1.007703286919,0
CFCV.US,D,20211209,000000,35.9719,35.9719,35.9024,35.9024,106.81654841341,0
CFCV.US,D,20211210,000000,36.0463,36.0463,36.0463,36.0463,1.007703286919,0
CFCV.US,D,20211213,000000,35.7526,35.7526,35.7526,35.7526,1.007703286919,0
CFCV.US,D,20211214,000000,35.6534,35.6534,35.6534,35.6534,1.007703286919,0
CFCV.US,D,20211215,000000,36.0096,36.0096,36.0096,36.0096,17.130955877623,0
CFCV.US,D,20211216,000000,36.1952,36.1952,36.1952,36.1952,1.007703286919,0
CFCV.US,D,20211217,000000,35.828,35.828,35.828,35.828,1.007703286919,0
CFCV.US,D,20211220,000000,35.3378,35.3378,35.3378,35.3378,14.107846016866,0
CFCV.US,D,20211221,000000,35.9014,35.9014,35.9014,35.9014,10.07703286919,0
CFCV.US,D,20211222,000000,36.1277,36.1277,36.1277,36.1277,1.007703286919,0
CFCV.US,D,20211223,000000,36.3619,36.3619,36.3619,36.3619,1.007703286919,0
CFCV.US,D,20211227,000000,35.1721,35.1721,35.1721,35.1721,14.107846016866,0
CFCV.US,D,20211228,000000,35.2038,35.2038,35.2038,35.2038,1.007703286919,0
CFCV.US,D,20211229,000000,35.5343,35.5343,35.2922,35.2922,445.40485281819,0
CFCV.US,D,20211230,000000,35.1889,35.1889,35.1889,35.1889,1.007703286919,0
CFCV.US,D,20211231,000000,35.3328,35.3328,35.3328,35.3328,1.007703286919,0
CFCV.US,D,20220103,000000,35.4152,35.4152,35.4152,35.4152,5.038516434595,0
CFCV.US,D,20220104,000000,35.8369,35.8369,35.8369,35.8369,2.015406573838,0
CFCV.US,D,20220105,000000,35.4172,35.4172,35.4172,35.4172,28.215692033732,0
CFCV.US,D,20220106,000000,35.4956,35.4956,35.4956,35.4956,2.015406573838,0
CFCV.US,D,20220107,000000,35.4946,35.5244,35.4846,35.5244,4910.5381171562,0
CFCV.US,D,20220110,000000,35.4251,35.4251,35.4251,35.4251,1.007703286919,0
CFCV.US,D,20220111,000000,35.695,35.695,35.695,35.695,20.15406573838,0
CFCV.US,D,20220112,000000,35.8211,35.8211,35.8211,35.8211,2.015406573838,0
CFCV.US,D,20220113,000000,35.4966,35.4966,35.4966,35.4966,2.015406573838,0
CFCV.US,D,20220114,000000,35.3249,35.3249,35.3249,35.3249,4.030813147676,0
CFCV.US,D,20220118,000000,37.001,37.001,34.7543,34.7543,164.2556357678,0
CFCV.US,D,20220119,000000,34.4248,34.4248,34.4248,34.4248,14.107846016866,0
CFCV.US,D,20220120,000000,34.0318,34.0318,34.0318,34.0318,14.107846016866,0
CFCV.US,D,20220121,000000,33.6161,33.6161,33.6161,33.6161,99.76262540498,0
CFCV.US,D,20220124,000000,33.6527,33.6527,33.6527,33.6527,106.81654841341,0
CFCV.US,D,20220125,000000,33.6349,33.6349,33.6349,33.6349,105.80884512649,0
CFCV.US,D,20220126,000000,33.5118,33.5118,33.5118,33.5118,105.80884512649,0
CFCV.US,D,20220127,000000,33.2896,33.2896,33.2896,33.2896,100.7703286919,0
CFCV.US,D,20220128,000000,33.7888,33.7888,33.7888,33.7888,6.0462197215139,0
CFCV.US,D,20220131,000000,34.1926,34.1926,34.1926,34.1926,2.015406573838,0
CFCV.US,D,20220201,000000,34.4368,34.4368,34.4368,34.4368,105.80884512649,0
CFCV.US,D,20220202,000000,34.7215,34.7215,34.7215,34.7215,43.331241337517,0
CFCV.US,D,20220203,000000,34.3285,34.3285,34.3285,34.3285,105.80884512649,0
CFCV.US,D,20220204,000000,34.3067,34.3067,34.3067,34.3067,105.80884512649,0
CFCV.US,D,20220207,000000,34.2244,34.2244,34.2244,34.2244,105.80884512649,0
CFCV.US,D,20220208,000000,34.664,34.664,34.664,34.664,1.007703286919,0
CFCV.US,D,20220209,000000,34.9299,35.1135,34.9299,35.1135,1513.5703369523,0
CFCV.US,D,20220210,000000,34.5707,34.5707,34.5707,34.5707,2.015406573838,0
CFCV.US,D,20220211,000000,34.1033,34.1033,34.1033,34.1033,105.80884512649,0
CFCV.US,D,20220214,000000,33.9127,33.9127,33.9127,33.9127,115.88587799568,0
CFCV.US,D,20220215,000000,34.2323,34.2323,34.2323,34.2323,4.030813147676,0
CFCV.US,D,20220216,000000,34.2869,34.2869,34.2869,34.2869,30.23109860757,0
CFCV.US,D,20220217,000000,33.618,33.618,33.618,33.618,30.23109860757,0
CFCV.US,D,20220218,000000,33.6517,33.6517,33.4721,33.4721,101.77803197882,0
CFCV.US,D,20220222,000000,33.1556,33.1754,33.0227,33.0227,7075.0847774582,0
CFCV.US,D,20220223,000000,32.1235,32.1235,32.1235,32.1235,6.0462197215139,0
CFCV.US,D,20220224,000000,32.2446,32.2446,32.2446,32.2446,15.115549303785,0
CFCV.US,D,20220225,000000,33.1566,33.1566,33.1566,33.1566,6.0462197215139,0
CFCV.US,D,20220228,000000,32.9184,32.9502,32.9184,32.9502,6055.2890510962,0
CFCV.US,D,20220301,000000,32.1623,32.1623,32.1623,32.1623,6.0462197215139,0
CFCV.US,D,20220302,000000,32.9284,32.9284,32.7606,32.7606,110.84736156109,0
CFCV.US,D,20220303,000000,32.6972,32.6972,32.6972,32.6972,14.107846016866,0
CFCV.US,D,20220304,000000,32.4113,32.4113,32.4113,32.4113,3.023109860757,0
CFCV.US,D,20220307,000000,31.4686,31.4686,31.4686,31.4686,3.023109860757,0
CFCV.US,D,20220308,000000,31.3634,31.3634,31.3634,31.3634,3.023109860757,0
CFCV.US,D,20220309,000000,32.0779,32.0779,32.0779,32.0779,3.023109860757,0
CFCV.US,D,20220310,000000,32.1087,32.1087,32.1087,32.1087,12.092439443028,0
CFCV.US,D,20220311,000000,31.9003,31.9003,31.9003,31.9003,3.023109860757,0
CFCV.US,D,20220314,000000,32.3825,32.6108,31.9509,31.9509,4383.5092980976,0
CFCV.US,D,20220315,000000,32.4153,32.4153,32.4153,32.4153,114.87817470877,0
CFCV.US,D,20220316,000000,32.9194,32.9194,32.9194,32.9194,27.207988746813,0
CFCV.US,D,20220317,000000,33.3938,33.3938,33.3938,33.3938,46.354351198274,0
CFCV.US,D,20220318,000000,33.623,33.623,33.623,33.623,4.030813147676,0
CFCV.US,D,20220321,000000,33.5892,33.5892,33.5892,33.5892,52.400570919788,0
CFCV.US,D,20220322,000000,33.8591,33.8591,33.8591,33.8591,42.323538050598,0
CFCV.US,D,20220323,000000,33.4781,33.4781,33.4781,33.4781,16.123252590704,0
CFCV.US,D,20220324,000000,33.7868,33.7868,33.7868,33.7868,23.177175599137,0
CFCV.US,D,20220325,000000,34.0547,34.0547,34.0547,34.0547,3.023109860757,0
CFCV.US,D,20220328,000000,34.1684,34.1684,34.1684,34.1684,22.169472312218,0
CFCV.US,D,20220329,000000,34.2859,34.4348,34.2859,34.4223,3325.4208468327,0
CFCV.US,D,20220330,000000,34.2924,34.2924,34.2924,34.2924,70.539230084329,0
CFCV.US,D,20220331,000000,33.8896,33.8896,33.8896,33.8896,93.716405683466,0
CFCV.US,D,20220401,000000,33.9321,33.9321,33.9321,33.9321,221.69472312218,0
CFCV.US,D,20220404,000000,33.9334,33.9334,33.9334,33.9334,14.107846016866,0
CFCV.US,D,20220405,000000,33.6261,33.6261,33.6261,33.6261,10.07703286919,0
CFCV.US,D,20220406,000000,33.5704,33.5704,33.5704,33.5704,3.023109860757,0
CFCV.US,D,20220407,000000,33.361,33.361,33.361,33.361,3.023109860757,0
CFCV.US,D,20220408,000000,33.6607,33.6607,33.6607,33.6607,3.023109860757,0
CFCV.US,D,20220411,000000,33.3304,33.3304,33.3304,33.3304,3.023109860757,0
CFCV.US,D,20220412,000000,33.27,33.27,33.27,33.27,5.038516434595,0
CFCV.US,D,20220413,000000,33.4213,33.4213,33.4213,33.4213,16.123252590704,0
CFCV.US,D,20220414,000000,33.2163,33.2163,33.2163,33.2163,5.038516434595,0
CFCV.US,D,20220418,000000,33.0209,33.0209,33.0209,33.0209,2.015406573838,0
CFCV.US,D,20220419,000000,33.5505,33.5505,33.5505,33.5505,3.023109860757,0
CFCV.US,D,20220420,000000,33.7521,33.7521,33.7521,33.7521,12.092439443028,0
CFCV.US,D,20220421,000000,33.9187,33.9187,33.3761,33.3761,139.06305359482,0
CFCV.US,D,20220422,000000,32.4887,32.4887,32.4887,32.4887,1.007703286919,0
CFCV.US,D,20220425,000000,32.5492,32.5492,32.5492,32.5492,122.93980100412,0
CFCV.US,D,20220426,000000,31.8729,31.8729,31.8729,31.8729,122.93980100412,0
CFCV.US,D,20220427,000000,31.9455,31.9455,31.9455,31.9455,20.15406573838,0
CFCV.US,D,20220428,000000,32.3118,32.3118,32.3118,32.3118,122.93980100412,0
CFCV.US,D,20220429,000000,31.2341,31.2341,31.2341,31.2341,15.115549303785,0
CFCV.US,D,20220502,000000,31.3413,31.3413,31.3413,31.3413,122.93980100412,0
CFCV.US,D,20220503,000000,31.5569,31.5828,31.5569,31.5828,131.00142729947,0
CFCV.US,D,20220504,000000,32.4486,32.4486,32.4486,32.4486,122.93980100412,0
CFCV.US,D,20220505,000000,31.5251,31.5251,31.5251,31.5251,122.93980100412,0
CFCV.US,D,20220506,000000,31.3175,31.3175,31.3175,31.3175,122.93980100412,0
CFCV.US,D,20220509,000000,30.6142,30.6322,30.6142,30.6322,2046.6453757325,0
CFCV.US,D,20220510,000000,30.4909,30.4909,30.4909,30.4909,122.93980100412,0
CFCV.US,D,20220511,000000,30.1919,30.1919,30.1919,30.1919,5.038516434595,0
CFCV.US,D,20220512,000000,30.1719,30.1719,30.1719,30.1719,122.93980100412,0
CFCV.US,D,20220513,000000,30.6782,30.6782,30.6782,30.6782,3.023109860757,0
CFCV.US,D,20220516,000000,30.6782,30.6782,30.5824,30.5824,122.93980100412,0
CFCV.US,D,20220517,000000,31.2322,31.2322,31.2322,31.2322,122.93980100412,0
CFCV.US,D,20220518,000000,30.3374,30.3374,30.3374,30.3374,122.93980100412,0
CFCV.US,D,20220519,000000,30.1901,30.1901,30.1901,30.1901,1.007703286919,0
CFCV.US,D,20220520,000000,29.9978,29.9978,29.9978,29.9978,3.023109860757,0
CFCV.US,D,20220523,000000,30.5839,30.5839,30.5839,30.5839,122.93980100412,0
CFCV.US,D,20220524,000000,30.5982,30.5982,30.5982,30.5982,13.100142729947,0
CFCV.US,D,20220525,000000,30.7886,30.7886,30.7886,30.7886,50.38516434595,0
CFCV.US,D,20220526,000000,31.2096,31.2607,31.1898,31.2607,1416.8308214081,0
CFCV.US,D,20220527,000000,31.8368,31.8368,31.8368,31.8368,50.38516434595,0
CFCV.US,D,20220531,000000,31.6642,31.6642,31.6642,31.6642,1.007703286919,0
CFCV.US,D,20220601,000000,31.3669,31.3669,31.3669,31.3669,122.93980100412,0
CFCV.US,D,20220602,000000,31.4478,31.7481,31.4478,31.7481,705.39230084329,0
CFCV.US,D,20220603,000000,31.5463,31.5463,31.5463,31.5463,1.007703286919,0
CFCV.US,D,20220606,000000,31.4657,31.4657,31.4657,31.4657,1.007703286919,0
CFCV.US,D,20220607,000000,31.6066,31.7416,31.6066,31.7416,101.77803197882,0
CFCV.US,D,20220608,000000,31.2847,31.2847,31.2847,31.2847,1.007703286919,0
CFCV.US,D,20220609,000000,30.6689,30.6689,30.6689,30.6689,13.100142729947,0
CFCV.US,D,20220610,000000,29.9558,29.9558,29.9558,29.9558,2.015406573838,0
CFCV.US,D,20220613,000000,28.9455,28.9455,28.9455,28.9455,1.007703286919,0
CFCV.US,D,20220614,000000,28.699,28.699,28.699,28.699,2.015406573838,0
CFCV.US,D,20220615,000000,28.9584,28.9584,28.9584,28.9584,16.123252590704,0
CFCV.US,D,20220616,000000,28.0409,28.0409,28.0409,28.0409,14.107846016866,0
CFCV.US,D,20220617,000000,28.2387,28.2387,28.2387,28.2387,1.007703286919,0
CFCV.US,D,20220621,000000,28.7709,28.7709,28.7709,28.7709,2.015406573838,0
CFCV.US,D,20220622,000000,28.7705,28.7705,28.7705,28.7705,1.007703286919,0
CFCV.US,D,20220623,000000,28.4409,28.7208,28.4409,28.7208,403.0813147676,0
CFCV.US,D,20220624,000000,29.5266,29.5266,29.5266,29.5266,1.007703286919,0
CFCV.US,D,20220627,000000,29.5141,29.5141,29.5141,29.5141,15.0647477355,0
CFCV.US,D,20220628,000000,29.1274,29.1274,29.1274,29.1274,1.0043165157,0
CFCV.US,D,20220629,000000,29.0165,29.0165,29.0165,29.0165,27.1165459239,0
CFCV.US,D,20220630,000000,28.8065,28.8065,28.8065,28.8065,1.0043165157,0
CFCV.US,D,20220701,000000,29.1202,29.1202,29.1202,29.1202,1.0043165157,0
CFCV.US,D,20220705,000000,28.9281,28.9281,28.9281,28.9281,1.0043165157,0
CFCV.US,D,20220706,000000,28.9953,28.9953,28.9953,28.9953,1.0043165157,0
CFCV.US,D,20220707,000000,29.2736,29.3484,29.2736,29.3484,195.8417205615,0
CFCV.US,D,20220708,000000,29.3224,29.3224,29.3224,29.3224,1.0043165157,0
CFCV.US,D,20220711,000000,29.0329,29.0329,29.0329,29.0329,1.0043165157,0
CFCV.US,D,20220712,000000,28.8623,28.8623,28.8623,28.8623,20.086330314,0
CFCV.US,D,20220713,000000,28.7686,28.7686,28.7686,28.7686,1.0043165157,0
CFCV.US,D,20220714,000000,28.5529,28.5529,28.5529,28.5529,1.0043165157,0
CFCV.US,D,20220715,000000,29.1666,29.1666,29.1666,29.1666,1.0043165157,0
CFCV.US,D,20220718,000000,28.9267,28.9267,28.9267,28.9267,1.0043165157,0
CFCV.US,D,20220719,000000,29.7268,29.7268,29.7268,29.7268,1.0043165157,0
CFCV.US,D,20220720,000000,29.807,29.807,29.807,29.807,1.0043165157,0
CFCV.US,D,20220721,000000,30.036,30.036,30.036,30.036,14.0604312198,0
CFCV.US,D,20220722,000000,29.9509,29.9509,29.9509,29.9509,3.0129495471,0
CFCV.US,D,20220725,000000,30.166,30.166,30.166,30.166,3.0129495471,0
CFCV.US,D,20220726,000000,29.9898,29.9898,29.9898,29.9898,3.0129495471,0
CFCV.US,D,20220727,000000,30.4531,30.4531,30.4531,30.4531,3.0129495471,0
CFCV.US,D,20220728,000000,30.6893,30.6893,30.6893,30.6893,3.0129495471,0
CFCV.US,D,20220729,000000,30.7871,30.9227,30.7871,30.9227,301.29495471,0
CFCV.US,D,20220801,000000,30.7585,30.7585,30.7585,30.7585,8.0345321256,0
CFCV.US,D,20220802,000000,30.5333,30.5333,30.5333,30.5333,5.0215825785,0
CFCV.US,D,20220803,000000,30.9464,30.9464,30.9464,30.9464,2.0086330314,0
CFCV.US,D,20220804,000000,31.031,31.031,31.031,31.031,3.0129495471,0
CFCV.US,D,20220805,000000,31.0822,31.0822,31.0822,31.0822,2.0086330314,0
CFCV.US,D,20220808,000000,31.0736,31.0736,31.0736,31.0736,2.0086330314,0
CFCV.US,D,20220809,000000,30.9485,30.9485,30.9485,30.9485,2.0086330314,0
CFCV.US,D,20220810,000000,31.5086,31.5086,31.5086,31.5086,2.0086330314,0
CFCV.US,D,20220811,000000,31.6385,31.6385,31.6385,31.6385,2.0086330314,0
CFCV.US,D,20220812,000000,32.1443,32.1443,32.1443,32.1443,28.1208624396,0
CFCV.US,D,20220815,000000,32.2284,32.2284,32.2284,32.2284,11.0474816727,0
CFCV.US,D,20220816,000000,32.3755,32.3755,32.3755,32.3755,2.0086330314,0
CFCV.US,D,20220817,000000,32.0818,32.0818,32.0818,32.0818,2.0086330314,0
CFCV.US,D,20220818,000000,32.1633,32.1633,32.1633,32.1633,2.0086330314,0
CFCV.US,D,20220819,000000,31.8577,31.8577,31.8577,31.8577,50.215825785,0
CFCV.US,D,20220822,000000,31.2574,31.2574,31.2574,31.2574,20.086330314,0
CFCV.US,D,20220823,000000,31.1811,31.1811,31.1811,31.1811,2.0086330314,0
CFCV.US,D,20220824,000000,31.2481,31.2481,31.2481,31.2481,3.0129495471,0
CFCV.US,D,20220825,000000,31.6529,31.6529,31.6529,31.6529,19.0820137983,0
CFCV.US,D,20220826,000000,30.8178,30.8178,30.8178,30.8178,19.0820137983,0
CFCV.US,D,20220829,000000,30.7138,30.7138,30.7138,30.7138,2.0086330314,0
CFCV.US,D,20220830,000000,30.3712,30.3712,30.3712,30.3712,19.0820137983,0
CFCV.US,D,20220831,000000,30.1867,30.1867,30.1867,30.1867,63.2719404891,0
CFCV.US,D,20220901,000000,30.2514,30.2514,30.2514,30.2514,1.0043165157,0
CFCV.US,D,20220902,000000,29.914,29.914,29.914,29.914,1.0043165157,0
CFCV.US,D,20220906,000000,29.8061,29.8061,29.8061,29.8061,1.0043165157,0
CFCV.US,D,20220907,000000,30.4226,30.4226,30.4226,30.4226,23.0992798611,0
CFCV.US,D,20220908,000000,30.6092,30.6092,30.6092,30.6092,1.0043165157,0
CFCV.US,D,20220909,000000,31.0416,31.0416,31.0416,31.0416,1.0043165157,0
CFCV.US,D,20220912,000000,31.2732,31.2732,31.2732,31.2732,23.0992798611,0
CFCV.US,D,20220913,000000,30.7871,30.7871,30.1535,30.1535,23.0992798611,0
CFCV.US,D,20220914,000000,30.0746,30.0746,30.0746,30.0746,20.086330314,0
CFCV.US,D,20220915,000000,29.8953,29.8953,29.8953,29.8953,23.0992798611,0
CFCV.US,D,20220916,000000,29.6383,29.6383,29.6383,29.6383,1.0043165157,0
CFCV.US,D,20220919,000000,29.8959,29.8959,29.8959,29.8959,6.0258990942,0
CFCV.US,D,20220920,000000,29.4906,29.4906,29.4906,29.4906,10.043165157,0
CFCV.US,D,20220921,000000,29.3435,29.3435,29.3435,29.3435,6.0258990942,0
CFCV.US,D,20220922,000000,28.6658,28.6658,28.6658,28.6658,23.0992798611,0
CFCV.US,D,20220923,000000,28.1278,28.1278,28.1278,28.1278,1.0043165157,0
CFCV.US,D,20220926,000000,27.8002,27.8002,27.8002,27.8002,9.0388486413,0
CFCV.US,D,20220927,000000,27.6497,27.6497,27.6497,27.6497,5,0
CFCV.US,D,20220928,000000,28.2156,28.2156,28.2156,28.2156,1,0
CFCV.US,D,20220929,000000,27.69,27.69,27.69,27.69,34,0
CFCV.US,D,20220930,000000,27.3501,27.3501,27.3501,27.3501,2,0
CFCV.US,D,20221003,000000,28.1295,28.1295,28.1295,28.1295,1,0
CFCV.US,D,20221004,000000,28.9162,28.9162,28.9162,28.9162,9,0
CFCV.US,D,20221005,000000,28.7864,28.7864,28.7864,28.7864,9,0
CFCV.US,D,20221006,000000,28.4203,28.4203,28.4203,28.4203,9,0
CFCV.US,D,20221007,000000,27.7959,27.7959,27.7959,27.7959,9,0
CFCV.US,D,20221010,000000,27.6761,27.6761,27.6761,27.6761,9,0
CFCV.US,D,20221011,000000,27.5182,27.5182,27.5182,27.5182,9,0
CFCV.US,D,20221012,000000,27.3461,27.3461,27.3461,27.3461,9,0
CFCV.US,D,20221013,000000,28.0601,28.0601,28.0601,28.0601,9,0
CFCV.US,D,20221014,000000,27.5457,27.5457,27.5457,27.5457,9,0
CFCV.US,D,20221017,000000,28.2069,28.2069,28.2069,28.2069,9,0
CFCV.US,D,20221018,000000,28.5485,28.5485,28.5485,28.5485,9,0
CFCV.US,D,20221019,000000,28.3111,28.3111,28.3111,28.3111,9,0
CFCV.US,D,20221020,000000,28.0952,28.0952,28.0952,28.0952,9,0
CFCV.US,D,20221021,000000,28.7521,28.7521,28.7521,28.7521,9,0
CFCV.US,D,20221024,000000,29.0484,29.0484,29.0484,29.0484,9,0
CFCV.US,D,20221025,000000,29.4474,29.4474,29.4474,29.4474,9,0
CFCV.US,D,20221026,000000,29.5833,29.5833,29.5833,29.5833,6,0
CFCV.US,D,20221027,000000,29.701,29.701,29.701,29.701,9,0
CFCV.US,D,20221028,000000,30.3497,30.3497,30.3497,30.3497,9,0
CFCV.US,D,20221031,000000,30.1818,30.1818,30.1818,30.1818,9,0
CFCV.US,D,20221101,000000,30.1149,30.1149,30.1149,30.1149,27,0
CFCV.US,D,20221102,000000,29.5741,29.5741,29.5741,29.5741,4,0
CFCV.US,D,20221103,000000,29.432,29.432,29.432,29.432,9,0
CFCV.US,D,20221104,000000,29.9046,29.9046,29.9046,29.9046,9,0
CFCV.US,D,20221107,000000,29.99,30.1639,29.98,30.1639,12400,0
CFCV.US,D,20221108,000000,30.25,30.45,30.21,30.4079,3108,0
CFCV.US,D,20221109,000000,30.13,30.13,30.05,30.05,216,0
CFCV.US,D,20221110,000000,31.2097,31.2097,31.2097,31.2097,9,0
CFCV.US,D,20221111,000000,31.2633,31.2633,31.2633,31.2633,9,0
CFCV.US,D,20221114,000000,31.1152,31.1152,31.1152,31.1152,1,0
CFCV.US,D,20221115,000000,31.1897,31.1897,31.1897,31.1897,1,0
CFCV.US,D,20221116,000000,31.1849,31.1849,31.1849,31.1849,1,0
CFCV.US,D,20221117,000000,30.99,30.99,30.99,30.99,28,0
CFCV.US,D,20221118,000000,31.3785,31.3785,31.3785,31.3785,1,0
CFCV.US,D,20221121,000000,31.3666,31.3666,31.3666,31.3666,1,0
CFCV.US,D,20221122,000000,31.7615,31.7615,31.7615,31.7615,1,0
CFCV.US,D,20221123,000000,32.0062,32.0062,32.0062,32.0062,1,0
CFCV.US,D,20221125,000000,32.1125,32.1125,32.1125,32.1125,1,0
CFCV.US,D,20221128,000000,31.6009,31.6009,31.6009,31.6009,1,0
CFCV.US,D,20221129,000000,31.46,31.6318,31.46,31.6318,240,0
CFCV.US,D,20221130,000000,32.3112,32.3112,32.3112,32.3112,1,0
CFCV.US,D,20221201,000000,32.2961,32.2961,32.2961,32.2961,3,0
CFCV.US,D,20221202,000000,32.3317,32.3317,32.3317,32.3317,1,0
CFCV.US,D,20221205,000000,31.8126,31.8126,31.8126,31.8126,1,0
CFCV.US,D,20221206,000000,31.499,31.499,31.499,31.499,1,0
CFCV.US,D,20221207,000000,31.4303,31.4303,31.4303,31.4303,1,0
CFCV.US,D,20221208,000000,31.6292,31.6292,31.6292,31.6292,1,0
CFCV.US,D,20221209,000000,31.4166,31.4166,31.4166,31.4166,1,0
CFCV.US,D,20221212,000000,31.8566,31.8566,31.8566,31.8566,1,0
CFCV.US,D,20221213,000000,32.0372,32.0372,32.0372,32.0372,1,0
CFCV.US,D,20221214,000000,32.02,32.02,32.02,32.02,1,0
CFCV.US,D,20221215,000000,31.0028,31.0028,31.0028,31.0028,1,0
CFCV.US,D,20221216,000000,30.7615,30.7615,30.7615,30.7615,2,0
CFCV.US,D,20221219,000000,30.4952,30.4952,30.4952,30.4952,1,0
CFCV.US,D,20221220,000000,30.5444,30.5444,30.5444,30.5444,3,0
CFCV.US,D,20221221,000000,30.9056,30.9056,30.9056,30.9056,1,0
CFCV.US,D,20221222,000000,30.6484,30.6484,30.6484,30.6484,1,0
CFCV.US,D,20221223,000000,30.67,30.67,30.62,30.63,8900,0
CFCV.US,D,20221227,000000,30.09,30.09,30.09,30.09,100,0
CFCV.US,D,20221228,000000,29.83,29.83,29.83,29.83,100,0
CFCV.US,D,20221229,000000,30.23,30.23,30.23,30.23,212,0
CFCV.US,D,20221230,000000,30.12,30.12,30.12,30.12,102,0
CFCV.US,D,20230103,000000,30.14,30.14,30.14,30.14,102,0
CFCV.US,D,20230104,000000,30.44,30.44,30.44,30.44,100,0
CFCV.US,D,20230105,000000,30.07,30.07,30.07,30.07,100,0
CFCV.US,D,20230106,000000,30.42,30.8,30.42,30.8,586,0
CFCV.US,D,20230109,000000,30.8,30.8,30.8,30.8,100,0
CFCV.US,D,20230110,000000,30.94,30.94,30.94,30.94,100,0
CFCV.US,D,20230111,000000,31.22,31.22,31.22,31.22,100,0
CFCV.US,D,20230112,000000,31.34,31.34,31.34,31.34,100,0
CFCV.US,D,20230113,000000,31.46,31.46,31.46,31.46,100,0
CFCV.US,D,20230117,000000,31.575,31.575,31.26,31.26,203,0
CFCV.US,D,20230118,000000,30.64,30.64,30.64,30.64,100,0
CFCV.US,D,20230119,000000,30.22,30.22,30.22,30.22,100,0
CFCV.US,D,20230120,000000,30.67,30.67,30.67,30.67,101,0
CFCV.US,D,20230123,000000,30.92,30.92,30.92,30.92,100,0
CFCV.US,D,20230124,000000,30.98,30.98,30.98,30.98,101,0
CFCV.US,D,20230125,000000,31.1014,31.1014,31.1014,31.1014,1,0
CFCV.US,D,20230126,000000,31.3283,31.3283,31.3283,31.3283,1,0
CFCV.US,D,20230127,000000,31.4242,31.4242,31.4242,31.4242,1,0
CFCV.US,D,20230130,000000,31.1852,31.1852,31.1852,31.1852,1,0
CFCV.US,D,20230131,000000,31.5722,31.5722,31.5722,31.5722,2,0
CFCV.US,D,20230201,000000,31.49,31.7495,31.395,31.7495,571,0
CFCV.US,D,20230202,000000,31.46,31.9859,31.46,31.9859,106,0
CFCV.US,D,20230203,000000,31.7807,31.7807,31.7807,31.7807,1,0
CFCV.US,D,20230206,000000,31.6839,31.6839,31.6839,31.6839,1,0
CFCV.US,D,20230207,000000,31.9374,31.9374,31.9374,31.9374,1,0
CFCV.US,D,20230208,000000,31.6423,31.6423,31.6423,31.6423,1,0
CFCV.US,D,20230209,000000,31.3403,31.3403,31.3403,31.3403,1,0
CFCV.US,D,20230210,000000,31.4763,31.4763,31.4763,31.4763,1,0
CFCV.US,D,20230213,000000,31.7366,31.7366,31.7366,31.7366,15,0
CFCV.US,D,20230214,000000,31.835,31.835,31.7043,31.7043,100,0
CFCV.US,D,20230215,000000,31.7939,31.7939,31.7939,31.7939,15,0
CFCV.US,D,20230216,000000,31.5683,31.5683,31.5683,31.5683,15,0
CFCV.US,D,20230217,000000,31.7368,31.7368,31.7368,31.7368,15,0
CFCV.US,D,20230221,000000,31.0626,31.0626,31.0626,31.0626,15,0
CFCV.US,D,20230222,000000,31.008,31.008,31.008,31.008,15,0
CFCV.US,D,20230223,000000,31,31.1441,31,31.1441,200,0
CFCV.US,D,20230224,000000,30.9404,30.9404,30.9404,30.9404,15,0
CFCV.US,D,20230227,000000,30.931,30.931,30.931,30.931,15,0
CFCV.US,D,20230228,000000,30.8964,30.8964,30.8964,30.8964,40,0
CFCV.US,D,20230301,000000,31,31,30.7851,30.7851,15,0
CFCV.US,D,20230302,000000,30.8577,30.8577,30.8577,30.8577,15,0
CFCV.US,D,20230303,000000,31.2746,31.2746,31.2746,31.2746,1,0
CFCV.US,D,20230306,000000,31.3326,31.3326,31.3326,31.3326,1,0
CFCV.US,D,20230307,000000,30.8461,30.8461,30.8461,30.8461,1,0
CFCV.US,D,20230308,000000,30.882,30.882,30.882,30.882,1,0
CFCV.US,D,20230309,000000,30.2919,30.2919,30.2919,30.2919,1,0
CFCV.US,D,20230310,000000,29.7361,29.7361,29.7361,29.7361,1,0
CFCV.US,D,20230313,000000,31,31,29.6087,29.6087,1,0
CFCV.US,D,20230314,000000,30.0841,30.0841,30.0841,30.0841,1,0
CFCV.US,D,20230315,000000,29.6775,29.6775,29.6775,29.6775,1,0
CFCV.US,D,20230316,000000,29.22,30.1473,29.22,30.1473,193,0
CFCV.US,D,20230317,000000,29.6716,29.6716,29.6716,29.6716,1,0
CFCV.US,D,20230320,000000,29.9616,29.9616,29.9616,29.9616,1,0
CFCV.US,D,20230321,000000,30.3035,30.3035,30.3035,30.3035,1,0
CFCV.US,D,20230322,000000,29.853,29.853,29.853,29.853,3,0
CFCV.US,D,20230323,000000,29.7661,29.7661,29.7661,29.7661,1,0
CFCV.US,D,20230324,000000,29.8643,29.8643,29.8643,29.8643,1,0
CFCV.US,D,20230327,000000,30.1034,30.1034,30.1034,30.1034,1,0
CFCV.US,D,20230328,000000,29.9448,29.9448,29.9448,29.9448,50,0
CFCV.US,D,20230329,000000,30.3968,30.3968,30.3968,30.3968,1,0
CFCV.US,D,20230330,000000,30.5054,30.5054,30.5054,30.5054,25,0
CFCV.US,D,20230331,000000,30.9142,30.9142,30.9142,30.9142,1,0
CFCV.US,D,20230403,000000,31.29,31.29,31.03,31.0657,261,0
CFCV.US,D,20230404,000000,30.7809,30.7809,30.7809,30.7809,1,0
CFCV.US,D,20230405,000000,30.7998,30.7998,30.7998,30.7998,1,0
CFCV.US,D,20230406,000000,30.8245,30.8245,30.8245,30.8245,1,0
CFCV.US,D,20230410,000000,30.9046,30.9046,30.9046,30.9046,1,0
CFCV.US,D,20230411,000000,31.0312,31.0312,31.0312,31.0312,1,0
CFCV.US,D,20230412,000000,30.9403,30.9403,30.9403,30.9403,1,0
CFCV.US,D,20230413,000000,31.1593,31.1593,31.1593,31.1593,1,0
CFCV.US,D,20230414,000000,31.1817,31.1817,31.1817,31.1817,1,0
CFCV.US,D,20230417,000000,31.323,31.323,31.323,31.323,2,0
CFCV.US,D,20230418,000000,31.3615,31.3615,31.3615,31.3615,2,0
CFCV.US,D,20230419,000000,31.2458,31.2458,31.2458,31.2458,2,0
CFCV.US,D,20230420,000000,31.1623,31.1623,31.1623,31.1623,3,0
CFCV.US,D,20230421,000000,31.1046,31.1046,31.1046,31.1046,2,0
CFCV.US,D,20230424,000000,31.1069,31.1069,31.1069,31.1069,2,0
CFCV.US,D,20230425,000000,30.6502,30.6502,30.6502,30.6502,2,0
CFCV.US,D,20230426,000000,30.4058,30.4058,30.4058,30.4058,2,0
CFCV.US,D,20230427,000000,31.096,31.096,31.096,31.096,2,0
CFCV.US,D,20230428,000000,31.4025,31.4025,31.4025,31.4025,2,0
CFCV.US,D,20230501,000000,31.71,31.71,31.4943,31.4943,117,0
CFCV.US,D,20230502,000000,31.0773,31.0773,31.0773,31.0773,1,0
CFCV.US,D,20230503,000000,30.8129,30.8129,30.8129,30.8129,1,0
CFCV.US,D,20230504,000000,30.5798,30.5798,30.5798,30.5798,1,0
CFCV.US,D,20230505,000000,30.9654,30.9654,30.9654,30.9654,3,0
CFCV.US,D,20230508,000000,30.9546,30.9546,30.9546,30.9546,3,0
CFCV.US,D,20230509,000000,30.7927,30.7927,30.7927,30.7927,3,0
CFCV.US,D,20230510,000000,30.7661,30.7661,30.7661,30.7661,3,0
CFCV.US,D,20230511,000000,30.6334,30.6334,30.6334,30.6334,3,0
CFCV.US,D,20230512,000000,30.6421,30.6421,30.6421,30.6421,3,0
CFCV.US,D,20230515,000000,30.66,30.7584,30.66,30.7584,123,0
CFCV.US,D,20230516,000000,30.4105,30.4105,30.4105,30.4105,3,0
CFCV.US,D,20230517,000000,30.71,30.803,30.71,30.803,500,0
CFCV.US,D,20230518,000000,30.9745,30.9745,30.9745,30.9745,3,0
CFCV.US,D,20230519,000000,30.9363,30.9363,30.9363,30.9363,3,0
CFCV.US,D,20230522,000000,30.9367,30.9367,30.9367,30.9367,3,0
CFCV.US,D,20230523,000000,30.6011,30.6011,30.6011,30.6011,3,0
CFCV.US,D,20230524,000000,30.3151,30.3151,30.3151,30.3151,3,0
CFCV.US,D,20230525,000000,30.3101,30.3101,30.3101,30.3101,6,0
CFCV.US,D,20230526,000000,30.7043,30.7043,30.7043,30.7043,3,0
CFCV.US,D,20230530,000000,30.6802,30.6802,30.6802,30.6802,3,0
CFCV.US,D,20230531,000000,30.6231,30.6231,30.6231,30.6231,3,0
CFCV.US,D,20230601,000000,30.8907,30.8907,30.8907,30.8907,3,0
CFCV.US,D,20230602,000000,31.4552,31.4552,31.4552,31.4552,32,0
CFCV.US,D,20230605,000000,31.2937,31.2937,31.2937,31.2937,93,0
CFCV.US,D,20230606,000000,31.4461,31.4461,31.4461,31.4461,3,0
CFCV.US,D,20230607,000000,31.6423,31.6423,31.6423,31.6423,3,0
CFCV.US,D,20230608,000000,31.6968,31.6968,31.6968,31.6968,14,0
CFCV.US,D,20230609,000000,31.5973,31.5973,31.5973,31.5973,1,0
CFCV.US,D,20230612,000000,31.8025,31.8025,31.8025,31.8025,3,0
CFCV.US,D,20230613,000000,32.0575,32.0575,32.0575,32.0575,2,0
CFCV.US,D,20230614,000000,32.22,32.22,32.0266,32.0266,10374,0
CFCV.US,D,20230615,000000,32.4368,32.4368,32.4368,32.4368,3,0
CFCV.US,D,20230616,000000,32.4425,32.4425,32.4425,32.4425,3,0
CFCV.US,D,20230620,000000,32.2797,32.2797,32.2797,32.2797,3,0
CFCV.US,D,20230621,000000,32.1756,32.1756,32.1756,32.1756,31,0
CFCV.US,D,20230622,000000,32.1092,32.1092,32.1092,32.1092,1540,0
CFCV.US,D,20230623,000000,32.008,32.008,32.008,32.008,21,0
CFCV.US,D,20230626,000000,32.1084,32.1084,32.1084,32.1084,21,0
CFCV.US,D,20230627,000000,32.3548,32.3548,32.3548,32.3548,21,0
CFCV.US,D,20230628,000000,32.28,32.28,32.2185,32.2185,270,0
CFCV.US,D,20230629,000000,32.4731,32.4731,32.4731,32.4731,33,0
CFCV.US,D,20230630,000000,32.8514,32.8514,32.8514,32.8514,1,0
CFCV.US,D,20230703,000000,32.8528,32.8528,32.8528,32.8528,19,0
CFCV.US,D,20230705,000000,32.5901,32.6366,32.5901,32.6366,170,0
CFCV.US,D,20230706,000000,32.3574,32.3574,32.3574,32.3574,16,0
CFCV.US,D,20230707,000000,32.3066,32.3066,32.3066,32.3066,1,0
CFCV.US,D,20230710,000000,32.499,32.499,32.499,32.499,23,0
CFCV.US,D,20230711,000000,32.7743,32.7743,32.7743,32.7743,1,0
CFCV.US,D,20230712,000000,32.9342,32.9342,32.9342,32.9342,1,0
CFCV.US,D,20230713,000000,33.0348,33.0348,33.0348,33.0348,1,0
CFCV.US,D,20230714,000000,32.9876,32.9876,32.9876,32.9876,4,0
CFCV.US,D,20230717,000000,33.27,33.28,33.1798,33.1798,607,0
CFCV.US,D,20230718,000000,33.3101,33.4761,33.31,33.4761,910,0
CFCV.US,D,20230719,000000,33.48,33.558,33.48,33.558,250,0
CFCV.US,D,20230720,000000,33.65,33.7016,33.65,33.7016,770,0
CFCV.US,D,20230721,000000,33.6999,33.6999,33.6999,33.6999,50,0
CFCV.US,D,20230724,000000,33.8198,33.8198,33.8198,33.8198,50,0
CFCV.US,D,20230725,000000,33.8525,33.8525,33.8525,33.8525,50,0
CFCV.US,D,20230726,000000,33.9014,33.9014,33.9014,33.9014,50,0
CFCV.US,D,20230727,000000,33.8423,33.8423,33.8423,33.8423,50,0
CFCV.US,D,20230728,000000,34.0839,34.0839,34.0839,34.0839,50,0
CFCV.US,D,20230731,000000,34.0257,34.0257,34.0257,34.0257,1,0
CFCV.US,D,20230801,000000,34.0479,34.0479,34.0479,34.0479,1,0
CFCV.US,D,20230802,000000,33.9579,33.9579,33.9579,33.9579,68,0
CFCV.US,D,20230803,000000,33.9293,33.9293,33.9293,33.9293,1,0
CFCV.US,D,20230804,000000,33.7063,33.7063,33.7063,33.7063,1,0
CFCV.US,D,20230807,000000,34.16,34.16,34.0904,34.0904,168,0
CFCV.US,D,20230808,000000,33.9739,33.9739,33.9739,33.9739,1,0
CFCV.US,D,20230809,000000,33.7879,33.7879,33.7879,33.7879,1,0
CFCV.US,D,20230810,000000,33.7791,33.7791,33.7791,33.7791,1,0
CFCV.US,D,20230811,000000,33.8286,33.8286,33.8286,33.8286,1,0
CFCV.US,D,20230814,000000,33.8882,33.8882,33.8882,33.8882,1,0
CFCV.US,D,20230815,000000,33.4837,33.4837,33.4837,33.4837,12,0
CFCV.US,D,20230816,000000,33.2633,33.2633,33.2633,33.2633,1,0
CFCV.US,D,20230817,000000,32.9318,32.9318,32.9318,32.9318,48,0
CFCV.US,D,20230818,000000,32.8362,32.8362,32.8362,32.8362,1,0
CFCV.US,D,20230821,000000,32.9182,32.9182,32.9182,32.9182,1,0
CFCV.US,D,20230822,000000,32.73,32.73,32.6807,32.6807,806,0
CFCV.US,D,20230823,000000,32.9635,32.9635,32.9635,32.9635,2,0
CFCV.US,D,20230824,000000,32.93,32.93,32.7193,32.7193,450,0
CFCV.US,D,20230825,000000,32.9396,32.9396,32.9396,32.9396,1,0
CFCV.US,D,20230828,000000,33.14,33.1448,33.14,33.1448,325,0
CFCV.US,D,20230829,000000,33.4947,33.4947,33.4947,33.4947,2,0
CFCV.US,D,20230830,000000,33.64,33.64,33.5447,33.5447,136,0
CFCV.US,D,20230831,000000,33.62,33.62,33.4428,33.4428,300,0
CFCV.US,D,20230901,000000,33.6034,33.6034,33.6034,33.6034,2,0
CFCV.US,D,20230905,000000,33.2606,33.2606,33.2606,33.2606,1,0
CFCV.US,D,20230906,000000,33.1462,33.1462,33.1462,33.1462,1,0
CFCV.US,D,20230907,000000,33.273,33.273,33.273,33.273,2,0
CFCV.US,D,20230908,000000,33.3132,33.3132,33.3132,33.3132,1,0
CFCV.US,D,20230911,000000,33.5013,33.5013,33.5013,33.5013,1,0
CFCV.US,D,20230912,000000,33.5,33.5208,33.5,33.5208,172,0
CFCV.US,D,20230913,000000,33.5,33.5,33.4541,33.4541,100,0
CFCV.US,D,20230914,000000,33.7725,33.7725,33.7725,33.7725,2,0
CFCV.US,D,20230915,000000,33.4582,33.4582,33.4582,33.4582,2,0
CFCV.US,D,20230918,000000,33.5026,33.5026,33.5026,33.5026,1,0
CFCV.US,D,20230919,000000,33.3563,33.3563,33.3563,33.3563,22,0
CFCV.US,D,20230920,000000,33.1607,33.1607,33.1607,33.1607,1,0
CFCV.US,D,20230921,000000,32.7648,32.7648,32.7648,32.7648,22,0
CFCV.US,D,20230922,000000,32.6322,32.6322,32.6322,32.6322,1,0
CFCV.US,D,20230925,000000,32.6853,32.6853,32.6853,32.6853,22,0
CFCV.US,D,20230926,000000,32.1281,32.1281,32.1281,32.1281,2,0
CFCV.US,D,20230927,000000,32.165,32.165,32.165,32.165,22,0
CFCV.US,D,20230928,000000,32.3898,32.3898,32.3898,32.3898,35,0
CFCV.US,D,20230929,000000,32.2014,32.2014,32.2014,32.2014,22,0
CFCV.US,D,20231002,000000,32.0081,32.0081,32.0081,32.0081,1,0
CFCV.US,D,20231003,000000,31.757,31.757,31.757,31.757,22,0
CFCV.US,D,20231004,000000,32.0167,32.0167,32.0167,32.0167,22,0
CFCV.US,D,20231005,000000,32.0082,32.0082,32.0082,32.0082,2,0
CFCV.US,D,20231006,000000,32.3052,32.3052,32.3052,32.3052,22,0
CFCV.US,D,20231009,000000,32.4788,32.4788,32.4788,32.4788,22,0
CFCV.US,D,20231010,000000,32.6869,32.6869,32.6869,32.6869,50,0
CFCV.US,D,20231011,000000,32.8489,32.8489,32.8489,32.8489,2,0
CFCV.US,D,20231012,000000,32.6721,32.6721,32.6721,32.6721,1,0
CFCV.US,D,20231013,000000,32.6437,32.6437,32.6437,32.6437,2,0
CFCV.US,D,20231016,000000,33.0389,33.0389,33.0338,33.0338,410,0
CFCV.US,D,20231017,000000,33.08,33.18,33.0021,33.0021,1321,0
CFCV.US,D,20231018,000000,32.5359,32.5359,32.5359,32.5359,3,0
CFCV.US,D,20231019,000000,32.2091,32.2091,32.2091,32.2091,1,0
CFCV.US,D,20231020,000000,31.8679,31.8679,31.8679,31.8679,19,0
CFCV.US,D,20231023,000000,31.5657,31.5657,31.5657,31.5657,30,0
CFCV.US,D,20231024,000000,31.72,31.8138,31.69,31.8138,55000,0
CFCV.US,D,20231025,000000,31.4982,31.4982,31.4982,31.4982,2,0
CFCV.US,D,20231026,000000,31.4299,31.45,31.2713,31.2713,8644,0
CFCV.US,D,20231027,000000,31.206,31.206,30.98,31.0085,500,0
CFCV.US,D,20231030,000000,31.4097,31.4097,31.4097,31.4097,19,0
CFCV.US,D,20231031,000000,31.7948,31.7948,31.7948,31.7948,67,0
CFCV.US,D,20231101,000000,31.99,32.15,31.99,32.0913,442,0
CFCV.US,D,20231102,000000,32.5444,32.5444,32.5444,32.5444,1,0
CFCV.US,D,20231103,000000,32.9607,32.9607,32.9607,32.9607,19,0
CFCV.US,D,20231106,000000,32.9236,32.9236,32.9236,32.9236,126,0
CFCV.US,D,20231107,000000,32.7483,32.7483,32.7483,32.7483,19,0
CFCV.US,D,20231108,000000,32.7506,32.7506,32.7506,32.7506,2,0
CFCV.US,D,20231109,000000,32.4504,32.4504,32.4504,32.4504,19,0
CFCV.US,D,20231110,000000,32.8493,32.8493,32.8493,32.8493,19,0
CFCV.US,D,20231113,000000,32.7079,32.7079,32.7079,32.7079,19,0
CFCV.US,D,20231114,000000,33.2911,33.2911,33.2911,33.2911,19,0
CFCV.US,D,20231115,000000,33.5228,33.5228,33.5228,33.5228,1,0
CFCV.US,D,20231116,000000,33.7788,33.7788,33.7788,33.7788,19,0
CFCV.US,D,20231117,000000,33.8672,33.8672,33.8672,33.8672,1,0
CFCV.US,D,20231120,000000,34.0459,34.0459,34.0459,34.0459,1,0
CFCV.US,D,20231121,000000,34.0251,34.0251,34.0251,34.0251,1,0
CFCV.US,D,20231122,000000,34.18,34.18,34.18,34.18,334,0
CFCV.US,D,20231124,000000,34.257,34.257,34.257,34.257,1,0
CFCV.US,D,20231127,000000,34.1775,34.1775,34.1775,34.1775,1,0
CFCV.US,D,20231128,000000,34.1249,34.1249,34.1249,34.1249,1,0
CFCV.US,D,20231129,000000,34.2541,34.2541,34.2541,34.2541,1,0
CFCV.US,D,20231130,000000,34.6002,34.6002,34.6002,34.6002,1,0
CFCV.US,D,20231201,000000,34.7575,34.7575,34.7575,34.7575,1,0
CFCV.US,D,20231204,000000,34.6363,34.6363,34.6363,34.6363,1,0
CFCV.US,D,20231205,000000,34.3401,34.3401,34.282,34.282,300,0
CFCV.US,D,20231206,000000,34.2268,34.2268,34.2268,34.2268,100,0
CFCV.US,D,20231207,000000,34.41,34.4375,34.41,34.4375,333,0
CFCV.US,D,20231208,000000,34.5257,34.5257,34.5257,34.5257,10,0
CFCV.US,D,20231211,000000,34.8504,34.8504,34.8504,34.8504,22,0
CFCV.US,D,20231212,000000,34.9435,34.9435,34.9435,34.9435,72,0
CFCV.US,D,20231213,000000,35.4712,35.4712,35.4712,35.4712,72,0
CFCV.US,D,20231214,000000,35.7464,35.7464,35.7464,35.7464,72,0
CFCV.US,D,20231215,000000,35.7432,35.7432,35.7432,35.7432,72,0
CFCV.US,D,20231218,000000,35.7611,35.7611,35.7611,35.7611,1,0
CFCV.US,D,20231219,000000,35.9472,35.9472,35.9472,35.9472,72,0
CFCV.US,D,20231220,000000,35.97,35.97,35.5008,35.5008,339,0
CFCV.US,D,20231221,000000,35.8007,35.8007,35.8007,35.8007,1,0
CFCV.US,D,20231222,000000,36.0242,36.0242,36.0242,36.0242,1,0
CFCV.US,D,20231226,000000,35.8397,35.8397,35.8397,35.8397,1,0
CFCV.US,D,20231227,000000,35.8729,35.8729,35.8729,35.8729,28,0
CFCV.US,D,20231228,000000,35.98,35.98,35.9316,35.9316,132,0
CFCV.US,D,20231229,000000,35.8707,35.8707,35.8707,35.8707,1,0
CFCV.US,D,20240102,000000,35.8616,35.8616,35.8616,35.8616,3,0
CFCV.US,D,20240103,000000,35.5879,35.5879,35.5879,35.5879,31,0
CFCV.US,D,20240104,000000,35.548,35.548,35.548,35.548,26,0
CFCV.US,D,20240105,000000,35.6555,35.6555,35.6555,35.6555,114,0
CFCV.US,D,20240108,000000,35.9695,35.9695,35.9695,35.9695,116,0
CFCV.US,D,20240109,000000,35.7186,35.7186,35.7186,35.7186,1,0
CFCV.US,D,20240110,000000,35.57,35.64,35.5699,35.64,1517,0
CFCV.US,D,20240111,000000,35.558,35.558,35.558,35.558,6,0
CFCV.US,D,20240112,000000,35.4493,35.4493,35.4493,35.4493,15,0
CFCV.US,D,20240116,000000,35.1964,35.1964,35.1964,35.1964,13,0
CFCV.US,D,20240117,000000,35.0113,35.0113,35.0113,35.0113,6,0
CFCV.US,D,20240118,000000,35.1358,35.1358,35.1358,35.1358,9,0
CFCV.US,D,20240119,000000,35.4452,35.4452,35.4452,35.4452,12,0
CFCV.US,D,20240122,000000,35.558,35.558,35.558,35.558,18,0
CFCV.US,D,20240123,000000,35.6211,35.6211,35.6211,35.6211,56,0
CFCV.US,D,20240124,000000,35.71,35.71,35.4388,35.4388,128,0
CFCV.US,D,20240125,000000,35.6989,35.6989,35.6989,35.6989,1,0
CFCV.US,D,20240126,000000,35.58,35.58,35.511,35.511,129,0
CFCV.US,D,20240129,000000,35.6788,35.6788,35.6788,35.6788,6,0
CFCV.US,D,20240130,000000,35.7269,35.7269,35.7269,35.7269,5,0
CFCV.US,D,20240131,000000,35.4123,35.4123,35.4123,35.4123,10,0
CFCV.US,D,20240201,000000,35.5452,35.5452,35.5452,35.5452,1,0
CFCV.US,D,20240202,000000,35.522,35.522,35.522,35.522,10,0
CFCV.US,D,20240205,000000,35.0556,35.0556,35.0556,35.0556,1,0
CFCV.US,D,20240206,000000,35.1825,35.1825,35.1825,35.1825,4,0
CFCV.US,D,20240207,000000,35.3784,35.3784,35.3784,35.3784,10,0
CFCV.US,D,20240208,000000,35.2792,35.2792,35.2792,35.2792,5,0
CFCV.US,D,20240209,000000,35.4834,35.4834,35.4834,35.4834,2,0
CFCV.US,D,20240212,000000,35.6696,35.6696,35.6696,35.6696,6,0
CFCV.US,D,20240213,000000,35.1745,35.1745,35.1745,35.1745,41,0
CFCV.US,D,20240214,000000,35.41,35.4263,35.39,35.4263,6185,0
CFCV.US,D,20240215,000000,35.8265,35.8265,35.8265,35.8265,25,0
CFCV.US,D,20240216,000000,35.7675,35.7675,35.7675,35.7675,1,0
CFCV.US,D,20240220,000000,35.7585,35.7585,35.7585,35.7585,63,0
CFCV.US,D,20240221,000000,35.8643,35.8643,35.8643,35.8643,28,0
CFCV.US,D,20240222,000000,36.1629,36.1629,36.1629,36.1629,10,0
CFCV.US,D,20240223,000000,36.2931,36.2931,36.2931,36.2931,35,0
CFCV.US,D,20240226,000000,36.1235,36.1235,36.1235,36.1235,1,0
CFCV.US,D,20240227,000000,36.2258,36.2258,36.2258,36.2258,28,0
CFCV.US,D,20240228,000000,36.2025,36.2025,36.2025,36.2025,28,0
CFCV.US,D,20240229,000000,36.4591,36.4591,36.4591,36.4591,16,0
CFCV.US,D,20240301,000000,36.5557,36.5557,36.5557,36.5557,2,0
CFCV.US,D,20240304,000000,36.7402,36.7402,36.7402,36.7402,28,0
CFCV.US,D,20240305,000000,36.73,36.73,36.5073,36.5073,150,0
CFCV.US,D,20240306,000000,36.7752,36.7752,36.7752,36.7752,51,0
CFCV.US,D,20240307,000000,37.1889,37.1889,37.1889,37.1889,16,0
CFCV.US,D,20240308,000000,36.982,36.982,36.982,36.982,6,0
CFCV.US,D,20240311,000000,37.118,37.118,37.118,37.118,7,0
CFCV.US,D,20240312,000000,37.3139,37.3139,37.3139,37.3139,1,0
CFCV.US,D,20240313,000000,37.0959,37.0959,37.0959,37.0959,72,0
CFCV.US,D,20240314,000000,36.9033,36.9033,36.9033,36.9033,5,0
CFCV.US,D,20240315,000000,36.8695,36.8695,36.8695,36.8695,2,0
CFCV.US,D,20240318,000000,36.9701,36.9701,36.9499,36.9499,744,0
CFCV.US,D,20240319,000000,37.1088,37.1088,37.1088,37.1088,20001,0
CFCV.US,D,20240320,000000,37.3015,37.3015,37.3015,37.3015,80,0
CFCV.US,D,20240321,000000,37.6406,37.6406,37.6406,37.6406,28,0
CFCV.US,D,20240322,000000,37.5257,37.5257,37.5257,37.5257,1,0
CFCV.US,D,20240325,000000,37.2414,37.2414,37.2414,37.2414,1,0
CFCV.US,D,20240326,000000,37.0991,37.0991,37.0991,37.0991,2,0
CFCV.US,D,20240327,000000,37.635,37.635,37.635,37.635,28,0
CFCV.US,D,20240328,000000,37.822,37.822,37.822,37.822,2,0
CFCV.US,D,20240401,000000,37.5879,37.5879,37.5879,37.5879,5,0
CFCV.US,D,20240402,000000,37.2051,37.2051,37.2051,37.2051,25,0
CFCV.US,D,20240403,000000,37.0518,37.0518,37.0518,37.0518,105,0
CFCV.US,D,20240404,000000,36.6551,36.6551,36.6551,36.6551,6,0
CFCV.US,D,20240405,000000,36.8587,36.8587,36.8587,36.8587,6,0
CFCV.US,D,20240408,000000,36.8223,36.8223,36.8223,36.8223,6,0
CFCV.US,D,20240409,000000,36.8872,36.8872,36.8872,36.8872,6,0
CFCV.US,D,20240410,000000,36.32,36.32,36.2697,36.2697,377,0
CFCV.US,D,20240411,000000,36.2258,36.2258,36.2258,36.2258,1,0
CFCV.US,D,20240412,000000,35.533,35.533,35.533,35.533,14,0
CFCV.US,D,20240415,000000,35.5252,35.5252,35.5252,35.5252,2,0
CFCV.US,D,20240416,000000,35.3559,35.3559,35.3559,35.3559,43,0
CFCV.US,D,20240417,000000,35.3022,35.3022,35.3022,35.3022,3,0
CFCV.US,D,20240418,000000,35.2967,35.2967,35.2967,35.2967,26,0
CFCV.US,D,20240419,000000,35.5134,35.5134,35.5134,35.5134,39,0
CFCV.US,D,20240422,000000,35.8096,35.8096,35.8096,35.8096,25,0
CFCV.US,D,20240423,000000,36.1226,36.1226,36.1226,36.1226,25,0
CFCV.US,D,20240424,000000,36.1572,36.1572,36.1572,36.1572,1,0
CFCV.US,D,20240425,000000,36.0372,36.0372,36.0372,36.0372,1,0
CFCV.US,D,20240426,000000,35.9133,35.9133,35.9133,35.9133,30003,0
CFCV.US,D,20240429,000000,35.8961,35.8961,35.8961,35.8961,1,0
CFCV.US,D,20240430,000000,35.5125,35.5125,35.5125,35.5125,13,0
CFCV.US,D,20240501,000000,35.2063,35.2063,35.2063,35.2063,19,0
CFCV.US,D,20240502,000000,35.15,35.2989,35.15,35.2989,905,0
CFCV.US,D,20240503,000000,35.5898,35.5898,35.5898,35.5898,21,0
CFCV.US,D,20240506,000000,35.8136,35.8136,35.8136,35.8136,1,0
CFCV.US,D,20240507,000000,35.85,35.8941,35.85,35.8941,182,0
CFCV.US,D,20240508,000000,35.9556,35.9556,35.9556,35.9556,1,0
CFCV.US,D,20240509,000000,36.1764,36.1764,36.1764,36.1764,1,0
CFCV.US,D,20240510,000000,36.3977,36.3977,36.3977,36.3977,1,0
CFCV.US,D,20240513,000000,36.38,36.38,36.3034,36.3034,206,0
CFCV.US,D,20240514,000000,36.4738,36.4738,36.4738,36.4738,4,0
CFCV.US,D,20240515,000000,36.7707,36.7707,36.7707,36.7707,3,0
CFCV.US,D,20240516,000000,36.7973,36.7973,36.7973,36.7973,30,0
CFCV.US,D,20240517,000000,36.8007,36.8007,36.8007,36.8007,2,0
CFCV.US,D,20240520,000000,36.6851,36.6851,36.6851,36.6851,5,0
CFCV.US,D,20240521,000000,36.7208,36.7208,36.7208,36.7208,3,0
CFCV.US,D,20240522,000000,36.5359,36.5359,36.5359,36.5359,2,0
CFCV.US,D,20240523,000000,35.9538,35.9538,35.9538,35.9538,3,0
CFCV.US,D,20240524,000000,36.0891,36.0891,36.0891,36.0891,30,0
CFCV.US,D,20240528,000000,35.7653,35.7653,35.7653,35.7653,7,0
CFCV.US,D,20240529,000000,35.4003,35.4003,35.4003,35.4003,3,0
CFCV.US,D,20240530,000000,35.6462,35.6462,35.6462,35.6462,1,0
CFCV.US,D,20240531,000000,36.2585,36.2585,36.2585,36.2585,33,0
CFCV.US,D,20240603,000000,36.1245,36.1245,36.1245,36.1245,4,0
CFCV.US,D,20240604,000000,36.1501,36.1501,36.1501,36.1501,1,0
CFCV.US,D,20240605,000000,36.3554,36.3554,36.3554,36.3554,1,0
CFCV.US,D,20240606,000000,36.2778,36.2778,36.2778,36.2778,15,0
CFCV.US,D,20240607,000000,36.335,36.37,36.272,36.272,2199,0
CFCV.US,D,20240610,000000,36.2705,36.2705,36.2705,36.2705,1,0
CFCV.US,D,20240611,000000,36.0519,36.0519,36.0519,36.0519,16,0
CFCV.US,D,20240612,000000,36.147,36.147,36.147,36.147,257,0
CFCV.US,D,20240613,000000,36.1135,36.1135,36.1135,36.1135,8,0
CFCV.US,D,20240614,000000,36.002,36.002,36.002,36.002,5,0
CFCV.US,D,20240617,000000,36.1916,36.1916,36.1916,36.1916,47,0
CFCV.US,D,20240618,000000,36.228,36.228,36.228,36.228,1,0
CFCV.US,D,20240620,000000,35.8,36.2647,35.8,36.2647,103,0
CFCV.US,D,20240621,000000,36.28,36.31,36.28,36.303,301,0
