<TICKER>,<PER>,<DATE>,<TIME>,<OPEN>,<HIGH>,<LOW>,<CLOSE>,<VOL>,<OPENINT>
CGIE.US,D,20230929,000000,25.1399,25.14,24.8778,24.8778,14800,0
CGIE.US,D,20231002,000000,24.75,24.75,24.52,24.5643,7620,0
CGIE.US,D,20231003,000000,24.47,24.47,24.32,24.3615,37549,0
CGIE.US,D,20231004,000000,24.41,24.51,24.325,24.4891,6204,0
CGIE.US,D,20231005,000000,24.53,24.6745,24.53,24.6465,5189,0
CGIE.US,D,20231006,000000,24.58,24.94,24.5488,24.8971,5489,0
CGIE.US,D,20231009,000000,24.7,24.8676,24.68,24.8545,32531,0
CGIE.US,D,20231010,000000,25.21,25.24,25.15,25.1645,8944,0
CGIE.US,D,20231011,000000,25.3087,25.339,25.15,25.28,17052,0
CGIE.US,D,20231012,000000,25.43,25.43,25.07,25.1233,16833,0
CGIE.US,D,20231013,000000,25.0591,25.0591,24.87,24.8997,2488,0
CGIE.US,D,20231016,000000,25.0023,25.05,25.0023,25.05,918,0
CGIE.US,D,20231017,000000,24.7991,25.0481,24.7799,25.0002,9325,0
CGIE.US,D,20231018,000000,24.71,24.71,24.515,24.5263,7628,0
CGIE.US,D,20231019,000000,24.53,24.555,24.3643,24.3643,4215,0
CGIE.US,D,20231020,000000,24.35,24.3797,24.258,24.258,195654,0
CGIE.US,D,20231023,000000,24.21,24.38,24.21,24.2707,20613,0
CGIE.US,D,20231024,000000,24.33,24.4035,24.33,24.4035,19971,0
CGIE.US,D,20231025,000000,24.17,24.32,24.1588,24.1588,24852,0
CGIE.US,D,20231026,000000,24.17,24.17,23.94,24.0141,6654,0
CGIE.US,D,20231027,000000,24.09,24.1099,23.9,23.93,15023,0
CGIE.US,D,20231030,000000,24.25,24.3,24.15,24.2824,35150,0
CGIE.US,D,20231031,000000,24.26,24.3509,24.22,24.3509,5815,0
CGIE.US,D,20231101,000000,24.45,24.5636,24.37,24.5636,4714,0
CGIE.US,D,20231102,000000,24.99,25.05,24.96,25.0376,66139,0
CGIE.US,D,20231103,000000,25.27,25.31,25.175,25.247,24158,0
CGIE.US,D,20231106,000000,25.23,25.26,25.175,25.2072,4119,0
CGIE.US,D,20231107,000000,25.07,25.1966,25.07,25.1672,16478,0
CGIE.US,D,20231108,000000,25.2196,25.26,25.1,25.1701,35584,0
CGIE.US,D,20231109,000000,25.44,25.44,25.1754,25.1754,56607,0
CGIE.US,D,20231110,000000,25.19,25.4,25.105,25.3681,59107,0
CGIE.US,D,20231113,000000,25.23,25.43,25.23,25.4084,23823,0
CGIE.US,D,20231114,000000,25.8187,25.94,25.8187,25.9264,5456,0
CGIE.US,D,20231115,000000,25.99,26.03,25.895,25.92,10960,0
CGIE.US,D,20231116,000000,25.9,25.99,25.87,25.96,26043,0
CGIE.US,D,20231117,000000,26.11,26.21,26.11,26.21,52968,0
CGIE.US,D,20231120,000000,26.27,26.38,26.27,26.3511,15548,0
CGIE.US,D,20231121,000000,26.37,26.37,26.29,26.3106,67018,0
CGIE.US,D,20231122,000000,26.27,26.4,26.27,26.3881,51396,0
CGIE.US,D,20231124,000000,26.44,26.5297,26.44,26.5297,12079,0
CGIE.US,D,20231127,000000,26.47,26.4799,26.41,26.46,21644,0
CGIE.US,D,20231128,000000,26.35,26.5,26.3499,26.43,20084,0
CGIE.US,D,20231129,000000,26.52,26.61,26.48,26.5307,21199,0
CGIE.US,D,20231130,000000,26.54,26.54,26.44,26.5096,18381,0
CGIE.US,D,20231201,000000,26.4379,26.71,26.4379,26.7035,33413,0
CGIE.US,D,20231204,000000,26.5499,26.5499,26.43,26.5338,17097,0
CGIE.US,D,20231205,000000,26.3695,26.44,26.3695,26.38,25181,0
CGIE.US,D,20231206,000000,26.53,26.54,26.36,26.37,18711,0
CGIE.US,D,20231207,000000,26.33,26.509,26.31,26.45,20913,0
CGIE.US,D,20231208,000000,26.48,26.56,26.45,26.549,107279,0
CGIE.US,D,20231211,000000,26.51,26.641,26.51,26.63,24948,0
CGIE.US,D,20231212,000000,26.63,26.72,26.55,26.7073,27417,0
CGIE.US,D,20231213,000000,26.78,27.14,26.64,27.054,96167,0
CGIE.US,D,20231214,000000,27.24,27.35,27.185,27.2739,22280,0
CGIE.US,D,20231215,000000,27.175,27.24,27.08,27.0826,48552,0
CGIE.US,D,20231218,000000,27.12,27.15,27.0804,27.1418,17661,0
CGIE.US,D,20231219,000000,27.32,27.3592,27.29,27.3488,13544,0
CGIE.US,D,20231220,000000,27.35,27.3995,27.06,27.06,24829,0
CGIE.US,D,20231221,000000,27.46,27.48,27.31,27.47,33277,0
CGIE.US,D,20231222,000000,27.5,27.5499,27.41,27.4909,39957,0
CGIE.US,D,20231226,000000,27.54,27.63,27.515,27.6094,20644,0
CGIE.US,D,20231227,000000,27.58,27.7,27.58,27.6824,23035,0
CGIE.US,D,20231228,000000,27.7,27.82,27.6115,27.6115,23469,0
CGIE.US,D,20231229,000000,27.72,27.72,27.58,27.6496,45163,0
CGIE.US,D,20240102,000000,27.38,27.38,27.23,27.2414,572980,0
CGIE.US,D,20240103,000000,27.02,27.05,26.8899,27.02,35337,0
CGIE.US,D,20240104,000000,26.9932,27.12,26.99,27.03,111837,0
CGIE.US,D,20240105,000000,27.0895,27.12,26.91,26.9295,25609,0
CGIE.US,D,20240108,000000,27.04,27.25,27.04,27.25,543396,0
CGIE.US,D,20240109,000000,27.07,27.15,27.05,27.1067,19025,0
CGIE.US,D,20240110,000000,27.38,27.38,27.23,27.34,34554,0
CGIE.US,D,20240111,000000,27.43,27.43,27.13,27.344,7425,0
CGIE.US,D,20240112,000000,27.58,27.58,27.5,27.56,20143,0
CGIE.US,D,20240116,000000,27.26,27.26,27.02,27.0688,45504,0
CGIE.US,D,20240117,000000,26.69,26.79,26.615,26.79,14310,0
CGIE.US,D,20240118,000000,26.95,27.1,26.91,27.0894,27246,0
CGIE.US,D,20240119,000000,26.9568,27.17,26.9568,27.1694,71496,0
CGIE.US,D,20240122,000000,27.25,27.26,27.16,27.21,46330,0
CGIE.US,D,20240123,000000,27.02,27.12,26.98,27.12,22941,0
CGIE.US,D,20240124,000000,27.36,27.4457,27.2987,27.2987,17856,0
CGIE.US,D,20240125,000000,27.35,27.38,27.2872,27.3714,12238,0
CGIE.US,D,20240126,000000,27.55,27.5545,27.48,27.5095,55672,0
CGIE.US,D,20240129,000000,27.47,27.63,27.42,27.63,31325,0
CGIE.US,D,20240130,000000,27.58,27.58,27.49,27.55,26954,0
CGIE.US,D,20240131,000000,27.66,27.66,27.3579,27.365,18562,0
CGIE.US,D,20240201,000000,27.58,27.76,27.52,27.7496,26262,0
CGIE.US,D,20240202,000000,27.55,27.55,27.415,27.54,13409,0
CGIE.US,D,20240205,000000,27.4,27.45,27.26,27.43,26126,0
CGIE.US,D,20240206,000000,27.43,27.57,27.41,27.57,19516,0
CGIE.US,D,20240207,000000,27.5699,27.6199,27.55,27.58,8516,0
CGIE.US,D,20240208,000000,27.56,27.6,27.5299,27.577,24629,0
CGIE.US,D,20240209,000000,27.6,27.76,27.6,27.75,76669,0
CGIE.US,D,20240212,000000,27.745,27.81,27.69,27.7202,14961,0
CGIE.US,D,20240213,000000,27.39,27.431,27.21,27.2856,18154,0
CGIE.US,D,20240214,000000,27.54,27.7,27.52,27.7,7904,0
CGIE.US,D,20240215,000000,27.88,27.95,27.83,27.9423,10206,0
CGIE.US,D,20240216,000000,27.92,28.12,27.92,28.008,20331,0
CGIE.US,D,20240220,000000,28.11,28.26,28.01,28.0902,32916,0
CGIE.US,D,20240221,000000,28.05,28.14,28,28.14,17522,0
CGIE.US,D,20240222,000000,28.37,28.495,28.351,28.49,73733,0
CGIE.US,D,20240223,000000,28.53,28.5325,28.4454,28.48,14951,0
CGIE.US,D,20240226,000000,28.54,28.54,28.47,28.5137,17093,0
CGIE.US,D,20240227,000000,28.51,28.55,28.495,28.525,17185,0
CGIE.US,D,20240228,000000,28.36,28.36,28.24,28.2762,38132,0
CGIE.US,D,20240229,000000,28.2999,28.31,28.11,28.24,235433,0
CGIE.US,D,20240301,000000,28.34,28.5699,28.31,28.5381,27850,0
CGIE.US,D,20240304,000000,28.59,28.64,28.55,28.6008,26048,0
CGIE.US,D,20240305,000000,28.61,28.61,28.375,28.46,28806,0
CGIE.US,D,20240306,000000,28.75,28.85,28.69,28.7597,63294,0
CGIE.US,D,20240307,000000,28.94,29.154,28.94,29.1055,114721,0
CGIE.US,D,20240308,000000,29.22,29.22,28.93,28.9843,40559,0
CGIE.US,D,20240311,000000,28.9,28.9,28.75,28.84,21219,0
CGIE.US,D,20240312,000000,28.95,29.15,28.8438,29.15,29686,0
CGIE.US,D,20240313,000000,29.22,29.26,29.15,29.196,54887,0
CGIE.US,D,20240314,000000,29.24,29.24,28.89,29.02,234154,0
CGIE.US,D,20240315,000000,29,29,28.8376,28.92,66227,0
CGIE.US,D,20240318,000000,29.01,29.01,28.901,28.93,52705,0
CGIE.US,D,20240319,000000,28.89,28.97,28.815,28.9,55660,0
CGIE.US,D,20240320,000000,28.87,29.2,28.87,29.19,82402,0
CGIE.US,D,20240321,000000,29.21,29.21,29.12,29.1268,101555,0
CGIE.US,D,20240322,000000,29.1,29.1,28.96,29,94727,0
CGIE.US,D,20240325,000000,28.93,28.96,28.88,28.89,70541,0
CGIE.US,D,20240326,000000,29.03,29.05,28.9658,28.98,80941,0
CGIE.US,D,20240327,000000,29.09,29.1119,28.985,29.1078,113805,0
CGIE.US,D,20240328,000000,29.02,29.03,28.975,29.0099,36253,0
CGIE.US,D,20240401,000000,29.16,29.16,28.92,28.9696,73181,0
CGIE.US,D,20240402,000000,28.74,28.74,28.5906,28.6888,70995,0
CGIE.US,D,20240403,000000,28.6,28.88,28.6,28.81,43841,0
CGIE.US,D,20240404,000000,28.99,28.99,28.5,28.5299,24112,0
CGIE.US,D,20240405,000000,28.5,28.69,28.4801,28.66,32046,0
CGIE.US,D,20240408,000000,28.74,28.81,28.7268,28.73,62855,0
CGIE.US,D,20240409,000000,28.9,28.9,28.6,28.7406,58116,0
CGIE.US,D,20240410,000000,28.39,28.48,28.325,28.41,41342,0
CGIE.US,D,20240411,000000,28.56,28.59,28.25,28.5605,53305,0
CGIE.US,D,20240412,000000,28.32,28.36,28.068,28.0907,139981,0
CGIE.US,D,20240415,000000,28.46,28.46,27.9799,28.01,20435,0
CGIE.US,D,20240416,000000,27.87,27.94,27.79,27.82,31416,0
CGIE.US,D,20240417,000000,27.95,27.95,27.67,27.7908,41377,0
CGIE.US,D,20240418,000000,27.77,27.85,27.67,27.6854,32152,0
CGIE.US,D,20240419,000000,27.68,27.73,27.51,27.57,71074,0
CGIE.US,D,20240422,000000,27.67,27.98,27.67,27.87,44157,0
CGIE.US,D,20240423,000000,28.06,28.27,28.02,28.25,105867,0
CGIE.US,D,20240424,000000,28.31,28.31,28.04,28.1589,49935,0
CGIE.US,D,20240425,000000,27.79,28.13,27.78,28.11,20331,0
CGIE.US,D,20240426,000000,28.19,28.3893,28.19,28.3487,62673,0
CGIE.US,D,20240429,000000,28.37,28.4,28.3,28.37,152936,0
CGIE.US,D,20240430,000000,28.35,28.35,28.0212,28.0212,42238,0
CGIE.US,D,20240501,000000,28.07,28.29,27.9,27.98,68159,0
CGIE.US,D,20240502,000000,28.31,28.3889,28.12,28.3284,47913,0
CGIE.US,D,20240503,000000,28.68,28.75,28.55,28.6899,59906,0
CGIE.US,D,20240506,000000,28.78,28.86,28.76,28.86,81556,0
CGIE.US,D,20240507,000000,28.94,28.98,28.88,28.9,47162,0
CGIE.US,D,20240508,000000,28.88,28.98,28.88,28.9519,26097,0
CGIE.US,D,20240509,000000,28.98,29.15,28.95,29.1398,43423,0
CGIE.US,D,20240510,000000,29.19,29.21,29.12,29.1439,27147,0
CGIE.US,D,20240513,000000,29.23,29.23,29.1,29.1203,17957,0
CGIE.US,D,20240514,000000,29.2,29.28,29.16,29.28,26488,0
CGIE.US,D,20240515,000000,29.41,29.5977,29.38,29.5977,48936,0
CGIE.US,D,20240516,000000,29.54,29.56,29.456,29.4691,41721,0
CGIE.US,D,20240517,000000,29.51,29.57,29.44,29.57,28651,0
CGIE.US,D,20240520,000000,29.58,29.7099,29.58,29.63,18961,0
CGIE.US,D,20240521,000000,29.49,29.56,29.47,29.55,25548,0
CGIE.US,D,20240522,000000,29.41,29.42,29.23,29.299,38185,0
CGIE.US,D,20240523,000000,29.61,29.61,29.18,29.25,35047,0
CGIE.US,D,20240524,000000,29.36,29.47,29.33,29.4478,36411,0
CGIE.US,D,20240528,000000,29.49,29.49,29.2483,29.3498,25743,0
CGIE.US,D,20240529,000000,28.94,28.99,28.88,28.89,37250,0
CGIE.US,D,20240530,000000,28.97,29.1268,28.97,29.02,28816,0
CGIE.US,D,20240531,000000,29.2,29.27,29.0314,29.27,48336,0
CGIE.US,D,20240603,000000,29.35,29.38,29.19,29.3313,38768,0
CGIE.US,D,20240604,000000,29.39,29.43,29.28,29.4146,58439,0
CGIE.US,D,20240605,000000,29.68,29.72,29.5,29.7193,48481,0
CGIE.US,D,20240606,000000,29.74,29.7893,29.71,29.784,22712,0
CGIE.US,D,20240607,000000,29.54,29.63,29.49,29.5002,28410,0
CGIE.US,D,20240610,000000,29.39,29.58,29.31,29.55,20416,0
CGIE.US,D,20240611,000000,29.2,29.29,29.16,29.2448,123829,0
CGIE.US,D,20240612,000000,29.72,29.7964,29.57,29.64,48022,0
CGIE.US,D,20240613,000000,29.52,29.52,29.16,29.28,86570,0
CGIE.US,D,20240614,000000,28.93,28.97,28.79,28.9255,36990,0
CGIE.US,D,20240617,000000,28.94,29.11,28.85,29.08,89117,0
CGIE.US,D,20240618,000000,29.07,29.17,29.06,29.15,30663,0
CGIE.US,D,20240620,000000,29.15,29.23,29.1,29.17,54543,0
CGIE.US,D,20240621,000000,28.99,29.05,28.94,28.99,35967,0
