<TICKER>,<PER>,<DATE>,<TIME>,<OPEN>,<HIGH>,<LOW>,<CLOSE>,<VOL>,<OPENINT>
CHAI.US,D,20231214,000000,25.635,25.82,25.635,25.7065,3024,0
CHAI.US,D,20231215,000000,25.5899,25.5899,25.5361,25.5469,365,0
CHAI.US,D,20231218,000000,25.73,25.75,25.68,25.69,5696,0
CHAI.US,D,20231219,000000,25.78,25.78,25.722,25.73,2709,0
CHAI.US,D,20231220,000000,25.78,25.87,25.78,25.8125,1048,0
CHAI.US,D,20231221,000000,25.95,25.95,25.95,25.95,2613,0
CHAI.US,D,20231222,000000,25.95,25.95,25.84,25.8666,1110,0
CHAI.US,D,20231226,000000,25.83,25.8455,25.83,25.8455,130,0
CHAI.US,D,20231227,000000,25.88,25.945,25.88,25.9244,234,0
CHAI.US,D,20231228,000000,25.78,25.8644,25.78,25.8644,221,0
CHAI.US,D,20231229,000000,25.915,25.94,25.8875,25.8875,1350,0
CHAI.US,D,20240102,000000,25.75,25.755,25.65,25.65,1405,0
CHAI.US,D,20240103,000000,25.5875,25.5875,25.5875,25.5875,99,0
CHAI.US,D,20240104,000000,25.56,25.56,25.54,25.54,215,0
CHAI.US,D,20240105,000000,25.41,25.41,25.382,25.3999,947,0
CHAI.US,D,20240108,000000,25.3484,25.3484,25.3484,25.3484,269,0
CHAI.US,D,20240109,000000,25.23,25.23,25.205,25.205,1605,0
CHAI.US,D,20240110,000000,25.2,25.2,25.175,25.175,163,0
CHAI.US,D,20240111,000000,25.16,25.32,25.16,25.32,1433,0
CHAI.US,D,20240112,000000,25.3,25.38,25.3,25.3,3436,0
CHAI.US,D,20240116,000000,25.09,25.09,24.93,24.96,536,0
CHAI.US,D,20240117,000000,24.92,24.96,24.92,24.96,396,0
CHAI.US,D,20240118,000000,25.0169,25.0169,25.0169,25.0169,111,0
CHAI.US,D,20240119,000000,25.07,25.1,25.0648,25.0945,1236,0
CHAI.US,D,20240122,000000,25.0144,25.0144,25.0103,25.0103,171,0
CHAI.US,D,20240123,000000,24.9722,24.9722,24.9722,24.9722,33,0
CHAI.US,D,20240124,000000,25.11,25.1398,25.1017,25.13,1640,0
CHAI.US,D,20240125,000000,25.2,25.225,25.2,25.225,567,0
CHAI.US,D,20240126,000000,25.28,25.28,25.2,25.2354,655,0
CHAI.US,D,20240129,000000,25.3996,25.4495,25.3996,25.4495,507,0
CHAI.US,D,20240130,000000,25.3287,25.3767,25.3287,25.3767,1021,0
CHAI.US,D,20240131,000000,25.48,25.48,25.3986,25.3986,211,0
CHAI.US,D,20240201,000000,25.47,25.57,25.47,25.545,837,0
CHAI.US,D,20240202,000000,25.46,25.46,25.34,25.455,1529,0
CHAI.US,D,20240205,000000,25.48,25.48,25.35,25.4,1917,0
CHAI.US,D,20240206,000000,25.5904,25.5904,25.57,25.57,111,0
CHAI.US,D,20240207,000000,25.512,25.512,25.512,25.512,100,0
CHAI.US,D,20240208,000000,25.405,25.41,25.405,25.41,384,0
CHAI.US,D,20240209,000000,25.4,25.4,25.4,25.4,301,0
CHAI.US,D,20240212,000000,25.47,25.52,25.44,25.4849,879,0
CHAI.US,D,20240213,000000,25.4,25.4,25.29,25.29,169,0
CHAI.US,D,20240214,000000,25.4498,25.4498,25.4498,25.4498,16,0
CHAI.US,D,20240215,000000,25.5776,25.72,25.57,25.5816,12091,0
CHAI.US,D,20240216,000000,25.5,25.5,25.5,25.5,241,0
CHAI.US,D,20240220,000000,25.39,25.39,25.3137,25.3137,695,0
CHAI.US,D,20240221,000000,25.37,25.37,25.3272,25.3272,216,0
CHAI.US,D,20240222,000000,25.4695,25.4695,25.4695,25.4695,80,0
CHAI.US,D,20240223,000000,25.5498,25.5498,25.5498,25.5498,77,0
CHAI.US,D,20240226,000000,25.56,25.56,25.476,25.476,484,0
CHAI.US,D,20240227,000000,25.61,25.61,25.5649,25.5649,208,0
CHAI.US,D,20240228,000000,25.68,25.68,25.6433,25.652,331,0
CHAI.US,D,20240229,000000,25.74,25.74,25.685,25.6898,794,0
CHAI.US,D,20240301,000000,25.8216,25.8216,25.8216,25.8216,13,0
CHAI.US,D,20240304,000000,25.65,25.7155,25.65,25.7155,133,0
CHAI.US,D,20240305,000000,25.64,25.6409,25.64,25.6409,206,0
CHAI.US,D,20240306,000000,25.7197,25.7197,25.7197,25.7197,100,0
CHAI.US,D,20240307,000000,25.81,25.81,25.81,25.81,96,0
CHAI.US,D,20240308,000000,25.79,25.79,25.79,25.79,18,0
CHAI.US,D,20240311,000000,25.68,25.68,25.5889,25.5889,129,0
CHAI.US,D,20240312,000000,25.465,25.465,25.465,25.465,1,0
CHAI.US,D,20240313,000000,25.49,25.5438,25.49,25.5438,598,0
CHAI.US,D,20240314,000000,25.38,25.4149,25.38,25.4149,102,0
CHAI.US,D,20240315,000000,25.3046,25.3046,25.3046,25.3046,8,0
CHAI.US,D,20240318,000000,25.401,25.401,25.395,25.395,127,0
CHAI.US,D,20240319,000000,25.4144,25.4144,25.4144,25.4144,1,0
CHAI.US,D,20240320,000000,25.5573,25.5573,25.5573,25.5573,16,0
CHAI.US,D,20240321,000000,25.7118,25.7118,25.7118,25.7118,4,0
CHAI.US,D,20240322,000000,25.6729,25.6729,25.6729,25.6729,23,0
CHAI.US,D,20240325,000000,25.6021,25.6021,25.6021,25.6021,142,0
CHAI.US,D,20240326,000000,25.53,25.53,25.53,25.53,190,0
CHAI.US,D,20240327,000000,25.4677,25.4677,25.4677,25.4677,299,0
CHAI.US,D,20240328,000000,25.4081,25.4081,25.4081,25.4081,139,0
CHAI.US,D,20240401,000000,25.1637,25.1637,25.1637,25.1637,41,0
CHAI.US,D,20240402,000000,25.13,25.13,25.13,25.13,203,0
CHAI.US,D,20240403,000000,25.19,25.19,25.1681,25.1681,6221,0
CHAI.US,D,20240404,000000,25.06,25.06,24.9089,24.9089,519,0
CHAI.US,D,20240405,000000,24.7901,24.8228,24.79,24.8074,500,0
CHAI.US,D,20240408,000000,25.13,25.13,25.0856,25.0856,188,0
CHAI.US,D,20240409,000000,25.14,25.14,25.1286,25.1286,408,0
CHAI.US,D,20240410,000000,24.76,24.77,24.7446,24.7446,716,0
CHAI.US,D,20240411,000000,24.6515,24.7296,24.6515,24.7296,330,0
CHAI.US,D,20240412,000000,24.5601,24.5601,24.5601,24.5601,8,0
CHAI.US,D,20240415,000000,24.56,24.56,24.4698,24.4698,194,0
CHAI.US,D,20240416,000000,24.3595,24.3595,24.3595,24.3595,34,0
CHAI.US,D,20240417,000000,24.295,24.295,24.2767,24.2767,188,0
CHAI.US,D,20240418,000000,24.25,24.25,24.25,24.25,2,0
CHAI.US,D,20240419,000000,24.3767,24.3767,24.35,24.35,852,0
CHAI.US,D,20240422,000000,24.38,24.4466,24.38,24.4466,207,0
CHAI.US,D,20240423,000000,24.5,24.5,24.4796,24.4796,288,0
CHAI.US,D,20240424,000000,24.285,24.2947,24.285,24.2947,283,0
CHAI.US,D,20240425,000000,24.205,24.205,24.205,24.205,60,0
CHAI.US,D,20240426,000000,24.2872,24.2872,24.2872,24.2872,48,0
CHAI.US,D,20240429,000000,24.48,24.5373,24.48,24.5373,130,0
CHAI.US,D,20240430,000000,24.39,24.445,24.39,24.4356,313,0
CHAI.US,D,20240501,000000,24.54,24.54,24.4832,24.4832,390,0
CHAI.US,D,20240502,000000,24.7254,24.7254,24.7254,24.7254,61,0
CHAI.US,D,20240503,000000,24.8567,24.8567,24.8567,24.8567,59,0
CHAI.US,D,20240506,000000,24.69,24.7524,24.69,24.7524,124,0
CHAI.US,D,20240507,000000,24.79,24.843,24.76,24.843,3937,0
CHAI.US,D,20240508,000000,24.7592,24.7592,24.7592,24.7592,71,0
CHAI.US,D,20240509,000000,24.6903,24.7599,24.66,24.7599,770,0
CHAI.US,D,20240510,000000,24.7866,24.7866,24.7866,24.7866,67,0
CHAI.US,D,20240513,000000,24.8187,24.8187,24.8187,24.8187,44,0
CHAI.US,D,20240514,000000,24.9505,24.9505,24.9505,24.9505,9,0
CHAI.US,D,20240515,000000,25.122,25.122,25.122,25.122,109,0
CHAI.US,D,20240516,000000,25.065,25.065,25.0624,25.0624,127,0
CHAI.US,D,20240517,000000,24.88,24.88,24.88,24.88,15,0
CHAI.US,D,20240520,000000,24.885,24.885,24.885,24.885,23,0
CHAI.US,D,20240521,000000,24.9007,24.9007,24.895,24.895,437,0
CHAI.US,D,20240522,000000,24.92,24.92,24.9,24.9,183,0
CHAI.US,D,20240523,000000,24.91,24.91,24.91,24.91,467,0
