<TICKER>,<PER>,<DATE>,<TIME>,<OPEN>,<HIGH>,<LOW>,<CLOSE>,<VOL>,<OPENINT>
DFRA.US,D,20211216,000000,24.4709,24.4806,24.2836,24.2836,2089.5061880539,0
DFRA.US,D,20211217,000000,24.1154,24.2497,23.9754,24.0411,2299648.5916078,0
DFRA.US,D,20211220,000000,23.3718,23.6635,23.3361,23.6404,13358.136438099,0
DFRA.US,D,20211221,000000,24.0093,24.5482,24.0093,24.0797,16675.667571163,0
DFRA.US,D,20211222,000000,24.1251,24.2497,24.1251,24.2276,12439.706314807,0
DFRA.US,D,20211223,000000,24.4323,24.4516,24.3724,24.3724,19845.13161558,0
DFRA.US,D,20211227,000000,24.4129,24.7123,24.4129,24.7123,3728.5985050457,0
DFRA.US,D,20211228,000000,24.7983,24.8611,24.7403,24.749,6439.3652049095,0
DFRA.US,D,20211229,000000,24.7886,24.7935,24.7693,24.7858,2401.1718781452,0
DFRA.US,D,20211230,000000,24.6148,24.8456,24.6148,24.7346,5486.7657534676,0
DFRA.US,D,20211231,000000,24.7375,24.807,24.7017,24.7819,1272.5486150239,0
DFRA.US,D,20220103,000000,24.9036,24.9036,24.7307,24.8601,4806.4854930358,0
DFRA.US,D,20220104,000000,24.8842,25.3739,24.8842,25.2879,22637.697616166,0
DFRA.US,D,20220105,000000,25.3942,25.3942,25.0407,25.0407,1087.2058956673,0
DFRA.US,D,20220106,000000,25.2493,25.2782,25.0668,25.2261,4026.8035507144,0
DFRA.US,D,20220107,000000,25.3845,25.4231,25.3218,25.4135,2363.8962474366,0
DFRA.US,D,20220110,000000,25.0455,25.2252,24.7693,25.2252,4652.2057992697,0
DFRA.US,D,20220111,000000,25.3169,25.596,25.3169,25.596,3558.7872984843,0
DFRA.US,D,20220112,000000,25.74,25.8964,25.711,25.8964,6694.0820147515,0
DFRA.US,D,20220113,000000,26.019,26.0287,25.6917,25.7447,2056.3722940907,0
DFRA.US,D,20220114,000000,25.6771,25.7901,25.625,25.7901,1550.0449769657,0
DFRA.US,D,20220118,000000,25.8751,25.8751,25.0958,25.6964,6482.8534407361,0
DFRA.US,D,20220119,000000,25.7177,25.74,25.6511,25.6511,5521.9705158035,0
DFRA.US,D,20220120,000000,25.4994,25.8075,25.2309,25.2309,269063.78592812,0
DFRA.US,D,20220121,000000,25.1151,25.2213,24.6535,24.8949,114708.50546639,0
DFRA.US,D,20220124,000000,24.2854,24.779,24.1724,24.779,2126.7818187625,0
DFRA.US,D,20220125,000000,24.4806,25.1344,24.4419,25.0233,6475.6054014317,0
DFRA.US,D,20220126,000000,25.3072,25.3459,24.8698,25.0002,2241.7150134473,0
DFRA.US,D,20220127,000000,25.3555,25.5188,24.8166,25.0031,3460.4210507811,0
DFRA.US,D,20220128,000000,24.7113,24.9943,24.356,24.9943,3657.1535461875,0
DFRA.US,D,20220131,000000,25.0475,25.1344,24.9325,25.0881,2889.8968141023,0
DFRA.US,D,20220201,000000,25.3517,25.6115,25.3517,25.6115,1759.2026826083,0
DFRA.US,D,20220202,000000,25.6085,25.7863,25.4425,25.7863,1196.9619194204,0
DFRA.US,D,20220203,000000,25.3169,25.6221,25.3072,25.5342,2288.3095518331,0
DFRA.US,D,20220204,000000,25.2976,25.682,25.2976,25.5805,6381.3808904739,0
DFRA.US,D,20220207,000000,25.6684,25.7593,25.6154,25.6714,1616.312764892,0
DFRA.US,D,20220208,000000,25.6008,25.7013,25.5671,25.7013,1880.3484824113,0
DFRA.US,D,20220209,000000,25.9031,26.0036,25.7785,26.0036,17061.884522673,0
DFRA.US,D,20220210,000000,26.1533,26.2306,25.7611,25.7611,6359.6367725605,0
DFRA.US,D,20220211,000000,25.4994,26.0017,25.4994,25.8597,833.5245200116,0
DFRA.US,D,20220214,000000,25.3652,25.5767,25.2976,25.5227,6424.8691263006,0
DFRA.US,D,20220215,000000,25.4521,25.5381,25.2802,25.4831,7244.9330018896,0
DFRA.US,D,20220216,000000,25.6723,25.7689,25.5671,25.6984,3890.1262381162,0
DFRA.US,D,20220217,000000,25.3748,25.626,25.3072,25.3855,3516.3344968439,0
DFRA.US,D,20220218,000000,25.2309,25.2677,25.1248,25.2677,944.31597795102,0
DFRA.US,D,20220222,000000,25.2686,25.2995,24.9663,24.9663,2397.0301413998,0
DFRA.US,D,20220223,000000,24.8553,24.8978,24.8553,24.8978,314.77199265034,0
DFRA.US,D,20220224,000000,24.6196,24.7558,24.1434,24.7558,7904.5045785944,0
DFRA.US,D,20220225,000000,25.2058,25.4357,25.2058,25.4357,2533.707453998,0
DFRA.US,D,20220228,000000,25.4753,25.6288,25.4705,25.5188,4369.5322663962,0
DFRA.US,D,20220301,000000,25.6868,25.6868,25.2976,25.5188,6303.7233264976,0
DFRA.US,D,20220302,000000,25.9321,26.3271,25.74,26.219,5466.0570697406,0
DFRA.US,D,20220303,000000,26.2402,26.257,26.2402,26.257,667.85505019563,0
DFRA.US,D,20220304,000000,25.9891,26.3111,25.9408,26.3111,4540.3789071439,0
DFRA.US,D,20220307,000000,26.5589,26.5589,25.9698,26.0358,7366.0788016925,0
DFRA.US,D,20220308,000000,26.2306,26.3523,25.9215,25.9216,4693.6231667237,0
DFRA.US,D,20220309,000000,26.1098,26.2517,26.085,26.085,3288.538975847,0
DFRA.US,D,20220310,000000,26.0809,26.501,26.0567,26.3612,502349.1789811,0
DFRA.US,D,20220311,000000,26.443,26.472,26.0003,26.0003,8061.8905749196,0
DFRA.US,D,20220314,000000,25.6511,25.6994,25.5449,25.5449,2715.9438707955,0
DFRA.US,D,20220315,000000,25.3517,25.4338,25.1006,25.4142,9120.1043133691,0
DFRA.US,D,20220316,000000,25.738,25.738,25.4289,25.7156,4225.6069144936,0
DFRA.US,D,20220317,000000,26.047,26.1747,26.0277,26.1747,1095.4893691581,0
DFRA.US,D,20220318,000000,25.738,26.3033,25.738,26.3033,15645.410555746,0
DFRA.US,D,20220321,000000,26.7328,26.7329,26.6942,26.7207,1360.5605208636,0
DFRA.US,D,20220322,000000,26.6555,26.7135,26.6072,26.7037,2716.9793049819,0
DFRA.US,D,20220323,000000,26.8486,26.8679,26.7772,26.7772,660.60701089118,0
DFRA.US,D,20220324,000000,26.8587,26.9547,26.8587,26.9547,1243.5564578061,0
DFRA.US,D,20220325,000000,27.2156,27.3404,27.2156,27.3404,3319.6020014375,0
DFRA.US,D,20220328,000000,27.0901,27.1355,27.042,27.1355,6451.7904151457,0
DFRA.US,D,20220329,000000,27.0418,27.4096,27.0418,27.4096,1863.7815354297,0
DFRA.US,D,20220330,000000,27.6405,27.6405,27.4185,27.481,5995.1639389654,0
DFRA.US,D,20220331,000000,27.5247,27.5344,27.169,27.169,2500.5735600348,0
DFRA.US,D,20220401,000000,27.3025,27.4477,27.2542,27.4477,1016.7963709955,0
DFRA.US,D,20220404,000000,27.3146,27.4168,27.2832,27.4168,912.21751817418,0
DFRA.US,D,20220405,000000,27.2446,27.2524,27.004,27.004,2800.8494740762,0
DFRA.US,D,20220406,000000,26.9935,27.0369,26.9549,26.9759,1656.6946981597,0
DFRA.US,D,20220407,000000,26.9935,27.1288,26.7231,27.0852,1964.2186515056,0
DFRA.US,D,20220408,000000,26.9839,27.2947,26.9839,27.2318,2029.4510052456,0
DFRA.US,D,20220411,000000,27.0322,27.0708,26.8873,26.9011,4129.311535163,0
DFRA.US,D,20220412,000000,27.4061,27.4185,27.0418,27.0986,91040.550834806,0
DFRA.US,D,20220413,000000,27.2349,27.3847,27.1867,27.3702,2322.4788799826,0
DFRA.US,D,20220414,000000,27.3759,27.4668,27.3267,27.3416,1703.2892365454,0
DFRA.US,D,20220418,000000,27.4185,27.4957,27.2542,27.3221,4818.910703272,0
DFRA.US,D,20220419,000000,27.5198,27.5537,27.4088,27.4988,5329.3797571425,0
DFRA.US,D,20220420,000000,27.5247,27.8293,27.5247,27.7632,5504.3681346356,0
DFRA.US,D,20220421,000000,27.4378,27.4957,27.2261,27.2598,2918.8889713201,0
DFRA.US,D,20220422,000000,26.8486,26.8583,26.5104,26.5104,652.32353740038,0
DFRA.US,D,20220425,000000,26.163,26.163,25.5835,26.0626,1990.1045061643,0
DFRA.US,D,20220426,000000,25.9321,26.1016,25.7223,25.7223,2469.5105344443,0
DFRA.US,D,20220427,000000,25.7187,26.1147,25.709,25.909,7579.3782440806,0
DFRA.US,D,20220428,000000,25.9601,26.4333,25.9457,26.3822,3847.6734364759,0
DFRA.US,D,20220429,000000,26.5396,26.5396,25.7407,25.7407,2724.2273442863,0
DFRA.US,D,20220502,000000,25.8345,25.8345,25.2648,25.6607,10019.896621307,0
DFRA.US,D,20220503,000000,26.2306,26.2789,26.0857,26.2146,12434.529143875,0
DFRA.US,D,20220504,000000,26.2789,26.9294,26.1726,26.9294,4952.4817133111,0
DFRA.US,D,20220505,000000,26.8149,26.8149,26.076,26.258,3267.83029212,0
DFRA.US,D,20220506,000000,26.2016,26.3017,26.163,26.2885,1922.8012840516,0
DFRA.US,D,20220509,000000,25.9891,25.9891,25.1559,25.1559,1878.2776140386,0
DFRA.US,D,20220510,000000,25.4,25.4,24.7722,25.0523,2664.1721614781,0
DFRA.US,D,20220511,000000,25.7149,25.7149,25.0751,25.0751,5520.9350816172,0
DFRA.US,D,20220512,000000,25.004,25.1102,24.7432,25.0136,11405.307562643,0
DFRA.US,D,20220513,000000,25.371,25.709,25.371,25.6704,1125.5169605622,0
DFRA.US,D,20220516,000000,25.8447,26.0857,25.767,25.9252,11873.323814873,0
DFRA.US,D,20220517,000000,26.2113,26.3657,26.2113,26.3271,2661.065858919,0
DFRA.US,D,20220518,000000,26.1919,26.1919,25.5641,25.6363,16248.033252201,0
DFRA.US,D,20220519,000000,25.4199,25.8723,25.4199,25.6637,6843.1845375859,0
DFRA.US,D,20220520,000000,25.6704,25.7285,25.4,25.7285,3683.0394008463,0
DFRA.US,D,20220523,000000,26.1436,26.1852,26.1436,26.1852,891.50883444718,0
DFRA.US,D,20220524,000000,25.8742,26.2306,25.796,26.1975,3239.8735690885,0
DFRA.US,D,20220525,000000,26.3754,26.5203,26.2402,26.5154,3723.4213341139,0
DFRA.US,D,20220526,000000,26.839,26.8728,26.7796,26.7796,6069.7152003826,0
DFRA.US,D,20220527,000000,26.9945,27.236,26.9839,27.236,9140.8129970961,0
DFRA.US,D,20220531,000000,27.2349,27.2449,27.0032,27.0369,16585.584796952,0
DFRA.US,D,20220601,000000,26.8776,27.1578,26.81,27.1071,8010.1188656021,0
DFRA.US,D,20220602,000000,27.3122,27.4088,27.3122,27.4088,2770.8218826721,0
DFRA.US,D,20220603,000000,27.2951,27.3453,27.2917,27.3309,1696.1327737035,0
DFRA.US,D,20220606,000000,27.4283,27.4283,27.3015,27.3403,2719.9615597638,0
DFRA.US,D,20220607,000000,27.3502,27.8013,27.3502,27.8013,9094.5511986978,0
DFRA.US,D,20220608,000000,27.6186,27.643,27.4143,27.4143,2676.9177068964,0
DFRA.US,D,20220609,000000,27.0868,27.207,26.8699,26.8699,3079.6851872985,0
DFRA.US,D,20220610,000000,26.2525,26.2964,26.1557,26.2507,4136.3092898292,0
DFRA.US,D,20220613,000000,25.5744,25.5744,24.9499,25.0502,3308.2275489516,0
DFRA.US,D,20220614,000000,25.0084,25.0992,24.803,24.803,1976.9426709813,0
DFRA.US,D,20220615,000000,25.0377,25.0621,24.8084,24.8862,5180.6351486835,0
DFRA.US,D,20220616,000000,24.5694,24.5694,23.8473,23.8946,1529.0816304324,0
DFRA.US,D,20220617,000000,23.5665,23.5665,23.2619,23.4308,3462.9804485463,0
DFRA.US,D,20220621,000000,23.9059,24.1001,23.8473,23.9531,9055.6067603892,0
DFRA.US,D,20220622,000000,23.7107,23.7107,23.5058,23.5483,2132.7204242157,0
DFRA.US,D,20220623,000000,23.1057,23.1448,22.894,23.1438,3863.698221669,0
DFRA.US,D,20220624,000000,23.6326,23.7799,23.6326,23.7683,6534.4668067272,0
DFRA.US,D,20220627,000000,24.0114,24.1675,24.0114,24.0402,1509.6094112781,0
DFRA.US,D,20220628,000000,24.2864,24.2864,24.0912,24.1231,4111.7128024764,0
DFRA.US,D,20220629,000000,23.7887,23.8863,23.7887,23.8545,1344.6079752864,0
DFRA.US,D,20220630,000000,23.4375,23.7205,23.4375,23.5269,1325.1357561321,0
DFRA.US,D,20220701,000000,23.2878,23.7741,23.2878,23.7251,2536.5127582575,0
DFRA.US,D,20220705,000000,23.5156,23.5156,22.8325,23.1868,1413.2731691463,0
DFRA.US,D,20220706,000000,22.6802,23.0667,22.6802,23.035,4847.557715781,0
DFRA.US,D,20220707,000000,22.8325,23.6522,22.8325,23.5882,1834.488015063,0
DFRA.US,D,20220708,000000,23.6267,23.6267,23.5546,23.5688,1837.5625759821,0
DFRA.US,D,20220711,000000,23.3009,23.3789,23.3009,23.3334,1352.806804404,0
DFRA.US,D,20220712,000000,23.1253,23.2423,23.0179,23.0971,3814.5052469634,0
DFRA.US,D,20220713,000000,23.1643,23.2716,23.1606,23.1606,2178.8388380022,0
DFRA.US,D,20220714,000000,22.3837,22.7252,22.3447,22.6569,6015.890865039,0
DFRA.US,D,20220715,000000,22.9301,23.1175,22.9301,23.1175,1441.9690710579,0
DFRA.US,D,20220718,000000,23.3692,23.4765,23.3497,23.3497,1747.3754556885,0
DFRA.US,D,20220719,000000,23.6131,23.9673,23.5936,23.9673,1517579.698034,0
DFRA.US,D,20220720,000000,23.8766,24.0034,23.8766,23.9955,8222.4007513131,0
DFRA.US,D,20220721,000000,23.779,23.9489,23.7603,23.9489,1813.990942269,0
DFRA.US,D,20220722,000000,24.1431,24.1431,23.7302,23.8687,2573.4074892867,0
DFRA.US,D,20220725,000000,24.2571,24.2766,24.1888,24.2766,1105.8170772363,0
DFRA.US,D,20220726,000000,24.4718,24.4718,24.2474,24.38,2674.867999617,0
DFRA.US,D,20220727,000000,24.5329,24.7995,24.5329,24.7995,438.6373577916,0
DFRA.US,D,20220728,000000,24.9072,25.2921,24.5401,25.2921,11647.461615191,0
DFRA.US,D,20220729,000000,25.35,25.672,25.35,25.6528,8219.326190394,0
DFRA.US,D,20220801,000000,25.4183,25.4183,25.2231,25.3917,1827.3140395851,0
DFRA.US,D,20220802,000000,25.1743,25.2426,25.1548,25.1548,4656.9349387968,0
DFRA.US,D,20220803,000000,25.153,25.2231,25.0768,25.1395,7824.7575391095,0
DFRA.US,D,20220804,000000,25.028,25.0719,24.913,24.913,497.0540152545,0
DFRA.US,D,20220805,000000,25.1353,25.18,25.1353,25.18,330.0028719834,0
DFRA.US,D,20220808,000000,25.4183,25.4183,25.3597,25.4039,2147.0683751715,0
DFRA.US,D,20220809,000000,25.5548,25.561,25.5121,25.5121,563.669501835,0
DFRA.US,D,20220810,000000,25.8476,25.911,25.8476,25.911,664.1051585256,0
DFRA.US,D,20220811,000000,26.2623,26.2756,26.2184,26.2347,3603.3853971852,0
DFRA.US,D,20220812,000000,26.2379,26.5668,26.2281,26.5668,2201.3856180756,0
DFRA.US,D,20220815,000000,26.2867,26.3761,25.994,26.3761,2880.8635811967,0
DFRA.US,D,20220816,000000,26.4818,26.5158,26.4818,26.5158,480.6563570193,0
DFRA.US,D,20220817,000000,26.3745,26.4916,26.3062,26.3794,5337.4377555576,0
DFRA.US,D,20220818,000000,26.5209,26.6676,26.5209,26.6676,3059.1881145045,0
DFRA.US,D,20220819,000000,26.433,26.4717,26.3707,26.3707,3388.1661328482,0
DFRA.US,D,20220822,000000,26.0932,26.1598,26.0427,26.1017,2097.8754004659,0
DFRA.US,D,20220823,000000,26.4721,26.5453,26.3843,26.467,6895.2152879016,0
DFRA.US,D,20220824,000000,26.433,26.5696,26.433,26.5514,2942.3547995787,0
DFRA.US,D,20220825,000000,26.6672,26.8258,26.6292,26.8258,1495.2614603223,0
DFRA.US,D,20220826,000000,26.5013,26.5794,26.3424,26.3424,1464.5158511313,0
DFRA.US,D,20220829,000000,26.2037,26.5599,26.2037,26.3766,2218.8081299505,0
DFRA.US,D,20220830,000000,26.355,26.3647,25.6966,25.6966,2595.9542693601,0
DFRA.US,D,20220831,000000,25.5646,25.7198,25.4671,25.4671,5043.3047609637,0
DFRA.US,D,20220901,000000,24.9987,25.2771,24.9987,25.2771,1792.4690158353,0
DFRA.US,D,20220902,000000,25.7305,25.7305,25.3484,25.3484,626.1855738567,0
DFRA.US,D,20220906,000000,25.32,25.32,25.19,25.1912,14217,0
DFRA.US,D,20220907,000000,25.11,25.3,25.04,25.3,5013,0
DFRA.US,D,20220908,000000,25.28,25.45,25.18,25.42,8159,0
DFRA.US,D,20220909,000000,25.68,25.9707,25.68,25.9707,2328,0
DFRA.US,D,20220912,000000,26.23,26.4201,26.23,26.31,3795,0
DFRA.US,D,20220913,000000,25.9223,25.9223,25.5254,25.5345,1981,0
DFRA.US,D,20220914,000000,25.5846,25.6893,25.55,25.6893,1969,0
DFRA.US,D,20220915,000000,25.27,25.61,25.27,25.3402,2841,0
DFRA.US,D,20220916,000000,24.98,25.06,24.76,25.0052,169112,0
DFRA.US,D,20220919,000000,25.0155,25.189,25.0155,25.189,706,0
DFRA.US,D,20220920,000000,24.7631,24.8718,24.7171,24.8718,970,0
DFRA.US,D,20220921,000000,25.0187,25.0187,24.5539,24.5539,3259,0
DFRA.US,D,20220922,000000,24.47,24.47,24.3744,24.3744,802,0
DFRA.US,D,20220923,000000,23.295,23.295,23,23.1623,2942,0
DFRA.US,D,20220926,000000,22.92,22.92,22.5999,22.6649,2166,0
DFRA.US,D,20220927,000000,22.63,22.9473,22.63,22.7752,6576,0
DFRA.US,D,20220928,000000,23.09,23.5299,23.09,23.5299,3603,0
DFRA.US,D,20220929,000000,22.9064,23.2633,22.9064,23.2633,6255,0
DFRA.US,D,20220930,000000,23.14,23.4059,23.14,23.2184,696,0
DFRA.US,D,20221003,000000,23.81,24.1234,23.81,24.1234,3305,0
DFRA.US,D,20221004,000000,24.38,24.9002,24.38,24.9002,7208,0
DFRA.US,D,20221005,000000,24.57,25.07,24.57,24.9559,3341,0
DFRA.US,D,20221006,000000,24.92,24.92,24.69,24.8121,11087,0
DFRA.US,D,20221007,000000,24.55,24.72,24.36,24.4613,1824,0
DFRA.US,D,20221010,000000,24.32,24.38,24.13,24.18,4358,0
DFRA.US,D,20221011,000000,24,24.435,24,24.182,3858,0
DFRA.US,D,20221012,000000,23.96,24.16,23.95,24.07,7830,0
DFRA.US,D,20221013,000000,23.72,24.86,23.7,24.7508,7414,0
DFRA.US,D,20221014,000000,24.1749,24.18,24.057,24.057,5827,0
DFRA.US,D,20221017,000000,24.29,24.598,24.29,24.54,4369,0
DFRA.US,D,20221018,000000,24.7,24.7484,24.18,24.7484,2976,0
DFRA.US,D,20221019,000000,24.72,24.7907,24.72,24.73,1903,0
DFRA.US,D,20221020,000000,24.97,24.9912,24.68,24.7205,1318,0
DFRA.US,D,20221021,000000,24.74,25.2575,24.74,25.2575,4896,0
DFRA.US,D,20221024,000000,25.1453,25.17,25.07,25.07,1805,0
DFRA.US,D,20221025,000000,25.3,25.4211,25.3,25.4211,1392,0
DFRA.US,D,20221026,000000,25.8,25.82,25.64,25.6584,3660,0
DFRA.US,D,20221027,000000,26.15,26.15,25.7302,25.7302,1058,0
DFRA.US,D,20221028,000000,25.81,25.8865,25.81,25.8865,2832,0
DFRA.US,D,20221031,000000,26.0241,26.035,25.8938,25.8938,2973,0
DFRA.US,D,20221101,000000,25.96,26.1525,25.96,26.1525,620,0
DFRA.US,D,20221102,000000,25.86,26.2,25.533,25.533,4053,0
DFRA.US,D,20221103,000000,25.27,25.7266,25.27,25.6333,7870,0
DFRA.US,D,20221104,000000,26.17,26.2791,26.01,26.2791,4687,0
DFRA.US,D,20221107,000000,26.4134,26.45,26.4,26.422,4814,0
DFRA.US,D,20221108,000000,26.5734,26.72,26.56,26.5845,2747,0
DFRA.US,D,20221109,000000,26.235,26.2541,25.77,25.8193,4121,0
DFRA.US,D,20221110,000000,26.63,26.85,26.63,26.85,2171,0
DFRA.US,D,20221111,000000,27.14,27.44,27.1,27.37,5955,0
DFRA.US,D,20221114,000000,27.1,27.5777,27.1,27.2576,5524,0
DFRA.US,D,20221115,000000,27.53,27.53,27.32,27.3927,3197,0
DFRA.US,D,20221116,000000,27.2095,27.23,26.97,27.0534,10290,0
DFRA.US,D,20221117,000000,26.68,26.9032,26.6,26.9032,4944,0
DFRA.US,D,20221118,000000,26.74,26.9566,26.74,26.9344,4650,0
DFRA.US,D,20221121,000000,26.3502,26.7366,26.3448,26.7366,3528,0
DFRA.US,D,20221122,000000,26.98,27.4,26.98,27.4,1839,0
DFRA.US,D,20221123,000000,27.28,27.3389,27.16,27.3389,900,0
DFRA.US,D,20221125,000000,27.47,27.4999,27.3989,27.3989,1453,0
DFRA.US,D,20221128,000000,27.1376,27.1376,26.81,26.8236,2479,0
DFRA.US,D,20221129,000000,27.16,27.3151,27.16,27.3151,1627,0
DFRA.US,D,20221130,000000,27.32,27.6973,27.2199,27.6973,5571,0
DFRA.US,D,20221201,000000,27.71,27.748,27.6101,27.63,4208,0
DFRA.US,D,20221202,000000,27.485,27.6201,27.485,27.6201,1115,0
DFRA.US,D,20221205,000000,26.98,26.98,26.62,26.7245,1712,0
DFRA.US,D,20221206,000000,26.41,26.5149,26.3695,26.3695,605,0
DFRA.US,D,20221207,000000,26.49,26.56,26.24,26.298,5834,0
DFRA.US,D,20221208,000000,26.585,26.585,26.2714,26.2714,725,0
DFRA.US,D,20221209,000000,26.26,26.3534,26.05,26.05,6119,0
DFRA.US,D,20221212,000000,26.06,26.362,26.06,26.362,206965,0
DFRA.US,D,20221213,000000,26.97,26.97,26.66,26.7468,8802,0
DFRA.US,D,20221214,000000,26.645,26.73,26.46,26.4766,2101,0
DFRA.US,D,20221215,000000,26.045,26.0757,26.02,26.0757,1867,0
DFRA.US,D,20221216,000000,25.59,25.8089,25.565,25.8089,2760,0
DFRA.US,D,20221219,000000,25.61,25.835,25.61,25.6151,2637,0
DFRA.US,D,20221220,000000,25.26,25.8499,25.26,25.8127,2906,0
DFRA.US,D,20221221,000000,26.09,26.6699,26.09,26.2358,920659,0
DFRA.US,D,20221222,000000,25.8932,25.99,25.575,25.9688,12874,0
DFRA.US,D,20221223,000000,26.295,26.3858,26.285,26.3858,2687,0
DFRA.US,D,20221227,000000,26.4984,26.5048,26.42,26.5048,1107,0
DFRA.US,D,20221228,000000,25.85,25.85,25.2865,25.2865,1710,0
DFRA.US,D,20221229,000000,25.51,25.63,25.49,25.61,2528,0
DFRA.US,D,20221230,000000,25.46,25.66,25.38,25.5349,14820,0
DFRA.US,D,20230103,000000,25.29,25.29,24.99,25.18,25458,0
DFRA.US,D,20230104,000000,25.33,25.5,25.33,25.3956,2903,0
DFRA.US,D,20230105,000000,25.258,25.49,25.258,25.412,1706,0
DFRA.US,D,20230106,000000,25.9878,26.095,25.9878,26.0858,4692,0
DFRA.US,D,20230109,000000,26.4025,26.43,26.196,26.196,4303,0
DFRA.US,D,20230110,000000,26.1401,26.3612,26.075,26.3612,3015,0
DFRA.US,D,20230111,000000,26.62,26.7,26.59,26.6943,2769,0
DFRA.US,D,20230112,000000,26.87,27.135,26.87,27.0645,2554,0
DFRA.US,D,20230113,000000,26.99,27.1066,26.965,27.1066,1049,0
DFRA.US,D,20230117,000000,27.11,27.135,26.9741,26.9741,3515,0
DFRA.US,D,20230118,000000,27.11,27.13,26.6343,26.6343,4244,0
DFRA.US,D,20230119,000000,26.62,26.74,26.4,26.6768,1200,0
DFRA.US,D,20230120,000000,26.7286,26.9433,26.7161,26.9433,2427,0
DFRA.US,D,20230123,000000,27.0721,27.205,27.0721,27.1213,2939,0
DFRA.US,D,20230124,000000,26.9851,27.0805,26.98,27.0805,2618,0
DFRA.US,D,20230125,000000,26.84,27.0218,26.8192,27.0218,3635,0
DFRA.US,D,20230126,000000,27,27.3293,27,27.3293,2711,0
DFRA.US,D,20230127,000000,27.17,27.3,27.17,27.261,4479,0
DFRA.US,D,20230130,000000,27.165,27.1897,26.92,26.9207,7564,0
DFRA.US,D,20230131,000000,27.08,27.3248,27.08,27.3248,1841,0
DFRA.US,D,20230201,000000,27.0242,27.47,26.935,27.3426,4427,0
DFRA.US,D,20230202,000000,27.37,27.37,27.1,27.21,4583,0
DFRA.US,D,20230203,000000,27.231,27.2316,27.0507,27.0507,1180,0
DFRA.US,D,20230206,000000,26.6764,26.8805,26.6764,26.8805,655,0
DFRA.US,D,20230207,000000,27.04,27.1095,26.985,27.1095,805,0
DFRA.US,D,20230208,000000,27.11,27.11,26.96,27.0111,3475,0
DFRA.US,D,20230209,000000,27.06,27.0855,26.7867,26.7867,3372,0
DFRA.US,D,20230210,000000,26.93,27.1201,26.93,27.11,3140,0
DFRA.US,D,20230213,000000,27.17,27.28,27.17,27.2325,5067,0
DFRA.US,D,20230214,000000,27.11,27.3823,27.11,27.245,4069,0
DFRA.US,D,20230215,000000,26.94,27.2011,26.94,27.2011,1871,0
DFRA.US,D,20230216,000000,26.87,27.2759,26.87,27.0696,1971,0
DFRA.US,D,20230217,000000,26.6701,26.76,26.58,26.68,6638,0
DFRA.US,D,20230221,000000,26.42,26.42,26.2607,26.2607,4710,0
DFRA.US,D,20230222,000000,26.1901,26.21,26.08,26.118,4464,0
DFRA.US,D,20230223,000000,26.25,26.41,26.2,26.3466,3940,0
DFRA.US,D,20230224,000000,25.91,26.17,25.91,26.1454,4077,0
DFRA.US,D,20230227,000000,26.41,26.41,26.2301,26.2541,6102,0
DFRA.US,D,20230228,000000,26.27,26.33,26.1342,26.1342,2698,0
DFRA.US,D,20230301,000000,26.27,26.313,26.2316,26.313,2672,0
DFRA.US,D,20230302,000000,26.4,26.5335,26.4,26.5335,1200,0
DFRA.US,D,20230303,000000,26.68,26.7326,26.67,26.7,3215,0
DFRA.US,D,20230306,000000,26.5889,26.63,26.515,26.5609,1238,0
DFRA.US,D,20230307,000000,26.45,26.45,26.04,26.0776,2261,0
DFRA.US,D,20230308,000000,26.31,26.31,26.025,26.1143,2432,0
DFRA.US,D,20230309,000000,26.05,26.05,25.6845,25.6845,979,0
DFRA.US,D,20230310,000000,25.64,25.64,25.19,25.2511,4385,0
DFRA.US,D,20230313,000000,24.9911,25.2977,24.9911,24.9974,2159,0
DFRA.US,D,20230314,000000,25.5899,25.59,25.06,25.18,4504,0
DFRA.US,D,20230315,000000,24.4218,24.4218,23.9108,24.1852,2748,0
DFRA.US,D,20230316,000000,24.1299,24.4253,24.1299,24.4253,2259,0
DFRA.US,D,20230317,000000,23.945,24.13,23.945,24.0644,4590,0
DFRA.US,D,20230320,000000,24.37,24.4999,24.36,24.4427,4086,0
DFRA.US,D,20230321,000000,24.84,24.8996,24.79,24.8996,2133,0
DFRA.US,D,20230322,000000,24.85,24.86,24.498,24.498,5433,0
DFRA.US,D,20230323,000000,24.75,24.7501,24.2799,24.2973,12967,0
DFRA.US,D,20230324,000000,24.07,24.41,24.07,24.3761,5044,0
DFRA.US,D,20230327,000000,24.5704,24.799,24.5179,24.7174,2473,0
DFRA.US,D,20230328,000000,24.75,25.035,24.75,25.011,2251,0
DFRA.US,D,20230329,000000,25.2461,25.3412,25.2461,25.3412,1124,0
DFRA.US,D,20230330,000000,25.59,25.59,25.54,25.5553,1588,0
DFRA.US,D,20230331,000000,25.7567,25.7726,25.6501,25.7726,7351,0
DFRA.US,D,20230403,000000,26.31,26.39,26.12,26.3061,6547,0
DFRA.US,D,20230404,000000,26.15,26.15,25.77,25.9383,10951,0
DFRA.US,D,20230405,000000,25.75,25.9651,25.75,25.9651,759,0
DFRA.US,D,20230406,000000,25.8995,25.92,25.81,25.8395,2541,0
DFRA.US,D,20230410,000000,25.65,26.1,25.65,26.0561,5917,0
DFRA.US,D,20230411,000000,26.36,26.4601,26.35,26.3873,1697,0
DFRA.US,D,20230412,000000,26.57,26.58,26.435,26.435,2230,0
DFRA.US,D,20230413,000000,26.31,26.6899,26.31,26.6513,3559,0
DFRA.US,D,20230414,000000,26.7023,26.7023,26.52,26.6031,3094,0
DFRA.US,D,20230417,000000,26.69,26.69,26.48,26.599,4726,0
DFRA.US,D,20230418,000000,26.66,26.677,26.59,26.655,1563,0
DFRA.US,D,20230419,000000,26.4499,26.4796,26.4221,26.44,987,0
DFRA.US,D,20230420,000000,26.38,26.38,26.26,26.3458,1195,0
DFRA.US,D,20230421,000000,26.15,26.2411,26.15,26.2411,642,0
DFRA.US,D,20230424,000000,26.3278,26.4734,26.3278,26.4734,536,0
DFRA.US,D,20230425,000000,25.95,26.0686,25.91,25.935,8698,0
DFRA.US,D,20230426,000000,25.705,25.759,25.705,25.759,656,0
DFRA.US,D,20230427,000000,25.7709,26.02,25.73,25.9918,2191,0
DFRA.US,D,20230428,000000,26.31,26.48,26.31,26.4128,35969,0
DFRA.US,D,20230501,000000,26.4301,26.4301,26.29,26.3216,2782,0
DFRA.US,D,20230502,000000,25.64,25.75,25.47,25.7366,3572,0
DFRA.US,D,20230503,000000,25.6401,25.8,25.5552,25.5552,2195,0
DFRA.US,D,20230504,000000,25.51,25.56,25.46,25.5018,2464,0
DFRA.US,D,20230505,000000,25.9799,26.15,25.9401,26.1027,955,0
DFRA.US,D,20230508,000000,26.16,26.17,26.0201,26.0699,5336,0
DFRA.US,D,20230509,000000,25.88,26.09,25.88,25.9761,7824,0
DFRA.US,D,20230510,000000,25.82,25.85,25.55,25.8115,9532,0
DFRA.US,D,20230511,000000,25.4,25.5239,25.4,25.5239,38279,0
DFRA.US,D,20230512,000000,25.5,25.6335,25.5,25.5789,5166,0
DFRA.US,D,20230515,000000,25.48,25.8108,25.48,25.8108,2999,0
DFRA.US,D,20230516,000000,25.544,25.55,25.37,25.389,2666,0
DFRA.US,D,20230517,000000,25.48,25.75,25.47,25.6928,4592,0
DFRA.US,D,20230518,000000,25.54,25.8368,25.54,25.8368,841,0
DFRA.US,D,20230519,000000,25.99,25.99,25.8789,25.8789,873,0
DFRA.US,D,20230522,000000,25.92,25.92,25.8315,25.8684,1110,0
DFRA.US,D,20230523,000000,25.79,26.08,25.79,25.8201,9058,0
DFRA.US,D,20230524,000000,25.6632,25.6632,25.58,25.613,1270,0
DFRA.US,D,20230525,000000,25.3461,25.3461,25.3461,25.3461,133,0
DFRA.US,D,20230526,000000,25.33,25.4549,25.33,25.4549,2332,0
DFRA.US,D,20230530,000000,25.27,25.2835,25.15,25.2702,5628,0
DFRA.US,D,20230531,000000,25.09,25.09,24.9428,24.9558,12749,0
DFRA.US,D,20230601,000000,25.27,25.415,25.2415,25.3341,6537,0
DFRA.US,D,20230602,000000,25.55,26.1275,25.55,26.1275,1299,0
DFRA.US,D,20230605,000000,25.86,25.86,25.6283,25.6283,3703,0
DFRA.US,D,20230606,000000,25.56,25.8389,25.56,25.8389,4080,0
DFRA.US,D,20230607,000000,26.02,26.34,26.02,26.3296,5087,0
DFRA.US,D,20230608,000000,26.29,26.31,26.29,26.2964,1835,0
DFRA.US,D,20230609,000000,26.16,26.24,26.1075,26.153,12933,0
DFRA.US,D,20230612,000000,26.06,26.0759,26,26.0759,3063,0
DFRA.US,D,20230613,000000,26.36,26.39,26.3445,26.3445,2316,0
DFRA.US,D,20230614,000000,26.44,26.49,26.24,26.3109,2605,0
DFRA.US,D,20230615,000000,26.52,26.6285,26.49,26.6156,25969,0
DFRA.US,D,20230616,000000,26.6601,26.67,26.5986,26.6381,916,0
DFRA.US,D,20230620,000000,26.185,26.2811,26.1694,26.2811,5111,0
DFRA.US,D,20230621,000000,26.44,26.5,26.44,26.4492,2258,0
DFRA.US,D,20230622,000000,26.16,26.16,26.05,26.09,437116,0
DFRA.US,D,20230623,000000,25.77,25.9,25.75,25.8464,5159,0
DFRA.US,D,20230626,000000,26.0399,26.18,26.0399,26.14,1621,0
DFRA.US,D,20230627,000000,26.24,26.3199,26.24,26.3199,621,0
DFRA.US,D,20230628,000000,26.01,26.3498,26.01,26.3341,7939,0
DFRA.US,D,20230629,000000,26.545,26.6093,26.545,26.6093,404,0
DFRA.US,D,20230630,000000,26.7,26.78,26.7,26.7301,8279,0
DFRA.US,D,20230703,000000,26.87,27,26.87,26.9225,805,0
DFRA.US,D,20230705,000000,26.6453,26.6593,26.63,26.6593,2972,0
DFRA.US,D,20230706,000000,26.18,26.2494,26.14,26.2494,1632,0
DFRA.US,D,20230707,000000,26.5,26.5903,26.5,26.5885,570,0
DFRA.US,D,20230710,000000,26.65,26.7207,26.6127,26.7207,1306,0
DFRA.US,D,20230711,000000,26.9,27.1624,26.9,27.1624,1207,0
DFRA.US,D,20230712,000000,27.4301,27.5,27.4301,27.4729,901,0
DFRA.US,D,20230713,000000,27.47,27.6533,27.39,27.63,4278,0
DFRA.US,D,20230714,000000,27.2682,27.2682,27.2143,27.2143,1262,0
DFRA.US,D,20230717,000000,27.14,27.2246,27.135,27.2047,8716,0
DFRA.US,D,20230718,000000,27.43,27.56,27.43,27.4708,2856,0
DFRA.US,D,20230719,000000,27.5068,27.5125,27.43,27.5125,3429,0
DFRA.US,D,20230720,000000,27.59,27.664,27.59,27.6575,1191,0
DFRA.US,D,20230721,000000,27.65,27.7466,27.64,27.7466,11608,0
DFRA.US,D,20230724,000000,27.88,28.055,27.88,27.95,6501,0
DFRA.US,D,20230725,000000,28.07,28.1842,28.07,28.1842,1070,0
DFRA.US,D,20230726,000000,28.08,28.11,28.01,28.082,4392,0
DFRA.US,D,20230727,000000,28.08,28.11,27.8384,27.8384,6237,0
DFRA.US,D,20230728,000000,27.95,28.0348,27.92,28.0348,18126,0
DFRA.US,D,20230731,000000,28.03,28.34,28.03,28.31,10581,0
DFRA.US,D,20230801,000000,28.1,28.1813,27.99,28.1813,1817,0
DFRA.US,D,20230802,000000,27.87,27.87,27.7,27.7,812,0
DFRA.US,D,20230803,000000,27.64,27.92,27.64,27.8447,9317,0
DFRA.US,D,20230804,000000,27.77,28.01,27.67,27.688,1465,0
DFRA.US,D,20230807,000000,27.8749,27.905,27.84,27.8897,4372,0
DFRA.US,D,20230808,000000,27.5709,27.85,27.5709,27.85,1637,0
DFRA.US,D,20230809,000000,28.0546,28.08,27.96,27.9898,1534,0
DFRA.US,D,20230810,000000,27.98,27.98,27.9075,27.9075,1100,0
DFRA.US,D,20230811,000000,28.05,28.05,27.9,27.9774,2319,0
DFRA.US,D,20230814,000000,27.72,27.91,27.72,27.8543,8168,0
DFRA.US,D,20230815,000000,27.6434,27.6434,27.494,27.494,961,0
DFRA.US,D,20230816,000000,27.6,27.6,27.39,27.4009,5559,0
DFRA.US,D,20230817,000000,27.7077,27.755,27.45,27.45,75243,0
DFRA.US,D,20230818,000000,27.39,27.5422,27.38,27.5422,1420,0
DFRA.US,D,20230821,000000,27.53,27.5853,27.425,27.5672,1443,0
DFRA.US,D,20230822,000000,27.54,27.56,27.47,27.49,11705,0
DFRA.US,D,20230823,000000,27.35,27.62,27.35,27.5999,51676,0
DFRA.US,D,20230824,000000,27.24,27.5737,27.24,27.4,7476,0
DFRA.US,D,20230825,000000,27.55,27.5883,27.435,27.578,25784,0
DFRA.US,D,20230828,000000,27.79,27.8146,27.75,27.8146,877,0
DFRA.US,D,20230829,000000,27.56,28.099,27.56,28.099,6120,0
DFRA.US,D,20230830,000000,28.22,28.23,28.16,28.1965,17446,0
DFRA.US,D,20230831,000000,28.01,28.18,28.01,28.1112,1041,0
DFRA.US,D,20230901,000000,28.39,28.4022,28.33,28.4022,1874,0
DFRA.US,D,20230905,000000,28.4018,28.4018,28.2739,28.2739,1659,0
DFRA.US,D,20230906,000000,27.5,27.5332,27.5,27.5332,1203,0
DFRA.US,D,20230907,000000,27.35,27.455,27.35,27.4149,5197,0
DFRA.US,D,20230908,000000,27.49,27.62,27.4806,27.4806,5627,0
DFRA.US,D,20230911,000000,27.42,27.46,27.4,27.4,1219,0
DFRA.US,D,20230912,000000,27.6797,27.6797,27.6,27.6192,1034,0
DFRA.US,D,20230913,000000,27.43,27.52,27.4284,27.4284,1721,0
DFRA.US,D,20230914,000000,27.7996,27.8576,27.7996,27.8576,556,0
DFRA.US,D,20230915,000000,27.82,27.86,27.6748,27.6748,1284,0
DFRA.US,D,20230918,000000,27.59,27.74,27.59,27.64,3538,0
DFRA.US,D,20230919,000000,27.695,27.695,27.57,27.6261,1828,0
DFRA.US,D,20230920,000000,27.7505,27.7505,27.5118,27.5118,1141,0
DFRA.US,D,20230921,000000,27.13,27.25,27.0438,27.0438,3659,0
DFRA.US,D,20230922,000000,27.12,27.2,27.0788,27.0788,1028,0
DFRA.US,D,20230925,000000,27.1101,27.26,27.1101,27.22,2819,0
DFRA.US,D,20230926,000000,27.13,27.18,26.913,26.9402,5866,0
DFRA.US,D,20230927,000000,27.2366,27.2366,27.2366,27.2366,184,0
DFRA.US,D,20230928,000000,27.428,27.428,27.384,27.384,344,0
DFRA.US,D,20230929,000000,27.3,27.315,27.1868,27.1868,2677,0
DFRA.US,D,20231002,000000,26.69,26.7671,26.61,26.6653,1101,0
DFRA.US,D,20231003,000000,26.4766,26.4766,26.4339,26.4339,916,0
DFRA.US,D,20231004,000000,26.1,26.1693,26.1,26.1693,5422,0
DFRA.US,D,20231005,000000,26.07,26.135,26.07,26.135,743,0
DFRA.US,D,20231006,000000,26.26,26.56,26.26,26.4957,1030,0
DFRA.US,D,20231009,000000,27.01,27.1,27.01,27.0451,1008,0
DFRA.US,D,20231010,000000,27.32,27.32,27.2329,27.2329,1344,0
DFRA.US,D,20231011,000000,27.2162,27.3359,27.215,27.3359,1450,0
DFRA.US,D,20231012,000000,27.1301,27.2534,27.1301,27.2534,316,0
DFRA.US,D,20231013,000000,27.48,27.5038,27.48,27.5038,395,0
DFRA.US,D,20231016,000000,27.6901,27.7913,27.6901,27.7913,820,0
DFRA.US,D,20231017,000000,27.77,28.05,27.77,28.0115,1473,0
DFRA.US,D,20231018,000000,27.8145,27.86,27.7765,27.7765,917,0
DFRA.US,D,20231019,000000,27.5709,27.5709,27.5709,27.5709,217,0
DFRA.US,D,20231020,000000,27.24,27.29,27.1951,27.1951,1346,0
DFRA.US,D,20231023,000000,27.0193,27.05,26.7966,26.7966,2481,0
DFRA.US,D,20231024,000000,26.89,26.8933,26.89,26.8933,702,0
DFRA.US,D,20231025,000000,26.7701,26.86,26.715,26.7428,300058,0
DFRA.US,D,20231026,000000,26.73,26.77,26.69,26.7337,58261,0
DFRA.US,D,20231027,000000,26.5648,26.5648,26.42,26.4611,2055,0
DFRA.US,D,20231030,000000,26.64,26.64,26.4232,26.5255,3825,0
DFRA.US,D,20231031,000000,26.4966,26.5353,26.42,26.5353,2033,0
DFRA.US,D,20231101,000000,26.6276,26.6842,26.57,26.65,6009,0
DFRA.US,D,20231102,000000,27.26,27.3412,27.26,27.3412,644,0
DFRA.US,D,20231103,000000,27.44,27.48,27.44,27.4492,1104,0
DFRA.US,D,20231106,000000,27.3454,27.3541,27.184,27.23,2869,0
DFRA.US,D,20231107,000000,26.7832,26.85,26.75,26.82,9853,0
DFRA.US,D,20231108,000000,26.79,26.79,26.54,26.59,33561,0
DFRA.US,D,20231109,000000,26.73,26.73,26.49,26.49,3258,0
DFRA.US,D,20231110,000000,26.65,26.7725,26.65,26.7725,1865,0
DFRA.US,D,20231113,000000,26.7742,26.8456,26.7742,26.83,2664,0
DFRA.US,D,20231114,000000,27.32,27.52,27.32,27.5159,6240,0
DFRA.US,D,20231115,000000,27.46,27.75,27.46,27.5029,3974,0
DFRA.US,D,20231116,000000,27.17,27.212,27.17,27.212,338,0
DFRA.US,D,20231117,000000,27.47,27.58,27.47,27.526,1730,0
DFRA.US,D,20231120,000000,27.735,27.735,27.6237,27.6237,11359,0
DFRA.US,D,20231121,000000,27.54,27.7,27.54,27.5792,1568,0
DFRA.US,D,20231122,000000,27.4,27.57,27.4,27.57,1755,0
DFRA.US,D,20231124,000000,27.74,27.74,27.6538,27.6538,448,0
DFRA.US,D,20231127,000000,27.5201,27.5865,27.5201,27.5865,948,0
DFRA.US,D,20231128,000000,27.722,27.722,27.6394,27.6394,2784,0
DFRA.US,D,20231129,000000,27.69,27.72,27.627,27.627,878,0
DFRA.US,D,20231130,000000,27.76,27.8331,27.73,27.8331,1281,0
DFRA.US,D,20231201,000000,28.02,28.27,28.02,28.1868,1952,0
DFRA.US,D,20231204,000000,28,28.06,27.99,28.06,3511,0
DFRA.US,D,20231205,000000,27.4981,27.4981,27.4981,27.4981,202,0
DFRA.US,D,20231206,000000,27.46,27.46,27.31,27.318,3881,0
DFRA.US,D,20231207,000000,27.38,27.54,27.36,27.3961,7352,0
DFRA.US,D,20231208,000000,27.61,27.61,27.51,27.59,982,0
DFRA.US,D,20231211,000000,27.5817,27.59,27.535,27.55,1634,0
DFRA.US,D,20231212,000000,27.32,27.4077,27.32,27.32,2782,0
DFRA.US,D,20231213,000000,27.325,27.8566,27.3199,27.8566,1319,0
DFRA.US,D,20231214,000000,28.51,28.51,28.51,28.51,503,0
DFRA.US,D,20231215,000000,28.355,28.355,28.29,28.29,969,0
DFRA.US,D,20231218,000000,28.5,28.5,28.44,28.44,1914,0
DFRA.US,D,20231219,000000,28.72,28.8,28.72,28.77,32950,0
DFRA.US,D,20231220,000000,28.8825,28.9352,28.51,28.51,932,0
DFRA.US,D,20231221,000000,28.67,28.7498,28.5,28.7498,295502,0
DFRA.US,D,20231222,000000,28.9502,28.9502,28.8818,28.8818,346,0
DFRA.US,D,20231226,000000,29.0548,29.1116,29.0548,29.1116,491,0
DFRA.US,D,20231227,000000,29.11,29.11,29.09,29.11,1379,0
DFRA.US,D,20231228,000000,29.0102,29.0102,28.9925,28.9925,506,0
DFRA.US,D,20231229,000000,28.84,28.8831,28.84,28.8831,326,0
DFRA.US,D,20240102,000000,29.085,29.085,28.922,28.9605,1156,0
DFRA.US,D,20240103,000000,28.71,28.993,28.71,28.8718,2853,0
DFRA.US,D,20240104,000000,28.8854,28.8854,28.6511,28.6511,1973,0
DFRA.US,D,20240105,000000,28.81,28.81,28.58,28.6848,647,0
DFRA.US,D,20240108,000000,28.46,28.6811,28.46,28.6811,3946,0
DFRA.US,D,20240109,000000,28.6,28.6,28.27,28.3835,1033,0
DFRA.US,D,20240110,000000,28.29,28.29,28.18,28.2477,6824,0
DFRA.US,D,20240111,000000,28.165,28.2524,28.165,28.2524,1496,0
DFRA.US,D,20240112,000000,28.32,28.3917,28.32,28.3917,1252,0
DFRA.US,D,20240116,000000,28.23,28.23,27.97,27.97,2568,0
DFRA.US,D,20240117,000000,27.83,27.8301,27.6509,27.712,1373,0
DFRA.US,D,20240118,000000,27.6026,27.81,27.6026,27.81,251,0
DFRA.US,D,20240119,000000,27.7,27.91,27.7,27.8802,726,0
DFRA.US,D,20240122,000000,28.0526,28.0526,28.01,28.05,2544,0
DFRA.US,D,20240123,000000,27.985,28.01,27.985,28.01,1904,0
DFRA.US,D,20240124,000000,28.0017,28.0017,28.0017,28.0017,424,0
DFRA.US,D,20240125,000000,28.205,28.35,28.205,28.35,359,0
DFRA.US,D,20240126,000000,28.47,28.47,28.47,28.47,210,0
DFRA.US,D,20240129,000000,28.3962,28.55,28.38,28.55,3014,0
DFRA.US,D,20240130,000000,28.505,28.61,28.505,28.61,893,0
DFRA.US,D,20240131,000000,28.51,28.51,28.1988,28.1988,4803,0
DFRA.US,D,20240201,000000,28.4235,28.48,28.4235,28.48,1574,0
DFRA.US,D,20240202,000000,28.1639,28.2757,28.1639,28.2757,1163,0
DFRA.US,D,20240205,000000,27.9393,28.0037,27.79,27.9525,5650,0
DFRA.US,D,20240206,000000,28.15,28.29,28.15,28.22,1931,0
DFRA.US,D,20240207,000000,28.2463,28.2463,28.2463,28.2463,203,0
DFRA.US,D,20240208,000000,28.21,28.38,28.12,28.3033,5041,0
DFRA.US,D,20240209,000000,28.38,28.38,28.1803,28.28,2225,0
DFRA.US,D,20240212,000000,28.475,28.62,28.475,28.55,4030,0
DFRA.US,D,20240213,000000,28.0706,28.0706,27.8589,27.9943,417,0
DFRA.US,D,20240214,000000,28.14,28.177,28.105,28.177,465,0
DFRA.US,D,20240215,000000,28.6399,28.8535,28.6399,28.8535,611,0
DFRA.US,D,20240216,000000,28.91,28.95,28.8846,28.8846,7756,0
DFRA.US,D,20240220,000000,28.7,28.7174,28.66,28.7174,2291,0
DFRA.US,D,20240221,000000,28.72,29.0178,28.72,29.0178,3101,0
DFRA.US,D,20240222,000000,29.1891,29.215,29.1789,29.1789,839,0
DFRA.US,D,20240223,000000,29.16,29.16,29.1525,29.1525,454,0
DFRA.US,D,20240226,000000,29.15,29.15,29.0499,29.0791,2106,0
DFRA.US,D,20240227,000000,29.1,29.1823,29.1,29.1823,726,0
DFRA.US,D,20240228,000000,29.0801,29.1,29.07,29.0702,1132,0
DFRA.US,D,20240229,000000,29.23,29.2731,29.17,29.2731,1044,0
DFRA.US,D,20240301,000000,29.44,29.4863,29.44,29.4863,178495,0
DFRA.US,D,20240304,000000,29.5542,29.5542,29.4857,29.4857,1027,0
DFRA.US,D,20240305,000000,29.3344,29.3344,29.1917,29.1917,776,0
DFRA.US,D,20240306,000000,29.3743,29.4898,29.3002,29.387,1028,0
DFRA.US,D,20240307,000000,29.67,29.76,29.53,29.5715,238316,0
DFRA.US,D,20240308,000000,29.59,29.59,29.4492,29.46,2115,0
DFRA.US,D,20240311,000000,29.38,29.438,29.265,29.4279,1964,0
DFRA.US,D,20240312,000000,29.5002,29.5749,29.495,29.5749,860,0
DFRA.US,D,20240313,000000,29.798,29.798,29.798,29.798,116,0
DFRA.US,D,20240314,000000,29.5806,29.5806,29.5806,29.5806,133,0
DFRA.US,D,20240315,000000,29.7207,29.7207,29.7207,29.7207,446,0
DFRA.US,D,20240318,000000,29.79,29.8598,29.77,29.82,3486,0
DFRA.US,D,20240319,000000,29.8334,29.957,29.8334,29.957,1169,0
DFRA.US,D,20240320,000000,30.01,30.2648,29.985,30.2648,950,0
DFRA.US,D,20240321,000000,30.4197,30.4293,30.3963,30.4293,1015,0
DFRA.US,D,20240322,000000,30.35,30.35,30.2727,30.2727,897,0
DFRA.US,D,20240325,000000,30.35,30.35,30.2616,30.2616,8523,0
DFRA.US,D,20240326,000000,30.225,30.23,30.1224,30.1224,1852,0
DFRA.US,D,20240327,000000,30.19,30.5004,30.19,30.5004,6809,0
DFRA.US,D,20240328,000000,30.57,30.7697,30.57,30.7241,4581,0
DFRA.US,D,20240401,000000,30.66,30.7002,30.63,30.6839,1830,0
DFRA.US,D,20240402,000000,30.72,30.7766,30.6,30.7766,1414,0
DFRA.US,D,20240403,000000,30.9598,30.9598,30.9598,30.9598,187,0
DFRA.US,D,20240404,000000,31.185,31.185,30.7693,30.7986,2615,0
DFRA.US,D,20240405,000000,30.7,31.0099,30.7,30.9713,24693,0
DFRA.US,D,20240408,000000,31.0501,31.1507,31.0501,31.0905,642,0
DFRA.US,D,20240409,000000,31.0123,31.1461,31.0123,31.1461,711,0
DFRA.US,D,20240410,000000,31.07,31.07,30.65,30.8316,9697,0
DFRA.US,D,20240411,000000,30.56,30.791,30.56,30.791,6719,0
DFRA.US,D,20240412,000000,30.88,30.88,30.41,30.4209,894,0
DFRA.US,D,20240415,000000,30.56,30.56,30.14,30.2114,3524,0
DFRA.US,D,20240416,000000,29.84,30.02,29.81,29.9633,2158,0
DFRA.US,D,20240417,000000,30.04,30.07,29.9753,29.9753,2008,0
DFRA.US,D,20240418,000000,30.11,30.11,29.98,29.9866,766,0
DFRA.US,D,20240419,000000,30.28,30.32,30.26,30.26,1504,0
DFRA.US,D,20240422,000000,30.2821,30.4,30.23,30.385,1639,0
DFRA.US,D,20240423,000000,30.38,30.5914,30.23,30.55,838,0
DFRA.US,D,20240424,000000,30.5,30.5899,30.5,30.5891,1203,0
DFRA.US,D,20240425,000000,30.32,30.5014,30.32,30.5014,4176,0
DFRA.US,D,20240426,000000,30.56,30.66,30.56,30.6165,4262,0
DFRA.US,D,20240429,000000,30.76,30.8042,30.76,30.8042,2021,0
DFRA.US,D,20240430,000000,30.5401,30.5811,30.2799,30.2799,1038,0
DFRA.US,D,20240501,000000,30.0667,30.35,30,30.0786,3402,0
DFRA.US,D,20240502,000000,30.29,30.38,30.2799,30.3285,1088,0
DFRA.US,D,20240503,000000,30.405,30.5348,30.405,30.5348,20905,0
DFRA.US,D,20240506,000000,30.72,30.7951,30.72,30.7951,1664,0
DFRA.US,D,20240507,000000,30.97,30.9937,30.9359,30.9359,16479,0
DFRA.US,D,20240508,000000,30.72,30.9072,30.72,30.9072,504,0
DFRA.US,D,20240509,000000,31.15,31.2159,31.15,31.2159,841,0
DFRA.US,D,20240510,000000,31.245,31.245,31.232,31.232,374,0
DFRA.US,D,20240513,000000,31.29,31.32,31.19,31.2198,2996,0
DFRA.US,D,20240514,000000,31.28,31.3903,31.28,31.3903,4672,0
DFRA.US,D,20240515,000000,31.33,31.36,31.29,31.3237,10311,0
DFRA.US,D,20240516,000000,31.17,31.3,31.17,31.1713,4657,0
DFRA.US,D,20240517,000000,31.2,31.3525,31.2,31.3525,2452,0
DFRA.US,D,20240520,000000,31.33,31.51,31.33,31.3894,1334,0
DFRA.US,D,20240521,000000,31.29,31.3027,31.28,31.3027,2185,0
DFRA.US,D,20240522,000000,30.97,31.07,30.84,30.8777,3235,0
DFRA.US,D,20240523,000000,30.85,30.86,30.5857,30.5857,1856,0
DFRA.US,D,20240524,000000,30.728,30.728,30.728,30.728,221,0
DFRA.US,D,20240528,000000,30.819,30.819,30.69,30.7476,1035,0
DFRA.US,D,20240529,000000,30.46,30.46,30.37,30.3839,1659,0
DFRA.US,D,20240530,000000,30.53,30.5446,30.52,30.5446,907,0
DFRA.US,D,20240531,000000,30.7,30.9938,30.681,30.9938,1171,0
DFRA.US,D,20240603,000000,30.51,30.61,30.5001,30.5697,1528,0
DFRA.US,D,20240604,000000,30.29,30.3,30.2502,30.2993,2150,0
DFRA.US,D,20240605,000000,29.9899,30.0748,29.9899,30.0748,6035,0
DFRA.US,D,20240606,000000,30.11,30.16,30.08,30.086,3413,0
DFRA.US,D,20240607,000000,29.91,29.9542,29.8998,29.8998,1819,0
DFRA.US,D,20240610,000000,29.67,30.0393,29.67,30.0393,955,0
DFRA.US,D,20240611,000000,29.9349,29.9349,29.9349,29.9349,50,0
DFRA.US,D,20240612,000000,30.29,30.29,30.0399,30.0399,427,0
DFRA.US,D,20240613,000000,29.89,29.898,29.88,29.898,1806,0
DFRA.US,D,20240614,000000,29.4568,29.4991,29.4568,29.4991,786,0
DFRA.US,D,20240617,000000,29.59,29.6153,29.59,29.6153,1019,0
DFRA.US,D,20240618,000000,29.7,29.81,29.7,29.7824,5036,0
DFRA.US,D,20240620,000000,29.8823,29.9,29.8501,29.8857,3532,0
DFRA.US,D,20240621,000000,29.8298,29.8645,29.8298,29.8645,350,0
