<TICKER>,<PER>,<DATE>,<TIME>,<OPEN>,<HIGH>,<LOW>,<CLOSE>,<VOL>,<OPENINT>
DFSB.US,D,20221117,000000,50.47,50.57,50.47,50.5493,21486,0
DFSB.US,D,20221118,000000,50.5047,50.51,50.5,50.5,16030,0
DFSB.US,D,20221121,000000,50.6,50.61,50.525,50.53,42331,0
DFSB.US,D,20221122,000000,50.6699,50.73,50.6699,50.73,34546,0
DFSB.US,D,20221123,000000,50.925,50.99,50.86,50.9758,17923,0
DFSB.US,D,20221125,000000,50.95,50.95,50.9471,50.9471,1045,0
DFSB.US,D,20221128,000000,50.99,50.99,50.885,50.9255,8660,0
DFSB.US,D,20221129,000000,50.9036,50.945,50.889,50.889,13892,0
DFSB.US,D,20221130,000000,50.769,51.185,50.769,51.155,20231,0
DFSB.US,D,20221201,000000,51.39,51.73,51.36,51.6142,14855,0
DFSB.US,D,20221202,000000,51.49,51.8,51.41,51.8,18940,0
DFSB.US,D,20221205,000000,51.529,51.55,51.485,51.4856,10982,0
DFSB.US,D,20221206,000000,51.609,51.6985,51.589,51.6687,17973,0
DFSB.US,D,20221207,000000,51.78,52.015,51.78,51.998,92948,0
DFSB.US,D,20221208,000000,51.83,51.87,51.7751,51.828,36354,0
DFSB.US,D,20221209,000000,51.67,51.67,51.5452,51.5452,4710,0
DFSB.US,D,20221212,000000,51.615,51.8,51.49,51.54,56421,0
DFSB.US,D,20221213,000000,52.01,52.025,51.75,51.8,54399,0
DFSB.US,D,20221214,000000,51.8,51.83,51.57,51.81,30104,0
DFSB.US,D,20221215,000000,51.619,51.66,51.61,51.6494,8938,0
DFSB.US,D,20221216,000000,51.44,51.84,51.43,51.5264,38014,0
DFSB.US,D,20221219,000000,51.25,51.37,51.1599,51.1807,267033,0
DFSB.US,D,20221220,000000,50.55,50.635,50.55,50.605,22315,0
DFSB.US,D,20221221,000000,50.79,50.8,50.6923,50.76,49035,0
DFSB.US,D,20221222,000000,50.67,50.79,50.67,50.7257,43336,0
DFSB.US,D,20221223,000000,50.48,50.75,50.48,50.54,29291,0
DFSB.US,D,20221227,000000,50.32,50.98,50.195,50.26,228345,0
DFSB.US,D,20221228,000000,50.21,50.23,50.045,50.081,87566,0
DFSB.US,D,20221229,000000,50.22,50.36,50.18,50.3264,25877,0
DFSB.US,D,20221230,000000,50.12,50.15,50,50.105,61226,0
DFSB.US,D,20230103,000000,50.57,50.69,50.39,50.4102,27161,0
DFSB.US,D,20230104,000000,50.8,50.87,50.71,50.8106,15111,0
DFSB.US,D,20230105,000000,50.719,50.99,50.7115,50.765,8151,0
DFSB.US,D,20230106,000000,51.2484,51.32,51.2484,51.3137,4250,0
DFSB.US,D,20230109,000000,51.24,51.37,51.2,51.302,10272,0
DFSB.US,D,20230110,000000,51.085,51.1521,51.02,51.1411,4446,0
DFSB.US,D,20230111,000000,51.42,51.5827,51.42,51.5827,51055,0
DFSB.US,D,20230112,000000,51.75,51.96,51.75,51.945,126224,0
DFSB.US,D,20230113,000000,51.95,51.95,51.7988,51.7988,12396,0
DFSB.US,D,20230117,000000,51.86,51.86,51.8069,51.8069,2051,0
DFSB.US,D,20230118,000000,52.3247,52.3247,52.1234,52.23,16102,0
DFSB.US,D,20230119,000000,52.1,52.15,52.1,52.1355,18567,0
DFSB.US,D,20230120,000000,51.9,51.9,51.855,51.8772,1182,0
DFSB.US,D,20230123,000000,51.77,51.85,51.748,51.75,4588,0
DFSB.US,D,20230124,000000,51.81,52.02,51.81,51.989,10130,0
DFSB.US,D,20230125,000000,52.03,52.0578,51.92,52.0578,25992,0
DFSB.US,D,20230126,000000,51.98,52.05,51.94,51.9596,4832,0
DFSB.US,D,20230127,000000,51.82,51.87,51.79,51.8412,44696,0
DFSB.US,D,20230130,000000,51.7485,51.78,51.6361,51.6361,1414,0
DFSB.US,D,20230131,000000,51.75,51.8485,51.6904,51.8485,9092,0
DFSB.US,D,20230201,000000,51.94,52.255,51.84,52.21,18464,0
DFSB.US,D,20230202,000000,52.6,52.655,52.51,52.5452,9016,0
DFSB.US,D,20230203,000000,52.35,52.35,52.1,52.1,2075,0
DFSB.US,D,20230206,000000,51.7425,51.81,51.7425,51.77,5923,0
DFSB.US,D,20230207,000000,51.67,51.765,51.5905,51.6079,17722,0
DFSB.US,D,20230208,000000,51.52,51.72,51.52,51.6969,26948,0
DFSB.US,D,20230209,000000,51.77,51.8113,51.5209,51.5209,7681,0
DFSB.US,D,20230210,000000,51.33,51.64,51.29,51.31,59707,0
DFSB.US,D,20230213,000000,51.33,51.3599,51.2647,51.3599,18094,0
DFSB.US,D,20230214,000000,51.189,51.205,51.18,51.2021,4248,0
DFSB.US,D,20230215,000000,51.06,51.09,51.05,51.09,24953,0
DFSB.US,D,20230216,000000,51,51.0235,50.93,50.94,23132,0
DFSB.US,D,20230217,000000,51.059,51.07,51.04,51.0681,1577,0
DFSB.US,D,20230221,000000,50.6032,50.6415,50.5267,50.5267,3029,0
DFSB.US,D,20230222,000000,50.6747,50.6747,50.595,50.595,903,0
DFSB.US,D,20230223,000000,50.74,51.16,50.71,50.84,47562,0
DFSB.US,D,20230224,000000,50.5289,50.599,50.5289,50.5932,1945,0
DFSB.US,D,20230227,000000,50.61,50.61,50.5314,50.557,11522,0
DFSB.US,D,20230228,000000,50.43,50.5019,50.27,50.5019,13593,0
DFSB.US,D,20230301,000000,50.44,50.44,50.2382,50.2596,19211,0
DFSB.US,D,20230302,000000,50.12,50.54,50.079,50.31,55084,0
DFSB.US,D,20230303,000000,50.42,50.5586,50.33,50.5586,7233,0
DFSB.US,D,20230306,000000,50.6,50.6,50.39,50.4168,30013,0
DFSB.US,D,20230307,000000,50.34,50.5485,50.34,50.385,5482,0
DFSB.US,D,20230308,000000,50.57,50.605,50.4,50.4185,23397,0
DFSB.US,D,20230309,000000,50.54,50.61,50.4646,50.5228,3292,0
DFSB.US,D,20230310,000000,51.16,51.16,51,51.1144,15035,0
DFSB.US,D,20230313,000000,51.66,51.78,51.4902,51.5453,4246,0
DFSB.US,D,20230314,000000,51.16,51.23,51.09,51.115,4503,0
DFSB.US,D,20230315,000000,51.67,52.46,51.44,51.5995,31361,0
DFSB.US,D,20230316,000000,51.74,51.74,51.3515,51.3969,3124,0
DFSB.US,D,20230317,000000,51.75,51.85,51.73,51.7812,4068,0
DFSB.US,D,20230320,000000,51.79,51.79,51.6686,51.6686,2540,0
DFSB.US,D,20230321,000000,51.42,51.42,51.29,51.3499,8300,0
DFSB.US,D,20230322,000000,51.2189,51.79,51.2189,51.6756,1678,0
DFSB.US,D,20230323,000000,51.6687,51.94,51.6687,51.9065,4069,0
DFSB.US,D,20230324,000000,52.0695,52.0695,51.985,51.995,4045,0
DFSB.US,D,20230327,000000,51.579,51.6142,51.46,51.4736,9396,0
DFSB.US,D,20230328,000000,51.41,51.41,51.35,51.41,3365,0
DFSB.US,D,20230329,000000,51.4,51.52,51.4,51.48,5262,0
DFSB.US,D,20230330,000000,51.41,51.5167,51.41,51.5167,8440,0
DFSB.US,D,20230331,000000,51.65,51.8534,51.64,51.8534,13092,0
DFSB.US,D,20230403,000000,51.78,52.36,51.78,52.0596,34437,0
DFSB.US,D,20230404,000000,52.01,52.165,52.01,52.1649,3412,0
DFSB.US,D,20230405,000000,52.35,52.365,52.275,52.3149,19127,0
DFSB.US,D,20230406,000000,52.29,52.3285,52.255,52.2599,4551,0
DFSB.US,D,20230410,000000,51.97,51.9755,51.873,51.9755,5513,0
DFSB.US,D,20230411,000000,51.975,51.985,51.9,51.9492,24818,0
DFSB.US,D,20230412,000000,52.03,52.03,51.855,51.915,7144,0
DFSB.US,D,20230413,000000,51.9325,51.9696,51.8603,51.8751,7243,0
DFSB.US,D,20230414,000000,51.82,51.82,51.69,51.7489,4256,0
DFSB.US,D,20230417,000000,51.65,51.65,51.511,51.5247,3820,0
DFSB.US,D,20230418,000000,51.57,51.57,51.45,51.5101,18198,0
DFSB.US,D,20230419,000000,51.36,51.385,51.34,51.3701,10206,0
DFSB.US,D,20230420,000000,51.58,51.6166,51.58,51.61,2212,0
DFSB.US,D,20230421,000000,51.61,51.61,51.52,51.5604,2620,0
DFSB.US,D,20230424,000000,51.6213,51.69,51.619,51.6343,9617,0
DFSB.US,D,20230425,000000,51.95,52.0201,51.9,51.9998,3250,0
DFSB.US,D,20230426,000000,52.0037,52.0037,51.8219,51.8219,3045,0
DFSB.US,D,20230427,000000,51.62,51.6405,51.5883,51.5883,3817,0
DFSB.US,D,20230428,000000,51.98,52.0362,51.9703,52.0362,1277,0
DFSB.US,D,20230501,000000,51.8,51.8,51.55,51.558,9486,0
DFSB.US,D,20230502,000000,51.56,52.06,51.56,52.0006,13178,0
DFSB.US,D,20230503,000000,52.06,52.15,52.03,52.1,8198,0
DFSB.US,D,20230504,000000,52.04,52.26,52.04,52.1119,14796,0
DFSB.US,D,20230505,000000,51.972,52.015,51.88,51.956,8663,0
DFSB.US,D,20230508,000000,51.74,51.765,51.7056,51.7056,698,0
DFSB.US,D,20230509,000000,51.699,51.7,51.6495,51.655,5347,0
DFSB.US,D,20230510,000000,51.9,51.99,51.88,51.9287,11444,0
DFSB.US,D,20230511,000000,52.12,52.1239,52.091,52.091,2503,0
DFSB.US,D,20230512,000000,52.07,52.07,51.87,51.8809,3330,0
DFSB.US,D,20230515,000000,51.81,51.81,51.7181,51.7599,12233,0
DFSB.US,D,20230516,000000,51.62,51.62,51.56,51.5646,14237,0
DFSB.US,D,20230517,000000,51.56,51.587,51.54,51.56,10036,0
DFSB.US,D,20230518,000000,51.34,51.34,51.28,51.28,6766,0
DFSB.US,D,20230519,000000,51.36,51.36,51.23,51.231,13378,0
DFSB.US,D,20230522,000000,51.25,51.25,51.2096,51.2096,1155,0
DFSB.US,D,20230523,000000,51.0501,51.07,51.05,51.0501,5456,0
DFSB.US,D,20230524,000000,51.07,51.07,50.93,50.9398,10134,0
DFSB.US,D,20230525,000000,50.95,50.95,50.7274,50.7274,1079,0
DFSB.US,D,20230526,000000,50.789,50.91,50.7627,50.8694,6543,0
DFSB.US,D,20230530,000000,51.088,51.2417,51.088,51.2417,4123,0
DFSB.US,D,20230531,000000,51.41,51.47,51.41,51.43,3804,0
DFSB.US,D,20230601,000000,51.69,51.69,51.537,51.6,18536,0
DFSB.US,D,20230602,000000,51.51,51.51,51.395,51.395,10781,0
DFSB.US,D,20230605,000000,51.229,51.4999,51.229,51.2609,23549,0
DFSB.US,D,20230606,000000,51.23,51.36,51.23,51.3585,6207,0
DFSB.US,D,20230607,000000,51.32,51.32,51.0128,51.0128,16163,0
DFSB.US,D,20230608,000000,51.23,51.37,51.23,51.2858,22678,0
DFSB.US,D,20230609,000000,51.245,51.26,51.24,51.2405,5958,0
DFSB.US,D,20230612,000000,51.209,51.3112,51.185,51.3112,5652,0
DFSB.US,D,20230613,000000,51.78,51.78,51.04,51.0741,2650,0
DFSB.US,D,20230614,000000,51.42,51.42,51.025,51.1125,3950,0
DFSB.US,D,20230615,000000,51.46,51.46,51.1699,51.31,9298,0
DFSB.US,D,20230616,000000,51.27,51.3,51.27,51.2756,2801,0
DFSB.US,D,20230620,000000,51.409,51.45,51.3927,51.3937,6004,0
DFSB.US,D,20230621,000000,50.9,51.13,50.8915,51.065,6243,0
DFSB.US,D,20230622,000000,50.885,50.91,50.849,50.89,7013,0
DFSB.US,D,20230623,000000,51.11,51.31,51.07,51.12,32665,0
DFSB.US,D,20230626,000000,51.19,51.21,51.16,51.1803,7634,0
DFSB.US,D,20230627,000000,51.199,51.2,51.05,51.0574,6566,0
DFSB.US,D,20230628,000000,51.16,51.24,51.12,51.2275,9383,0
DFSB.US,D,20230629,000000,50.92,50.98,50.92,50.978,5993,0
DFSB.US,D,20230630,000000,50.99,51.14,50.99,51.1354,9444,0
DFSB.US,D,20230703,000000,51.13,51.13,51.0363,51.0363,246,0
DFSB.US,D,20230705,000000,51.25,51.25,50.805,50.831,10521,0
DFSB.US,D,20230706,000000,50.55,50.55,50.409,50.4696,3922,0
DFSB.US,D,20230707,000000,50.5,50.65,50.46,50.65,12030,0
DFSB.US,D,20230710,000000,50.549,50.59,50.5432,50.5432,7000,0
DFSB.US,D,20230711,000000,50.5903,50.65,50.575,50.6293,5185,0
DFSB.US,D,20230712,000000,50.96,51.1166,50.9515,51.0951,24071,0
DFSB.US,D,20230713,000000,51.2199,51.35,51.2199,51.34,12720,0
DFSB.US,D,20230714,000000,51.22,51.245,51.139,51.139,2696,0
DFSB.US,D,20230717,000000,51.22,51.24,51.2,51.2024,6552,0
DFSB.US,D,20230718,000000,51.4,51.476,51.36,51.4421,11205,0
DFSB.US,D,20230719,000000,51.4318,51.48,51.4318,51.4687,5350,0
DFSB.US,D,20230720,000000,51.2397,51.2397,51.1755,51.2128,16714,0
DFSB.US,D,20230721,000000,51.309,51.31,51.25,51.2586,6825,0
DFSB.US,D,20230724,000000,51.37,51.37,51.2795,51.2803,4107,0
DFSB.US,D,20230725,000000,51.23,51.245,51.185,51.2192,6778,0
DFSB.US,D,20230726,000000,51.24,51.39,51.2198,51.39,6447,0
DFSB.US,D,20230727,000000,51.47,51.47,51.0099,51.0228,2511,0
DFSB.US,D,20230728,000000,51.2,51.2,51.1703,51.1903,5593,0
DFSB.US,D,20230731,000000,51.18,51.2699,51.18,51.2421,5686,0
DFSB.US,D,20230801,000000,51.1,51.1,50.9787,51.0045,7002,0
DFSB.US,D,20230802,000000,50.98,51.16,50.91,51.08,13892,0
DFSB.US,D,20230803,000000,50.72,50.86,50.715,50.75,24073,0
DFSB.US,D,20230804,000000,50.91,51.1545,50.91,51.1545,15122,0
DFSB.US,D,20230807,000000,50.985,51.01,50.9618,50.9802,12269,0
DFSB.US,D,20230808,000000,51.24,51.2899,51.1799,51.1987,10761,0
DFSB.US,D,20230809,000000,51.17,51.205,51.165,51.205,3681,0
DFSB.US,D,20230810,000000,51.245,51.245,51.01,51.0148,7245,0
DFSB.US,D,20230811,000000,50.84,50.88,50.785,50.7851,7327,0
DFSB.US,D,20230814,000000,50.81,50.825,50.75,50.75,1071,0
DFSB.US,D,20230815,000000,50.64,50.81,50.5958,50.5958,25407,0
DFSB.US,D,20230816,000000,50.639,50.64,50.5115,50.5156,5044,0
DFSB.US,D,20230817,000000,50.52,50.52,50.4141,50.4591,6039,0
DFSB.US,D,20230818,000000,50.59,50.615,50.545,50.545,15774,0
DFSB.US,D,20230821,000000,50.43,50.83,50.3688,50.4171,111444,0
DFSB.US,D,20230822,000000,50.59,50.59,50.42,50.5544,33319,0
DFSB.US,D,20230823,000000,51.0199,51.14,50.89,50.9356,10184,0
DFSB.US,D,20230824,000000,50.88,50.98,50.8245,50.8485,41424,0
DFSB.US,D,20230825,000000,50.83,50.83,50.81,50.8223,905,0
DFSB.US,D,20230828,000000,50.92,50.92,50.85,50.8909,15414,0
DFSB.US,D,20230829,000000,51.09,51.12,51.0899,51.11,7170,0
DFSB.US,D,20230830,000000,51.09,51.13,50.9901,51.03,16040,0
DFSB.US,D,20230831,000000,51.19,51.2283,51.17,51.1878,6225,0
DFSB.US,D,20230901,000000,51.16,51.16,50.89,51.16,28185,0
DFSB.US,D,20230905,000000,50.8378,50.8378,50.7283,50.7283,1363,0
DFSB.US,D,20230906,000000,50.75,50.75,50.66,50.66,960,0
DFSB.US,D,20230907,000000,50.79,50.83,50.75,50.8219,9172,0
DFSB.US,D,20230908,000000,50.9598,50.9598,50.46,50.88,45977,0
DFSB.US,D,20230911,000000,50.796,50.83,50.788,50.8186,3075,0
DFSB.US,D,20230912,000000,50.792,50.82,50.79,50.8097,3202,0
DFSB.US,D,20230913,000000,50.81,50.9,50.8,50.88,9861,0
DFSB.US,D,20230914,000000,50.96,50.96,50.89,50.9149,1530,0
DFSB.US,D,20230915,000000,50.78,50.79,50.77,50.7708,7172,0
DFSB.US,D,20230918,000000,50.73,50.7955,50.73,50.7955,3390,0
DFSB.US,D,20230919,000000,50.46,50.467,50.39,50.3907,7791,0
DFSB.US,D,20230920,000000,50.57,50.57,50.47,50.49,7642,0
DFSB.US,D,20230921,000000,50.2,50.2601,50.2,50.2,7262,0
DFSB.US,D,20230922,000000,50.3365,50.35,50.31,50.3454,18983,0
DFSB.US,D,20230925,000000,50.09,50.15,49.9901,50.0523,19823,0
DFSB.US,D,20230926,000000,50.11,50.11,49.97,49.9872,7218,0
DFSB.US,D,20230927,000000,50.15,50.15,49.75,49.8125,4949,0
DFSB.US,D,20230928,000000,49.69,49.85,49.63,49.82,15272,0
DFSB.US,D,20230929,000000,50.01,50.0178,49.84,49.8566,3338,0
DFSB.US,D,20231002,000000,49.76,49.76,49.58,49.5866,8219,0
DFSB.US,D,20231003,000000,49.5636,49.5636,49.265,49.2699,14117,0
DFSB.US,D,20231004,000000,49.38,49.7499,49.38,49.51,20577,0
DFSB.US,D,20231005,000000,49.48,49.53,49.42,49.515,20128,0
DFSB.US,D,20231006,000000,49.42,49.45,49.395,49.395,18318,0
DFSB.US,D,20231009,000000,49.72,49.812,49.719,49.8098,5911,0
DFSB.US,D,20231010,000000,49.81,49.8397,49.57,49.7127,13485,0
DFSB.US,D,20231011,000000,49.975,50.06,49.94,50.06,10273,0
DFSB.US,D,20231012,000000,49.825,49.825,49.68,49.78,11624,0
DFSB.US,D,20231013,000000,49.93,49.96,49.85,49.94,13874,0
DFSB.US,D,20231016,000000,49.695,49.72,49.67,49.71,5867,0
DFSB.US,D,20231017,000000,49.45,49.45,49.322,49.37,3142,0
DFSB.US,D,20231018,000000,49.115,49.3,49.11,49.11,11721,0
DFSB.US,D,20231019,000000,49.1,49.1,48.9,48.96,13184,0
DFSB.US,D,20231020,000000,49.1068,49.1068,49.06,49.0967,12491,0
DFSB.US,D,20231023,000000,49.01,49.31,49,49.27,4135,0
DFSB.US,D,20231024,000000,48.76,48.845,48.699,48.845,8183,0
DFSB.US,D,20231025,000000,48.61,48.61,48.44,48.46,15575,0
DFSB.US,D,20231026,000000,48.62,48.84,48.62,48.8153,22383,0
DFSB.US,D,20231027,000000,48.78,48.7801,48.7,48.7801,6388,0
DFSB.US,D,20231030,000000,48.69,48.7435,48.58,48.7005,18184,0
DFSB.US,D,20231031,000000,48.78,48.8037,48.6868,48.7003,13672,0
DFSB.US,D,20231101,000000,48.82,49.09,48.82,49.09,13402,0
DFSB.US,D,20231102,000000,49.395,49.47,49.37,49.4447,16694,0
DFSB.US,D,20231103,000000,49.76,49.76,49.66,49.66,2723,0
DFSB.US,D,20231106,000000,49.56,49.56,49.4,49.465,16344,0
DFSB.US,D,20231107,000000,49.64,49.8178,49.64,49.71,11401,0
DFSB.US,D,20231108,000000,49.79,49.9599,49.79,49.95,22716,0
DFSB.US,D,20231109,000000,49.91,49.91,49.54,49.54,47959,0
DFSB.US,D,20231110,000000,49.67,49.752,49.6401,49.74,18668,0
DFSB.US,D,20231113,000000,49.56,49.7443,49.56,49.725,65578,0
DFSB.US,D,20231114,000000,50.2558,50.2881,50.25,50.27,6256,0
DFSB.US,D,20231115,000000,50.09,50.1,49.98,50.0475,17709,0
DFSB.US,D,20231116,000000,50.34,50.38,50.27,50.3557,6535,0
DFSB.US,D,20231117,000000,50.4295,50.47,50.23,50.4677,12445,0
DFSB.US,D,20231120,000000,50.41,50.6399,50.41,50.57,20389,0
DFSB.US,D,20231121,000000,49.85,49.85,49.732,49.7802,10541,0
DFSB.US,D,20231122,000000,49.835,49.89,49.8,49.84,39446,0
DFSB.US,D,20231124,000000,49.67,49.69,49.6479,49.66,3748,0
DFSB.US,D,20231127,000000,49.83,49.97,49.76,49.96,1362708,0
DFSB.US,D,20231128,000000,49.941,50.2099,49.76,50.1091,39640,0
DFSB.US,D,20231129,000000,50.3952,50.73,50.37,50.48,22039,0
DFSB.US,D,20231130,000000,50.28,50.39,50.249,50.3175,13915,0
DFSB.US,D,20231201,000000,50.35,51.01,50.34,50.69,36832,0
DFSB.US,D,20231204,000000,50.5861,50.668,50.52,50.61,17522,0
DFSB.US,D,20231205,000000,50.8764,50.95,50.863,50.95,6510,0
DFSB.US,D,20231206,000000,51.06,51.195,51.06,51.155,19398,0
DFSB.US,D,20231207,000000,51.08,51.32,51.07,51.145,39896,0
DFSB.US,D,20231208,000000,50.91,50.94,50.8408,50.9161,4351,0
DFSB.US,D,20231211,000000,50.89,50.91,50.81,50.9003,7614,0
DFSB.US,D,20231212,000000,50.99,51.1099,50.99,51.1,9133,0
DFSB.US,D,20231213,000000,51.28,51.725,51.21,51.6869,10978,0
DFSB.US,D,20231214,000000,51.9062,52.0387,51.905,51.9866,7303,0
DFSB.US,D,20231215,000000,52.04,52.06,51.93,51.9943,13152,0
DFSB.US,D,20231218,000000,51.92,52.2562,51.82,51.82,49794,0
DFSB.US,D,20231219,000000,51.63,51.9975,51.63,51.7131,48409,0
DFSB.US,D,20231220,000000,51.76,51.87,51.71,51.83,39687,0
DFSB.US,D,20231221,000000,51.88,51.91,51.78,51.8854,46435,0
DFSB.US,D,20231222,000000,51.9,51.9,51.77,51.805,13944,0
DFSB.US,D,20231226,000000,51.79,52.07,51.79,51.91,54791,0
DFSB.US,D,20231227,000000,52.0074,52.29,51.98,52.22,28535,0
DFSB.US,D,20231228,000000,52.08,52.21,51.9821,52.1744,83516,0
DFSB.US,D,20231229,000000,51.92,52,51.88,51.9032,29709,0
DFSB.US,D,20240102,000000,51.66,51.76,51.64,51.675,15099,0
DFSB.US,D,20240103,000000,51.78,51.8,51.5277,51.74,14243,0
DFSB.US,D,20240104,000000,51.45,51.45,51.3932,51.45,16033,0
DFSB.US,D,20240105,000000,51.42,51.52,51.25,51.286,20309,0
DFSB.US,D,20240108,000000,51.5661,51.5661,51.4701,51.5274,24720,0
DFSB.US,D,20240109,000000,51.48,51.5426,51.45,51.53,9891,0
DFSB.US,D,20240110,000000,51.5823,51.5823,51.4,51.4218,40096,0
DFSB.US,D,20240111,000000,51.55,51.74,51.46,51.6822,37520,0
DFSB.US,D,20240112,000000,51.87,51.87,51.75,51.7931,7000,0
DFSB.US,D,20240116,000000,51.78,51.78,51.4098,51.466,29784,0
DFSB.US,D,20240117,000000,51.31,51.5,51.26,51.4185,76463,0
DFSB.US,D,20240118,000000,51.3433,51.364,51.25,51.285,25223,0
DFSB.US,D,20240119,000000,51.2295,51.35,51.2295,51.3479,7637,0
DFSB.US,D,20240122,000000,51.4665,51.47,51.41,51.4202,4621,0
DFSB.US,D,20240123,000000,51.38,51.38,51.24,51.32,16699,0
DFSB.US,D,20240124,000000,51.48,51.48,51.2095,51.28,25135,0
DFSB.US,D,20240125,000000,51.39,51.49,51.39,51.4874,8794,0
DFSB.US,D,20240126,000000,51.3944,51.4992,51.39,51.4148,23352,0
DFSB.US,D,20240129,000000,51.51,51.87,51.51,51.66,22778,0
DFSB.US,D,20240130,000000,51.6,51.68,51.51,51.6641,17904,0
DFSB.US,D,20240131,000000,51.9,51.92,51.77,51.8369,12246,0
DFSB.US,D,20240201,000000,52.015,52.1237,52.015,52.0858,11270,0
DFSB.US,D,20240202,000000,51.8,51.8,51.66,51.74,6875,0
DFSB.US,D,20240205,000000,51.3834,51.45,51.35,51.37,1012609,0
DFSB.US,D,20240206,000000,51.5071,51.62,51.5,51.5524,636879,0
DFSB.US,D,20240207,000000,51.4666,51.52,51.3,51.4363,133234,0
DFSB.US,D,20240208,000000,51.32,51.32,51.24,51.2749,16745,0
DFSB.US,D,20240209,000000,51.25,51.25,51.19,51.24,35051,0
DFSB.US,D,20240212,000000,51.29,51.29,51.2,51.2738,26519,0
DFSB.US,D,20240213,000000,51.005,51.01,50.8702,50.9247,11861,0
DFSB.US,D,20240214,000000,51.0102,51.1399,50.9845,51.11,26791,0
DFSB.US,D,20240215,000000,51.39,51.39,51.2238,51.2563,20579,0
DFSB.US,D,20240216,000000,51.08,51.15,51.07,51.11,5083,0
DFSB.US,D,20240220,000000,51.17,51.38,51.15,51.15,198324,0
DFSB.US,D,20240221,000000,51.095,51.095,50.99,51.0765,25422,0
DFSB.US,D,20240222,000000,51.145,51.165,51.1285,51.1452,25012,0
DFSB.US,D,20240223,000000,51.21,51.28,51.18,51.2552,23979,0
DFSB.US,D,20240226,000000,51.23,51.235,51.11,51.17,27853,0
DFSB.US,D,20240227,000000,51.17,51.2195,50.96,51.14,44807,0
DFSB.US,D,20240228,000000,51.11,51.22,51.11,51.17,35914,0
DFSB.US,D,20240229,000000,51.19,51.31,51.19,51.22,10638,0
DFSB.US,D,20240301,000000,51.33,51.4236,51.33,51.38,10970,0
DFSB.US,D,20240304,000000,51.3241,51.44,51.3241,51.38,32087,0
DFSB.US,D,20240305,000000,51.53,51.6269,51.53,51.55,24243,0
DFSB.US,D,20240306,000000,51.67,51.7492,51.66,51.67,8726,0
DFSB.US,D,20240307,000000,51.78,51.8054,51.7,51.8054,36405,0
DFSB.US,D,20240308,000000,51.905,51.905,51.84,51.84,10773,0
DFSB.US,D,20240311,000000,51.8349,51.9,51.7873,51.865,21248,0
DFSB.US,D,20240312,000000,51.83,51.84,51.73,51.77,16864,0
DFSB.US,D,20240313,000000,51.76,51.76,51.68,51.68,62156,0
DFSB.US,D,20240314,000000,51.62,51.67,51.46,51.47,590108,0
DFSB.US,D,20240315,000000,51.45,51.5096,51.4401,51.45,13606,0
DFSB.US,D,20240318,000000,51.4909,51.51,51.4,51.4,24320,0
DFSB.US,D,20240319,000000,51.27,51.4,51.26,51.31,21335,0
DFSB.US,D,20240320,000000,51.34,51.47,51.34,51.44,6616,0
DFSB.US,D,20240321,000000,51.46,51.605,51.3,51.41,74430,0
DFSB.US,D,20240322,000000,51.6458,51.66,51.61,51.66,52512,0
DFSB.US,D,20240325,000000,51.535,51.57,51.4993,51.55,20774,0
DFSB.US,D,20240326,000000,51.515,51.6,51.5131,51.55,11840,0
DFSB.US,D,20240327,000000,51.62,51.77,51.62,51.73,32780,0
DFSB.US,D,20240328,000000,51.72,51.84,51.69,51.78,19527,0
DFSB.US,D,20240401,000000,51.57,51.57,51.37,51.43,47952,0
DFSB.US,D,20240402,000000,51.33,51.41,51.1984,51.38,36165,0
DFSB.US,D,20240403,000000,51.29,51.46,51.2748,51.46,49118,0
DFSB.US,D,20240404,000000,51.5,51.52,51.4,51.49,169908,0
DFSB.US,D,20240405,000000,51.33,51.3699,51.27,51.27,16764,0
DFSB.US,D,20240408,000000,51.245,51.36,51.245,51.35,50353,0
DFSB.US,D,20240409,000000,51.44,51.55,51.39,51.39,17009,0
DFSB.US,D,20240410,000000,51.17,51.27,51.03,51.27,14870,0
DFSB.US,D,20240411,000000,51.08,51.08,50.8883,50.979,13786,0
DFSB.US,D,20240412,000000,51.1356,51.16,51.1199,51.1228,7700,0
DFSB.US,D,20240415,000000,50.86,50.86,50.6704,50.77,26745,0
DFSB.US,D,20240416,000000,50.35,50.48,50.35,50.4774,8248,0
DFSB.US,D,20240417,000000,50.52,50.69,50.52,50.6622,12838,0
DFSB.US,D,20240418,000000,50.58,50.6,50.47,50.55,19062,0
DFSB.US,D,20240419,000000,50.64,50.64,50.565,50.57,18559,0
DFSB.US,D,20240422,000000,50.56,50.64,50.5331,50.64,9039,0
DFSB.US,D,20240423,000000,50.54,50.6995,50.54,50.65,5648,0
DFSB.US,D,20240424,000000,50.4955,50.4955,50.4,50.47,7941,0
DFSB.US,D,20240425,000000,50.25,50.56,50.23,50.3,46210,0
DFSB.US,D,20240426,000000,50.51,50.55,50.4402,50.46,43920,0
DFSB.US,D,20240429,000000,50.617,50.67,50.58,50.62,9807,0
DFSB.US,D,20240430,000000,50.51,50.53,50.41,50.41,15956,0
DFSB.US,D,20240501,000000,50.56,50.76,50.49,50.6237,53220,0
DFSB.US,D,20240502,000000,50.6499,50.83,50.6332,50.78,17146,0
DFSB.US,D,20240503,000000,50.9664,51.01,50.86,50.97,14581,0
DFSB.US,D,20240506,000000,51.0299,51.13,50.995,51.13,34406,0
DFSB.US,D,20240507,000000,51.2449,51.38,51.165,51.2,52798,0
DFSB.US,D,20240508,000000,51.21,51.21,51.08,51.1,8652,0
DFSB.US,D,20240509,000000,51.04,51.13,51.04,51.1255,13860,0
DFSB.US,D,20240510,000000,51.03,51.07,50.96,51.045,39248,0
DFSB.US,D,20240513,000000,51.18,51.18,51.0522,51.08,16403,0
DFSB.US,D,20240514,000000,51.13,51.16,51.0157,51.15,16520,0
DFSB.US,D,20240515,000000,51.44,51.52,51.4,51.43,31747,0
DFSB.US,D,20240516,000000,51.43,51.48,51.341,51.341,16086,0
DFSB.US,D,20240517,000000,51.23,51.32,51.23,51.241,12346,0
DFSB.US,D,20240520,000000,51.2194,51.248,51.1901,51.2161,20274,0
DFSB.US,D,20240521,000000,51.02,51.16,51.02,51.1203,23451,0
DFSB.US,D,20240522,000000,50.9827,51.06,50.9806,51.006,27306,0
DFSB.US,D,20240523,000000,51.06,51.06,50.8373,50.94,78172,0
DFSB.US,D,20240524,000000,50.845,50.98,50.82,50.97,32199,0
DFSB.US,D,20240528,000000,50.8895,50.9,50.77,50.7766,18050,0
DFSB.US,D,20240529,000000,50.59,50.59,50.4826,50.555,29166,0
DFSB.US,D,20240530,000000,50.69,50.75,50.6445,50.7301,43892,0
DFSB.US,D,20240531,000000,50.91,50.91,50.81,50.9097,32126,0
DFSB.US,D,20240603,000000,50.9,51.18,50.9,51.1408,39995,0
DFSB.US,D,20240604,000000,51.26,51.42,51.26,51.37,41642,0
DFSB.US,D,20240605,000000,51.3795,51.42,51.25,51.3929,16386,0
DFSB.US,D,20240606,000000,51.42,51.47,51.38,51.43,21612,0
DFSB.US,D,20240607,000000,51.1587,51.2,51.12,51.13,25884,0
DFSB.US,D,20240610,000000,51.01,51.01,50.98,51.01,16977,0
DFSB.US,D,20240611,000000,50.99,51.34,50.99,51.185,24246,0
DFSB.US,D,20240612,000000,51.48,51.58,51.3555,51.3883,33698,0
DFSB.US,D,20240613,000000,51.49,51.64,51.49,51.6,16002,0
DFSB.US,D,20240614,000000,51.65,51.67,51.61,51.6432,21061,0
DFSB.US,D,20240617,000000,51.4238,51.53,51.4238,51.5,12041,0
DFSB.US,D,20240618,000000,51.4613,51.83,51.43,51.78,11557,0
DFSB.US,D,20240620,000000,51.34,51.47,51.34,51.4626,26160,0
DFSB.US,D,20240621,000000,51.445,51.52,51.3601,51.52,12533,0
