<TICKER>,<PER>,<DATE>,<TIME>,<OPEN>,<HIGH>,<LOW>,<CLOSE>,<VOL>,<OPENINT>
DKRB.US,D,20221223,000000,24.68,24.7716,24.68,24.7716,101,0
DKRB.US,D,20221228,000000,24.53,24.53,24.4908,24.4908,100,0
DKRB.US,D,20221229,000000,24.83,24.9897,24.83,24.9897,107,0
DKRB.US,D,20221230,000000,24.91,24.91,24.8752,24.8752,306,0
DKRB.US,D,20230103,000000,24.7484,24.7484,24.7484,24.7484,30,0
DKRB.US,D,20230104,000000,24.978,24.978,24.978,24.978,33,0
DKRB.US,D,20230105,000000,24.6468,24.6468,24.6468,24.6468,45,0
DKRB.US,D,20230106,000000,25.3297,25.3297,25.3297,25.3297,9,0
DKRB.US,D,20230109,000000,25.684,25.684,25.684,25.684,18,0
DKRB.US,D,20230110,000000,25.8953,25.8953,25.8953,25.8953,13,0
DKRB.US,D,20230111,000000,26.2,26.2992,26.2,26.2992,245,0
DKRB.US,D,20230112,000000,26.5429,26.5429,26.5429,26.5429,36,0
DKRB.US,D,20230113,000000,26.6368,26.6368,26.6368,26.6368,2,0
DKRB.US,D,20230117,000000,26.4706,26.4706,26.4706,26.4706,56,0
DKRB.US,D,20230118,000000,26.2147,26.2147,26.2147,26.2147,72,0
DKRB.US,D,20230119,000000,25.7899,25.8055,25.7899,25.8055,1000,0
DKRB.US,D,20230120,000000,26.302,26.302,26.302,26.302,10,0
DKRB.US,D,20230123,000000,26.8201,26.8201,26.8201,26.8201,7,0
DKRB.US,D,20230124,000000,26.9674,26.9674,26.9674,26.9674,2,0
DKRB.US,D,20230125,000000,27.0626,27.0626,27.0626,27.0626,122,0
DKRB.US,D,20230126,000000,27.1324,27.1324,27.1324,27.1324,42,0
DKRB.US,D,20230127,000000,27.4956,27.4956,27.4956,27.4956,53,0
DKRB.US,D,20230130,000000,27.0787,27.0787,27.0787,27.0787,22,0
DKRB.US,D,20230131,000000,27.6523,27.6523,27.6523,27.6523,96,0
DKRB.US,D,20230201,000000,28.049,28.049,28.049,28.049,53,0
DKRB.US,D,20230202,000000,27.99,28.0602,27.99,28.0602,201,0
DKRB.US,D,20230203,000000,27.6978,27.6978,27.6978,27.6978,7,0
DKRB.US,D,20230206,000000,27.378,27.378,27.378,27.378,45,0
DKRB.US,D,20230207,000000,27.578,27.578,27.578,27.578,4,0
DKRB.US,D,20230208,000000,27.2005,27.2005,27.2005,27.2005,326,0
DKRB.US,D,20230209,000000,27.0877,27.0877,27.0877,27.0877,10,0
DKRB.US,D,20230210,000000,27.1461,27.1461,27.1461,27.1461,73,0
DKRB.US,D,20230213,000000,27.3715,27.3715,27.3715,27.3715,26,0
DKRB.US,D,20230214,000000,27.38,27.49,27.38,27.4811,456,0
DKRB.US,D,20230215,000000,27.7961,27.7961,27.7961,27.7961,75,0
DKRB.US,D,20230216,000000,27.536,27.536,27.536,27.536,57,0
DKRB.US,D,20230217,000000,27.129,27.129,27.129,27.129,35,0
DKRB.US,D,20230221,000000,26.3467,26.3467,26.3467,26.3467,124,0
DKRB.US,D,20230222,000000,26.2749,26.2749,26.2749,26.2749,55,0
DKRB.US,D,20230223,000000,26.4555,26.4555,26.4555,26.4555,37,0
DKRB.US,D,20230224,000000,26.2129,26.2129,26.2129,26.2129,36,0
DKRB.US,D,20230227,000000,26.4712,26.4712,26.4712,26.4712,2,0
DKRB.US,D,20230228,000000,26.3583,26.3583,26.3583,26.3583,8,0
DKRB.US,D,20230301,000000,27.38,27.38,26.4561,26.4561,3,0
DKRB.US,D,20230302,000000,26.3803,26.3803,26.3803,26.3803,26,0
DKRB.US,D,20230303,000000,26.8674,26.8674,26.8674,26.8674,42,0
DKRB.US,D,20230306,000000,26.547,26.547,26.547,26.547,8,0
DKRB.US,D,20230307,000000,26.1683,26.1683,26.1683,26.1683,1,0
DKRB.US,D,20230308,000000,26.282,26.282,26.282,26.282,8,0
DKRB.US,D,20230309,000000,25.8293,25.8293,25.8293,25.8293,1,0
DKRB.US,D,20230310,000000,25.2439,25.2439,25.2439,25.2439,53,0
DKRB.US,D,20230313,000000,27.38,27.38,25.0399,25.0399,8,0
DKRB.US,D,20230314,000000,25.2796,25.2796,25.2796,25.2796,7,0
DKRB.US,D,20230315,000000,24.7085,24.7085,24.7085,24.7085,4,0
DKRB.US,D,20230316,000000,24.8873,24.8873,24.8873,24.8873,10,0
DKRB.US,D,20230317,000000,24.5797,24.5797,24.5797,24.5797,1,0
DKRB.US,D,20230320,000000,24.852,24.852,24.852,24.852,48,0
DKRB.US,D,20230321,000000,25.0757,25.0757,25.0757,25.0757,18,0
DKRB.US,D,20230322,000000,24.6478,24.6478,24.6478,24.6478,13,0
DKRB.US,D,20230323,000000,24.62,24.62,24.3334,24.3334,201,0
DKRB.US,D,20230324,000000,24.3752,24.3752,24.3752,24.3752,13,0
DKRB.US,D,20230327,000000,24.5694,24.5694,24.5694,24.5694,13,0
DKRB.US,D,20230328,000000,24.7597,24.7597,24.7597,24.7597,9,0
DKRB.US,D,20230329,000000,25.1472,25.1472,25.1472,25.1472,10,0
DKRB.US,D,20230330,000000,25.3087,25.3087,25.3087,25.3087,20,0
DKRB.US,D,20230331,000000,25.4619,25.4619,25.4619,25.4619,10,0
DKRB.US,D,20230403,000000,25.4966,25.4966,25.4966,25.4966,10,0
DKRB.US,D,20230404,000000,25.0282,25.0282,25.0282,25.0282,137,0
DKRB.US,D,20230405,000000,24.8132,24.8132,24.8132,24.8132,1,0
DKRB.US,D,20230406,000000,24.8731,24.8731,24.8731,24.8731,16,0
DKRB.US,D,20230410,000000,24.97,24.97,24.97,24.97,10,0
DKRB.US,D,20230411,000000,25.1176,25.1176,25.1176,25.1176,10,0
DKRB.US,D,20230412,000000,25.1909,25.1909,25.1909,25.1909,3,0
DKRB.US,D,20230413,000000,25.4628,25.4628,25.4628,25.4628,3,0
DKRB.US,D,20230414,000000,25.3056,25.3056,25.3056,25.3056,3,0
DKRB.US,D,20230417,000000,25.3416,25.3416,25.3416,25.3416,1,0
DKRB.US,D,20230418,000000,25.4014,25.4014,25.4014,25.4014,4,0
DKRB.US,D,20230419,000000,25.2539,25.2539,25.2539,25.2539,3,0
DKRB.US,D,20230420,000000,25.3321,25.3321,25.3321,25.3321,3,0
DKRB.US,D,20230421,000000,25.2572,25.2572,25.2572,25.2572,3,0
DKRB.US,D,20230424,000000,25.3761,25.3761,25.3761,25.3761,1,0
DKRB.US,D,20230425,000000,25.0704,25.0704,25.0704,25.0704,10,0
DKRB.US,D,20230426,000000,24.468,24.468,24.468,24.468,3,0
DKRB.US,D,20230427,000000,25.0301,25.0301,25.0301,25.0301,3,0
DKRB.US,D,20230428,000000,25.1457,25.1457,25.1457,25.1457,3,0
DKRB.US,D,20230501,000000,24.9889,24.9889,24.9889,24.9889,9,0
DKRB.US,D,20230502,000000,24.7477,24.7477,24.7477,24.7477,1,0
DKRB.US,D,20230503,000000,24.8437,24.8437,24.8437,24.8437,1,0
DKRB.US,D,20230504,000000,24.7028,24.7028,24.7028,24.7028,6,0
DKRB.US,D,20230505,000000,25.0963,25.0963,25.0963,25.0963,6,0
DKRB.US,D,20230508,000000,25.02,25.02,25.02,25.02,6,0
DKRB.US,D,20230509,000000,25.19,25.19,25.19,25.19,100,0
DKRB.US,D,20230510,000000,25.3194,25.3194,25.3194,25.3194,6,0
DKRB.US,D,20230511,000000,25.006,25.006,25.006,25.006,6,0
DKRB.US,D,20230512,000000,25.2411,25.2411,25.2411,25.2411,6,0
DKRB.US,D,20230515,000000,25.446,25.446,25.446,25.446,6,0
DKRB.US,D,20230516,000000,24.9303,24.9303,24.9303,24.9303,6,0
DKRB.US,D,20230517,000000,25.2454,25.2454,25.2454,25.2454,6,0
DKRB.US,D,20230518,000000,25.1642,25.1642,25.1642,25.1642,1,0
DKRB.US,D,20230519,000000,25.02,25.02,25.02,25.02,208,0
DKRB.US,D,20230522,000000,25.29,25.29,25.29,25.29,300,0
DKRB.US,D,20230523,000000,25.18,25.18,25.18,25.18,300,0
DKRB.US,D,20230524,000000,24.8884,24.8884,24.8884,24.8884,1,0
DKRB.US,D,20230525,000000,24.7288,24.7288,24.7288,24.7288,3,0
DKRB.US,D,20230526,000000,24.8009,24.8009,24.8009,24.8009,20,0
DKRB.US,D,20230530,000000,24.79,24.79,24.79,24.79,249,0
DKRB.US,D,20230531,000000,24.19,24.55,24.19,24.55,2304,0
DKRB.US,D,20230601,000000,24.7722,24.7722,24.7722,24.7722,2,0
DKRB.US,D,20230602,000000,25.1359,25.1359,25.1359,25.1359,18,0
DKRB.US,D,20230605,000000,25.0713,25.0713,25.0713,25.0713,10,0
DKRB.US,D,20230606,000000,25.1701,25.33,25.1701,25.33,300,0
DKRB.US,D,20230607,000000,25.4051,25.4051,25.4051,25.4051,1,0
DKRB.US,D,20230608,000000,25.41,25.41,25.41,25.41,101,0
DKRB.US,D,20230609,000000,25.1532,25.1532,25.1532,25.1532,10,0
DKRB.US,D,20230612,000000,25.635,25.635,25.635,25.635,10,0
DKRB.US,D,20230613,000000,25.9552,25.9552,25.9552,25.9552,10,0
DKRB.US,D,20230614,000000,25.5334,25.5334,25.5334,25.5334,10,0
DKRB.US,D,20230615,000000,25.9271,25.9271,25.9271,25.9271,10,0
DKRB.US,D,20230616,000000,25.6633,25.6633,25.6633,25.6633,4,0
DKRB.US,D,20230620,000000,25.3166,25.3166,25.3166,25.3166,2,0
DKRB.US,D,20230621,000000,25.2871,25.2871,25.2871,25.2871,10,0
DKRB.US,D,20230622,000000,24.9316,24.9316,24.9316,24.9316,2,0
DKRB.US,D,20230623,000000,24.5216,24.5216,24.5216,24.5216,20,0
DKRB.US,D,20230626,000000,24.5309,24.5309,24.5309,24.5309,2,0
DKRB.US,D,20230627,000000,24.7134,24.7134,24.7134,24.7134,2,0
DKRB.US,D,20230628,000000,24.9196,24.9196,24.9196,24.9196,2,0
DKRB.US,D,20230629,000000,24.9656,24.9656,24.9656,24.9656,2,0
DKRB.US,D,20230630,000000,25.42,25.42,25.42,25.42,100,0
DKRB.US,D,20230703,000000,25.498,25.498,25.44,25.4553,200,0
DKRB.US,D,20230705,000000,24.9423,24.9423,24.9423,24.9423,2,0
DKRB.US,D,20230706,000000,24.0195,24.0195,24.0195,24.0195,63,0
DKRB.US,D,20230707,000000,24.0448,24.0448,24.0448,24.0448,60,0
DKRB.US,D,20230710,000000,23.9697,23.9697,23.9697,23.9697,60,0
DKRB.US,D,20230711,000000,23.9369,23.9369,23.9369,23.9369,1,0
DKRB.US,D,20230712,000000,24.1839,24.1839,24.1839,24.1839,1,0
DKRB.US,D,20230713,000000,24.4282,24.4282,24.4282,24.4282,1,0
DKRB.US,D,20230714,000000,23.7852,23.7852,23.7852,23.7852,42,0
DKRB.US,D,20230717,000000,24.3823,24.3823,24.3823,24.3823,1,0
DKRB.US,D,20230718,000000,24.5048,24.5048,24.5048,24.5048,1,0
DKRB.US,D,20230719,000000,24.4662,24.4662,24.4662,24.4662,1,0
DKRB.US,D,20230720,000000,24.1452,24.1452,24.1452,24.1452,1,0
DKRB.US,D,20230721,000000,23.8214,23.8214,23.8214,23.8214,2,0
DKRB.US,D,20230724,000000,23.8675,23.8675,23.8675,23.8675,140,0
DKRB.US,D,20230725,000000,24.1205,24.1205,24.1205,24.1205,3,0
DKRB.US,D,20230726,000000,23.9693,23.9693,23.9693,23.9693,3,0
DKRB.US,D,20230727,000000,23.232,23.232,23.232,23.232,8,0
DKRB.US,D,20230728,000000,23.281,23.5357,23.281,23.5357,218,0
DKRB.US,D,20230731,000000,24.078,24.078,24.078,24.078,42,0
DKRB.US,D,20230801,000000,23.7746,23.7746,23.7746,23.7746,72,0
DKRB.US,D,20230802,000000,22.6366,22.6366,22.6366,22.6366,5,0
DKRB.US,D,20230803,000000,22.1217,22.1217,22.1217,22.1217,27,0
DKRB.US,D,20230804,000000,22.1126,22.1126,22.1126,22.1126,7,0
DKRB.US,D,20230807,000000,22.19,22.19,22.19,22.19,213,0
DKRB.US,D,20230808,000000,22.15,22.15,22.15,22.15,209,0
DKRB.US,D,20230809,000000,22.1435,22.1435,22.1435,22.1435,7,0
DKRB.US,D,20230810,000000,21.7642,21.7642,21.7642,21.7642,7,0
DKRB.US,D,20230811,000000,21.8792,21.8792,21.8792,21.8792,7,0
DKRB.US,D,20230814,000000,21.7452,21.7452,21.7452,21.7452,7,0
DKRB.US,D,20230815,000000,21.1365,21.1365,21.1365,21.1365,8,0
DKRB.US,D,20230816,000000,20.8298,20.8298,20.8298,20.8298,10,0
DKRB.US,D,20230817,000000,20.6918,20.6918,20.6918,20.6918,7,0
DKRB.US,D,20230818,000000,21.2336,21.2336,21.2336,21.2336,3,0
DKRB.US,D,20230821,000000,21.55,22.0062,21.55,22.0062,501,0
DKRB.US,D,20230822,000000,22.0668,22.0668,22.0668,22.0668,15,0
DKRB.US,D,20230823,000000,22.3651,22.3651,22.3651,22.3651,22,0
DKRB.US,D,20230824,000000,21.9132,21.9132,21.9132,21.9132,9,0
DKRB.US,D,20230825,000000,22.1784,22.1784,22.1784,22.1784,9,0
DKRB.US,D,20230828,000000,22.48,22.5834,22.48,22.5834,283,0
DKRB.US,D,20230829,000000,22.6584,22.6584,22.6584,22.6584,9,0
DKRB.US,D,20230830,000000,22.8947,22.8947,22.8947,22.8947,9,0
DKRB.US,D,20230831,000000,22.8574,22.8574,22.8574,22.8574,1,0
DKRB.US,D,20230901,000000,23.0442,23.0442,23.0442,23.0442,1,0
DKRB.US,D,20230905,000000,23.6859,23.6859,23.6859,23.6859,40,0
DKRB.US,D,20230906,000000,23.6058,23.6058,23.6058,23.6058,27,0
DKRB.US,D,20230907,000000,23.4763,23.4763,23.4763,23.4763,40,0
DKRB.US,D,20230908,000000,23.6252,23.6252,23.6252,23.6252,40,0
DKRB.US,D,20230911,000000,24.0098,24.0098,24.0098,24.0098,40,0
DKRB.US,D,20230912,000000,24.0234,24.0234,24.0234,24.0234,40,0
DKRB.US,D,20230913,000000,24.7574,24.7574,24.7574,24.7574,1,0
DKRB.US,D,20230914,000000,25.7528,25.7528,25.7528,25.7528,2,0
DKRB.US,D,20230915,000000,25.93,25.93,25.805,25.805,675,0
DKRB.US,D,20230918,000000,25.778,25.778,25.778,25.778,44,0
DKRB.US,D,20230919,000000,25.2484,25.2484,25.2484,25.2484,28,0
DKRB.US,D,20230920,000000,25.0488,25.0488,25.0488,25.0488,1,0
DKRB.US,D,20230921,000000,24.87,24.87,24.67,24.67,239,0
DKRB.US,D,20230922,000000,25.575,25.575,25.5538,25.5538,438,0
DKRB.US,D,20230925,000000,26.48,26.98,26.48,26.98,11360,0
DKRB.US,D,20230926,000000,26.5832,26.5832,26.5832,26.5832,14,0
DKRB.US,D,20230927,000000,26.26,26.5374,26.08,26.5374,8554,0
DKRB.US,D,20230928,000000,27.32,27.41,27.25,27.41,4955,0
DKRB.US,D,20230929,000000,27.86,27.86,26.12,26.12,4002,0
DKRB.US,D,20231002,000000,25.35,25.35,25.2219,25.2219,301,0
DKRB.US,D,20231003,000000,24.6727,24.6727,24.6727,24.6727,5,0
DKRB.US,D,20231004,000000,24.23,24.3417,24.23,24.3417,348,0
DKRB.US,D,20231005,000000,24.9997,24.9997,24.9997,24.9997,1,0
DKRB.US,D,20231006,000000,25.6161,25.6161,25.6161,25.6161,17,0
DKRB.US,D,20231009,000000,25.38,25.38,25.04,25.3453,16900,0
DKRB.US,D,20231010,000000,25.0772,25.0772,25.0772,25.0772,1,0
DKRB.US,D,20231011,000000,24.67,24.8,24.67,24.79,5103,0
DKRB.US,D,20231012,000000,23.6705,23.6705,23.6705,23.6705,44,0
DKRB.US,D,20231013,000000,23.76,23.86,23.76,23.86,4805,0
DKRB.US,D,20231016,000000,23.6166,23.6166,23.6166,23.6166,14,0
DKRB.US,D,20231017,000000,23.58,24.0853,23.58,24.0853,103,0
DKRB.US,D,20231018,000000,23.7679,23.7679,23.7679,23.7679,2,0
DKRB.US,D,20231019,000000,24.1,24.49,24.1,24.25,10004,0
DKRB.US,D,20231020,000000,24.05,24.05,23.95,23.95,1211,0
DKRB.US,D,20231023,000000,24.05,24.19,23.7208,23.7208,3805,0
DKRB.US,D,20231024,000000,24.39,24.46,24.15,24.46,9903,0
DKRB.US,D,20231025,000000,24.5677,24.5677,24.5677,24.5677,2,0
DKRB.US,D,20231026,000000,24.12,24.17,23.98,24.06,10704,0
DKRB.US,D,20231027,000000,23.57,23.57,23.5376,23.5376,199,0
DKRB.US,D,20231030,000000,23.9773,23.9773,23.9773,23.9773,2,0
DKRB.US,D,20231031,000000,24.42,24.42,24.42,24.42,200,0
DKRB.US,D,20231101,000000,24.8739,24.8739,24.8739,24.8739,2,0
DKRB.US,D,20231102,000000,25.2762,25.2762,25.2762,25.2762,2,0
DKRB.US,D,20231103,000000,25.2153,25.2153,25.2153,25.2153,2,0
DKRB.US,D,20231106,000000,24.99,24.99,24.16,24.16,366,0
DKRB.US,D,20231107,000000,24.3591,24.3591,24.3591,24.3591,1,0
DKRB.US,D,20231108,000000,24.23,24.23,24.0885,24.0885,119,0
DKRB.US,D,20231109,000000,24.06,24.06,24.06,24.06,227,0
DKRB.US,D,20231110,000000,24.2888,24.2888,24.2888,24.2888,26,0
DKRB.US,D,20231113,000000,24.9226,24.9226,24.9226,24.9226,26,0
DKRB.US,D,20231114,000000,25.6461,25.6461,25.6461,25.6461,26,0
DKRB.US,D,20231115,000000,25.21,25.21,25.19,25.19,1200,0
DKRB.US,D,20231116,000000,24.82,25.1484,24.76,25.1484,2741,0
DKRB.US,D,20231117,000000,25.54,25.89,25.54,25.82,8402,0
DKRB.US,D,20231120,000000,25.85,25.85,25.85,25.85,198,0
DKRB.US,D,20231121,000000,25.8605,25.8605,25.8605,25.8605,1,0
DKRB.US,D,20231122,000000,25.4709,25.4709,25.4709,25.4709,1,0
DKRB.US,D,20231124,000000,25.8631,25.8631,25.8631,25.8631,1,0
DKRB.US,D,20231127,000000,25.5,26.0664,25.5,25.8032,1806,0
DKRB.US,D,20231128,000000,25.4861,25.4861,25.4861,25.4861,79,0
DKRB.US,D,20231129,000000,24.917,24.917,24.917,24.917,79,0
DKRB.US,D,20231130,000000,25.417,25.417,25.417,25.417,79,0
DKRB.US,D,20231201,000000,25.4125,25.4125,25.4125,25.4125,84,0
DKRB.US,D,20231204,000000,25.7713,25.7713,25.7713,25.7713,79,0
DKRB.US,D,20231205,000000,25.38,25.38,25.38,25.38,175,0
DKRB.US,D,20231206,000000,25.23,25.23,25.02,25.2003,282,0
DKRB.US,D,20231207,000000,24.91,25.1443,24.91,25.1443,141,0
DKRB.US,D,20231208,000000,25.5034,25.5034,25.5034,25.5034,2,0
DKRB.US,D,20231211,000000,25.2815,25.2815,25.2815,25.2815,38,0
DKRB.US,D,20231212,000000,25.3623,25.3623,25.3623,25.3623,20,0
DKRB.US,D,20231213,000000,25.32,25.32,25.32,25.32,300,0
DKRB.US,D,20231214,000000,25.81,25.81,25.81,25.81,360,0
DKRB.US,D,20231215,000000,25.2157,25.2157,25.2157,25.2157,46,0
DKRB.US,D,20231218,000000,25.4517,25.4517,25.4517,25.4517,41,0
DKRB.US,D,20231219,000000,23.8,23.8,23.3065,23.3065,309,0
DKRB.US,D,20231220,000000,22.9474,22.9474,22.9474,22.9474,1,0
DKRB.US,D,20231221,000000,23.6374,23.6374,23.6374,23.6374,2,0
DKRB.US,D,20231222,000000,24.06,24.06,23.93,23.93,1313,0
DKRB.US,D,20231226,000000,24.23,24.24,24.23,24.24,1257,0
DKRB.US,D,20231227,000000,24.1029,24.1029,24.1029,24.1029,13,0
DKRB.US,D,20231228,000000,23.5356,23.5356,23.5356,23.5356,130,0
DKRB.US,D,20231229,000000,23.2185,23.2185,23.2185,23.2185,8,0
DKRB.US,D,20240102,000000,22.9913,22.9913,22.9913,22.9913,5,0
DKRB.US,D,20240103,000000,22.422,22.422,22.422,22.422,5,0
DKRB.US,D,20240104,000000,22.1281,22.1281,22.1281,22.1281,42,0
DKRB.US,D,20240105,000000,21.8535,21.8535,21.8535,21.8535,5,0
DKRB.US,D,20240108,000000,21.9618,21.9618,21.9618,21.9618,96,0
DKRB.US,D,20240109,000000,22.03,22.03,22.03,22.03,311,0
DKRB.US,D,20240110,000000,22.0638,22.0638,22.0638,22.0638,109,0
DKRB.US,D,20240111,000000,21.7674,21.7674,21.7674,21.7674,41,0
DKRB.US,D,20240112,000000,22.57,22.77,22.13,22.1911,17800,0
DKRB.US,D,20240116,000000,22.45,22.49,22.29,22.29,8703,0
DKRB.US,D,20240117,000000,21.9648,21.9648,21.95,21.95,403,0
DKRB.US,D,20240118,000000,21.94,22.1193,21.94,22.1193,1050,0
DKRB.US,D,20240119,000000,21.768,21.768,21.768,21.768,6,0
DKRB.US,D,20240122,000000,21.67,21.67,21.45,21.45,7603,0
DKRB.US,D,20240123,000000,21.7729,21.7729,21.7729,21.7729,121,0
DKRB.US,D,20240124,000000,21.7183,21.7183,21.7183,21.7183,24,0
DKRB.US,D,20240125,000000,21.5343,21.5343,21.5343,21.5343,5,0
DKRB.US,D,20240126,000000,21.5284,21.5284,21.5284,21.5284,100,0
DKRB.US,D,20240129,000000,21.6076,21.6076,21.6076,21.6076,6,0
DKRB.US,D,20240130,000000,21.9869,21.9869,21.9869,21.9869,5,0
DKRB.US,D,20240131,000000,22.24,22.25,21.8853,21.8853,1182,0
DKRB.US,D,20240201,000000,22.75,22.77,22.51,22.5993,7249,0
DKRB.US,D,20240202,000000,22.7355,22.7355,22.7355,22.7355,7,0
DKRB.US,D,20240205,000000,22.178,22.178,22.178,22.178,2,0
DKRB.US,D,20240206,000000,22.0731,22.0731,22.0731,22.0731,36,0
DKRB.US,D,20240207,000000,22.0318,22.0318,22.0318,22.0318,55,0
DKRB.US,D,20240208,000000,21.68,21.7409,21.68,21.7409,900,0
DKRB.US,D,20240209,000000,21.39,21.39,21.2889,21.2889,916,0
DKRB.US,D,20240212,000000,21.3898,21.3898,21.3898,21.3898,4,0
DKRB.US,D,20240213,000000,20.91,20.91,20.8652,20.8652,2000,0
DKRB.US,D,20240214,000000,20.9019,20.9208,20.9019,20.9208,306,0
DKRB.US,D,20240215,000000,21,21.1107,21,21.0115,524,0
DKRB.US,D,20240216,000000,20.7089,20.7089,20.7089,20.7089,9,0
DKRB.US,D,20240220,000000,20.2003,20.2003,20.2003,20.2003,3,0
DKRB.US,D,20240221,000000,20.0394,20.0394,20.0394,20.0394,5,0
DKRB.US,D,20240222,000000,19.8741,19.8741,19.8741,19.8741,1,0
DKRB.US,D,20240223,000000,19.52,19.52,19.34,19.34,1301,0
DKRB.US,D,20240226,000000,19.5,19.5,19.4704,19.4704,162,0
DKRB.US,D,20240227,000000,19.7084,19.7084,19.7084,19.7084,2,0
DKRB.US,D,20240228,000000,19.5239,19.5239,19.5239,19.5239,10,0
DKRB.US,D,20240229,000000,19.47,19.6605,19.43,19.6605,4002,0
DKRB.US,D,20240301,000000,19.9058,19.9058,19.9058,19.9058,5,0
DKRB.US,D,20240304,000000,20.13,20.13,19.7346,19.7346,101,0
DKRB.US,D,20240305,000000,19.427,19.427,19.427,19.427,50,0
DKRB.US,D,20240306,000000,19.6005,19.6005,19.6005,19.6005,50,0
DKRB.US,D,20240307,000000,19.9875,19.9875,19.9875,19.9875,53,0
DKRB.US,D,20240308,000000,20.07,20.07,19.5634,19.5634,105,0
DKRB.US,D,20240311,000000,19.3676,19.3676,19.3676,19.3676,12,0
DKRB.US,D,20240312,000000,19.485,19.485,19.485,19.485,5,0
DKRB.US,D,20240313,000000,19.1158,19.1158,19.1158,19.1158,1,0
DKRB.US,D,20240314,000000,18.7966,18.7966,18.7966,18.7966,1,0
DKRB.US,D,20240315,000000,19.1157,19.1157,19.1157,19.1157,1,0
DKRB.US,D,20240318,000000,19.3771,19.3771,19.3771,19.3771,50,0
DKRB.US,D,20240319,000000,19.2826,19.2826,19.2826,19.2826,1,0
DKRB.US,D,20240320,000000,19.9123,19.9123,19.9123,19.9123,90,0
DKRB.US,D,20240321,000000,20.1967,20.1967,20.1967,20.1967,1,0
DKRB.US,D,20240322,000000,20.135,20.135,20.135,20.135,1,0
DKRB.US,D,20240325,000000,20.135,20.135,20.135,20.135,5,0
DKRB.US,D,20240326,000000,20.135,20.135,20.135,20.135,10,0
DKRB.US,D,20240327,000000,20.145,20.145,20.145,20.145,5,0
