<TICKER>,<PER>,<DATE>,<TIME>,<OPEN>,<HIGH>,<LOW>,<CLOSE>,<VOL>,<OPENINT>
EMC.US,D,20230516,000000,24.74,24.8746,24.43,24.59,96117,0
EMC.US,D,20230517,000000,24.38,24.743,24.38,24.62,90985,0
EMC.US,D,20230518,000000,24.49,24.59,24.2102,24.38,92971,0
EMC.US,D,20230519,000000,24.3,24.53,24.26,24.34,82574,0
EMC.US,D,20230522,000000,24.65,24.69,24.601,24.61,125066,0
EMC.US,D,20230523,000000,24.34,24.43,24.2,24.24,85499,0
EMC.US,D,20230524,000000,24.11,24.11,23.91,24.03,63291,0
EMC.US,D,20230525,000000,23.99,23.99,23.77,23.8,45077,0
EMC.US,D,20230526,000000,23.99,24.349,23.93,24.18,127250,0
EMC.US,D,20230530,000000,24.04,24.055,23.76,23.85,42049,0
EMC.US,D,20230531,000000,23.74,23.74,23.4,23.62,75011,0
EMC.US,D,20230601,000000,23.58,24.0799,23.361,23.92,153734,0
EMC.US,D,20230602,000000,24.32,24.5299,24.24,24.37,154635,0
EMC.US,D,20230605,000000,24.33,24.4,24.27,24.39,68186,0
EMC.US,D,20230606,000000,24.27,24.69,24.27,24.6499,114448,0
EMC.US,D,20230607,000000,24.57,24.78,24.43,24.5,117870,0
EMC.US,D,20230608,000000,24.49,24.94,24.49,24.7075,43665,0
EMC.US,D,20230609,000000,24.85,25.15,24.85,25,50789,0
EMC.US,D,20230612,000000,25.05,25.14,24.92,25.03,151282,0
EMC.US,D,20230613,000000,25.35,25.35,25.16,25.2152,89156,0
EMC.US,D,20230614,000000,25.23,25.45,25.215,25.42,53097,0
EMC.US,D,20230615,000000,25.57,25.73,25.53,25.7159,50642,0
EMC.US,D,20230616,000000,25.79,25.79,25.53,25.64,69448,0
EMC.US,D,20230620,000000,25.24,25.31,25.091,25.12,38767,0
EMC.US,D,20230621,000000,25.03,25.19,25.03,25.09,148063,0
EMC.US,D,20230622,000000,24.93,25.17,24.93,25.05,112871,0
EMC.US,D,20230623,000000,24.69,24.75,24.65,24.68,47130,0
EMC.US,D,20230626,000000,24.79,24.7999,24.671,24.671,38074,0
EMC.US,D,20230627,000000,24.86,25.04,24.86,25,86390,0
EMC.US,D,20230628,000000,24.83,24.9,24.81,24.88,82989,0
EMC.US,D,20230629,000000,24.72,24.7919,24.71,24.78,96102,0
EMC.US,D,20230630,000000,24.92,25.01,24.8801,24.94,67905,0
EMC.US,D,20230703,000000,25.15,25.28,25.15,25.21,24445,0
EMC.US,D,20230705,000000,25.11,25.1268,25.04,25.0768,24572,0
EMC.US,D,20230706,000000,24.76,24.76,24.56,24.6285,63541,0
EMC.US,D,20230707,000000,24.66,25.04,24.66,24.9083,45324,0
EMC.US,D,20230710,000000,24.78,24.96,24.78,24.9085,22974,0
EMC.US,D,20230711,000000,25.13,25.25,25.01,25.25,24481,0
EMC.US,D,20230712,000000,25.6,25.7596,25.58,25.69,29894,0
EMC.US,D,20230713,000000,25.81,25.9995,25.8,25.95,37054,0
EMC.US,D,20230714,000000,25.9,26.13,25.78,25.845,106627,0
EMC.US,D,20230717,000000,25.7,25.94,25.685,25.93,84025,0
EMC.US,D,20230718,000000,25.72,25.8192,25.68,25.73,52005,0
EMC.US,D,20230719,000000,25.84,25.93,25.731,25.77,41710,0
EMC.US,D,20230720,000000,25.58,25.68,25.5,25.555,69637,0
EMC.US,D,20230721,000000,25.59,25.6177,25.435,25.46,72587,0
EMC.US,D,20230724,000000,25.5,25.88,25.4363,25.74,58744,0
EMC.US,D,20230725,000000,25.92,25.93,25.78,25.82,100785,0
EMC.US,D,20230726,000000,25.73,26.1139,25.73,26.06,48488,0
EMC.US,D,20230727,000000,26.16,26.16,25.775,25.82,29103,0
EMC.US,D,20230728,000000,26.23,26.4115,26.23,26.39,25690,0
EMC.US,D,20230731,000000,26.29,26.45,26.29,26.4,22986,0
EMC.US,D,20230801,000000,26.19,26.22,26.07,26.09,71255,0
EMC.US,D,20230802,000000,25.72,25.72,25.41,25.45,172635,0
EMC.US,D,20230803,000000,25.52,25.686,25.52,25.61,30264,0
EMC.US,D,20230804,000000,25.68,25.82,25.53,25.57,163077,0
EMC.US,D,20230807,000000,25.52,25.5603,25.47,25.56,15658,0
EMC.US,D,20230808,000000,25.16,25.205,25.03,25.2,51603,0
EMC.US,D,20230809,000000,25.42,25.42,25.22,25.3,52794,0
EMC.US,D,20230810,000000,25.57,25.805,25.41,25.44,85891,0
EMC.US,D,20230811,000000,25.22,25.22,25.06,25.11,44524,0
EMC.US,D,20230814,000000,24.9,25.0434,24.83,24.99,59954,0
EMC.US,D,20230815,000000,24.83,24.83,24.61,24.68,49307,0
EMC.US,D,20230816,000000,24.52,24.6416,24.44,24.48,49029,0
EMC.US,D,20230817,000000,24.79,24.79,24.421,24.44,146673,0
EMC.US,D,20230818,000000,24.25,24.3,24.15,24.26,49512,0
EMC.US,D,20230821,000000,24.26,24.4063,24.25,24.38,44371,0
EMC.US,D,20230822,000000,24.52,24.54,24.33,24.36,48315,0
EMC.US,D,20230823,000000,24.51,24.85,24.51,24.78,76711,0
EMC.US,D,20230824,000000,24.88,24.93,24.59,24.59,48480,0
EMC.US,D,20230825,000000,24.57,24.6675,24.39,24.61,64323,0
EMC.US,D,20230828,000000,24.76,24.855,24.395,24.82,54673,0
EMC.US,D,20230829,000000,24.92,25.18,24.88,25.17,58454,0
EMC.US,D,20230830,000000,25.1,25.205,25.1,25.13,50582,0
EMC.US,D,20230831,000000,25,25.019,24.8758,24.93,145512,0
EMC.US,D,20230901,000000,25.26,25.33,25.17,25.21,33854,0
EMC.US,D,20230905,000000,25,25.12,24.9,24.9,69878,0
EMC.US,D,20230906,000000,24.85,24.94,24.72,24.75,59934,0
EMC.US,D,20230907,000000,24.48,24.48,23.98,24.39,1098274,0
EMC.US,D,20230908,000000,24.46,24.4897,24.375,24.39,49210,0
EMC.US,D,20230911,000000,24.65,24.7,24.57,24.66,52083,0
EMC.US,D,20230912,000000,24.62,24.7533,24.62,24.66,66797,0
EMC.US,D,20230913,000000,24.63,24.7115,24.61,24.63,65004,0
EMC.US,D,20230914,000000,24.73,24.77,24.641,24.7,92614,0
EMC.US,D,20230915,000000,24.69,24.71,24.135,24.55,68091,0
EMC.US,D,20230918,000000,24.54,24.61,24.48,24.57,19270,0
EMC.US,D,20230919,000000,24.5,24.5,24.37,24.42,31851,0
EMC.US,D,20230920,000000,24.51,24.51,24.23,24.23,40073,0
EMC.US,D,20230921,000000,23.92,23.96,23.85,23.85,50883,0
EMC.US,D,20230922,000000,24.17,24.25,24.08,24.13,72710,0
EMC.US,D,20230925,000000,23.88,24.06,23.88,24.06,74098,0
EMC.US,D,20230926,000000,23.75,23.82,23.61,23.63,59208,0
EMC.US,D,20230927,000000,23.72,23.72,23.51,23.63,42292,0
EMC.US,D,20230928,000000,23.44,23.6639,23.39,23.62,78302,0
EMC.US,D,20230929,000000,23.97,23.98,23.721,23.74,179877,0
EMC.US,D,20231002,000000,23.7939,23.7939,23.59,23.66,83630,0
EMC.US,D,20231003,000000,23.55,23.57,23.32,23.34,74926,0
EMC.US,D,20231004,000000,23.37,23.46,23.29,23.39,67900,0
EMC.US,D,20231005,000000,23.38,23.465,23.3,23.4507,86910,0
EMC.US,D,20231006,000000,23.41,23.83,23.41,23.76,74266,0
EMC.US,D,20231009,000000,23.42,23.59,23.38,23.56,31775,0
EMC.US,D,20231010,000000,23.72,23.9509,23.72,23.91,49233,0
EMC.US,D,20231011,000000,24.05,24.1013,23.93,24.04,165915,0
EMC.US,D,20231012,000000,24.08,24.08,23.72,23.78,52394,0
EMC.US,D,20231013,000000,23.8,23.886,23.6578,23.68,23118,0
EMC.US,D,20231016,000000,23.69,23.895,23.67,23.84,41856,0
EMC.US,D,20231017,000000,23.62,23.84,23.62,23.73,27785,0
EMC.US,D,20231018,000000,23.59,23.61,23.43,23.47,48707,0
EMC.US,D,20231019,000000,23.39,23.5004,23.35,23.36,132550,0
EMC.US,D,20231020,000000,23.3166,23.35,23.15,23.15,49283,0
EMC.US,D,20231023,000000,23.06,23.8,23.03,23.26,84573,0
EMC.US,D,20231024,000000,23.33,23.5592,23.3295,23.5,43227,0
EMC.US,D,20231025,000000,23.3,23.4,23.21,23.25,63507,0
EMC.US,D,20231026,000000,23.05,23.19,23.03,23.13,59205,0
EMC.US,D,20231027,000000,23.29,23.2961,23.06,23.08,52425,0
EMC.US,D,20231030,000000,23.44,23.45,23.23,23.29,32384,0
EMC.US,D,20231031,000000,23.14,23.19,23.06,23.18,34146,0
EMC.US,D,20231101,000000,23.12,23.3157,23.11,23.29,34964,0
EMC.US,D,20231102,000000,23.63,23.74,23.63,23.72,28167,0
EMC.US,D,20231103,000000,24.07,24.2484,24.07,24.19,40486,0
EMC.US,D,20231106,000000,24.34,24.34,24.15,24.19,94733,0
EMC.US,D,20231107,000000,24.1,24.185,23.99,24.15,103165,0
EMC.US,D,20231108,000000,24.11,24.16,24.025,24.05,94593,0
EMC.US,D,20231109,000000,24.06,24.1,23.81,23.82,42476,0
EMC.US,D,20231110,000000,23.81,23.99,23.76,23.98,35632,0
EMC.US,D,20231113,000000,23.87,24.0099,23.8142,23.92,43994,0
EMC.US,D,20231114,000000,24.29,24.5557,24.29,24.55,208980,0
EMC.US,D,20231115,000000,24.74,24.8289,24.685,24.74,31359,0
EMC.US,D,20231116,000000,24.49,24.6,24.43,24.5,24849,0
EMC.US,D,20231117,000000,24.51,24.62,24.51,24.56,26392,0
EMC.US,D,20231120,000000,24.64,24.86,24.64,24.81,23308,0
EMC.US,D,20231121,000000,24.67,24.7,24.53,24.55,49086,0
EMC.US,D,20231122,000000,24.63,24.69,24.61,24.64,15617,0
EMC.US,D,20231124,000000,24.53,24.64,24.53,24.6,26779,0
EMC.US,D,20231127,000000,24.53,24.5512,24.47,24.51,13730,0
EMC.US,D,20231128,000000,24.63,24.7595,24.63,24.7,71855,0
EMC.US,D,20231129,000000,24.67,24.69,24.53,24.53,24140,0
EMC.US,D,20231130,000000,24.58,24.67,24.46,24.6,34795,0
EMC.US,D,20231201,000000,24.45,24.7368,24.45,24.71,15113,0
EMC.US,D,20231204,000000,24.59,24.59,24.46,24.49,15828,0
EMC.US,D,20231205,000000,24.29,24.39,24.27,24.38,30701,0
EMC.US,D,20231206,000000,24.46,24.46,24.28,24.28,37217,0
EMC.US,D,20231207,000000,24.29,24.405,24.29,24.4,65129,0
EMC.US,D,20231208,000000,24.37,24.435,24.3401,24.39,49260,0
EMC.US,D,20231211,000000,24.4,24.58,24.4,24.55,83626,0
EMC.US,D,20231212,000000,24.47,24.81,24.38,24.54,79158,0
EMC.US,D,20231213,000000,24.5,24.89,23.78,24.88,221660,0
EMC.US,D,20231214,000000,25.06,25.28,25.06,25.19,46524,0
EMC.US,D,20231215,000000,25.14,25.31,25.09,25.09,22195,0
EMC.US,D,20231218,000000,25.03,25.055,24.95,25.03,94266,0
EMC.US,D,20231219,000000,25.15,25.3272,25.15,25.31,158843,0
EMC.US,D,20231220,000000,25.12,25.17,24.81,24.82,201025,0
EMC.US,D,20231221,000000,25.12,25.265,25.12,25.26,124771,0
EMC.US,D,20231222,000000,25.04,25.28,25.04,25.12,108931,0
EMC.US,D,20231226,000000,25.33,25.42,25.31,25.37,51786,0
EMC.US,D,20231227,000000,25.42,25.51,25.36,25.41,174543,0
EMC.US,D,20231228,000000,25.41,25.5,25.38,25.39,53635,0
EMC.US,D,20231229,000000,25.34,25.48,25.34,25.4,74628,0
EMC.US,D,20240102,000000,25.16,25.25,25.0488,25.09,33955,0
EMC.US,D,20240103,000000,24.88,25.05,24.88,25,20316,0
EMC.US,D,20240104,000000,25.03,25.13,24.98,25.04,26495,0
EMC.US,D,20240105,000000,25.02,25.1696,24.96,25.01,19494,0
EMC.US,D,20240108,000000,24.87,25.13,24.87,25.12,37025,0
EMC.US,D,20240109,000000,24.83,24.9171,24.82,24.87,43867,0
EMC.US,D,20240110,000000,24.84,24.88,24.81,24.83,28848,0
EMC.US,D,20240111,000000,24.83,24.969,24.8,24.95,50531,0
EMC.US,D,20240112,000000,25.1,25.15,24.97,24.98,46090,0
EMC.US,D,20240116,000000,24.62,24.7007,24.47,24.48,24038,0
EMC.US,D,20240117,000000,24.1148,24.1817,24.0776,24.1817,27520,0
EMC.US,D,20240118,000000,24.37,24.46,24.3211,24.46,31516,0
EMC.US,D,20240119,000000,24.51,24.72,24.46,24.72,36188,0
EMC.US,D,20240122,000000,24.45,24.66,24.45,24.57,33206,0
EMC.US,D,20240123,000000,24.62,24.72,24.5958,24.72,13379,0
EMC.US,D,20240124,000000,24.965,24.9799,24.86,24.87,32626,0
EMC.US,D,20240125,000000,24.93,24.93,24.7758,24.87,38230,0
EMC.US,D,20240126,000000,24.78,24.92,24.78,24.85,42878,0
EMC.US,D,20240129,000000,24.91,24.91,24.65,24.795,54208,0
EMC.US,D,20240130,000000,24.57,24.615,24.531,24.615,42618,0
EMC.US,D,20240131,000000,24.53,24.83,24.45,24.5,22237,0
EMC.US,D,20240201,000000,24.63,24.74,24.62,24.7,20889,0
EMC.US,D,20240202,000000,24.65,24.725,24.615,24.7146,24728,0
EMC.US,D,20240205,000000,24.64,24.7304,24.6,24.729,14196,0
EMC.US,D,20240206,000000,24.96,25.13,24.92,25.12,16513,0
EMC.US,D,20240207,000000,25.115,25.23,25.115,25.23,6570,0
EMC.US,D,20240208,000000,25.07,25.14,25,25.12,33536,0
EMC.US,D,20240209,000000,25.15,25.31,25.1136,25.2798,17380,0
EMC.US,D,20240212,000000,25.35,25.55,25.33,25.44,56881,0
EMC.US,D,20240213,000000,25.12,25.185,24.9401,25.01,25737,0
EMC.US,D,20240214,000000,25.34,25.45,25.325,25.4411,28784,0
EMC.US,D,20240215,000000,25.46,25.56,25.44,25.5418,14537,0
EMC.US,D,20240216,000000,25.55,25.5999,25.49,25.49,27497,0
EMC.US,D,20240220,000000,25.67,25.73,25.56,25.63,14941,0
EMC.US,D,20240221,000000,25.6,25.81,25.51,25.66,21379,0
EMC.US,D,20240222,000000,25.9,25.98,25.83,25.94,28963,0
EMC.US,D,20240223,000000,26.01,26.03,25.8675,25.934,44096,0
EMC.US,D,20240226,000000,25.81,25.85,25.7901,25.85,12544,0
EMC.US,D,20240227,000000,25.8,25.84,25.78,25.8,12764,0
EMC.US,D,20240228,000000,25.51,25.559,25.48,25.51,17704,0
EMC.US,D,20240229,000000,25.7,25.7,25.52,25.59,15019,0
EMC.US,D,20240301,000000,25.84,26.03,25.84,25.95,8433,0
EMC.US,D,20240304,000000,25.97,25.97,25.81,25.81,57586,0
EMC.US,D,20240305,000000,25.68,25.75,25.56,25.58,11891,0
EMC.US,D,20240306,000000,25.98,26.02,25.9,25.91,23643,0
EMC.US,D,20240307,000000,25.91,26.12,25.91,26.1,31964,0
EMC.US,D,20240308,000000,26.315,26.32,25.99,26.02,13943,0
EMC.US,D,20240311,000000,26.03,26.11,25.99,25.99,18742,0
EMC.US,D,20240312,000000,26.12,26.2351,26.06,26.22,18182,0
EMC.US,D,20240313,000000,26.1,26.16,26.06,26.1,39535,0
EMC.US,D,20240314,000000,26.05,26.05,25.78,25.8687,78959,0
EMC.US,D,20240315,000000,25.72,25.76,25.64,25.642,29309,0
EMC.US,D,20240318,000000,25.82,25.82,25.67,25.6715,13846,0
EMC.US,D,20240319,000000,25.52,25.66,25.49,25.61,47353,0
EMC.US,D,20240320,000000,25.7984,26.03,25.73,26.01,69070,0
EMC.US,D,20240321,000000,26.24,26.24,26.06,26.06,6433,0
EMC.US,D,20240322,000000,25.97,25.99,25.94,25.95,30015,0
EMC.US,D,20240325,000000,26.02,26.04,25.96,26.01,15717,0
EMC.US,D,20240326,000000,26.08,26.0899,26,26,9129,0
EMC.US,D,20240327,000000,26.01,26.0551,25.95,26.05,29626,0
EMC.US,D,20240328,000000,26.08,26.215,26.08,26.15,23702,0
EMC.US,D,20240401,000000,26.38,26.38,26.21,26.22,9660,0
EMC.US,D,20240402,000000,26.22,26.33,26.22,26.28,8915,0
EMC.US,D,20240403,000000,26.12,26.31,26.12,26.26,12363,0
EMC.US,D,20240404,000000,26.57,26.66,26.22,26.24,12973,0
EMC.US,D,20240405,000000,26.25,26.3998,26.25,26.36,25539,0
EMC.US,D,20240408,000000,26.45,26.53,26.43,26.46,17124,0
EMC.US,D,20240409,000000,26.615,26.615,26.46,26.6,9773,0
EMC.US,D,20240410,000000,26.3844,26.3844,26.24,26.31,21892,0
EMC.US,D,20240411,000000,26.36,26.4607,26.2905,26.46,3591,0
EMC.US,D,20240412,000000,26.06,26.06,25.75,25.77,14303,0
EMC.US,D,20240415,000000,25.89,25.89,25.49,25.5253,54422,0
EMC.US,D,20240416,000000,25.21,25.3,25.15,25.18,29498,0
EMC.US,D,20240417,000000,25.21,25.21,25.08,25.12,29318,0
EMC.US,D,20240418,000000,25.19,25.27,25.09,25.1511,11460,0
EMC.US,D,20240419,000000,25.05,25.05,24.96,25.02,74533,0
EMC.US,D,20240422,000000,25.01,25.2305,24.955,25.19,26330,0
EMC.US,D,20240423,000000,25.27,25.56,25.27,25.54,21565,0
EMC.US,D,20240424,000000,25.68,25.68,25.51,25.6,12263,0
EMC.US,D,20240425,000000,25.35,25.72,25.34,25.66,12486,0
EMC.US,D,20240426,000000,25.84,25.87,25.79,25.86,14706,0
EMC.US,D,20240429,000000,25.89,25.9631,25.85,25.95,21230,0
EMC.US,D,20240430,000000,25.79,25.86,25.65,25.65,8276,0
EMC.US,D,20240501,000000,25.67,25.84,25.57,25.61,10002,0
EMC.US,D,20240502,000000,25.9,26.17,25.89,26.17,8748,0
EMC.US,D,20240503,000000,26.4684,26.56,26.465,26.54,10594,0
EMC.US,D,20240506,000000,26.49,26.56,26.49,26.56,54960,0
EMC.US,D,20240507,000000,26.33,26.38,26.3007,26.32,9711,0
EMC.US,D,20240508,000000,26.2,26.4003,26.2,26.38,17116,0
EMC.US,D,20240509,000000,26.36,26.4302,26.26,26.4302,5613,0
EMC.US,D,20240510,000000,26.53,26.53,26.4,26.4,15623,0
EMC.US,D,20240513,000000,26.54,26.645,26.54,26.59,7884,0
EMC.US,D,20240514,000000,26.67,26.87,26.67,26.87,16781,0
EMC.US,D,20240515,000000,27.05,27.22,26.99,27.19,9802,0
EMC.US,D,20240516,000000,27.19,27.28,27.19,27.2,23959,0
EMC.US,D,20240517,000000,27.28,27.42,27.28,27.3654,21927,0
EMC.US,D,20240520,000000,27.15,27.3,27.15,27.2601,7038,0
EMC.US,D,20240521,000000,27.03,27.0906,27.01,27.02,27199,0
EMC.US,D,20240522,000000,27,27.03,26.8,26.84,16757,0
EMC.US,D,20240523,000000,27.075,27.075,26.74,26.8001,11158,0
EMC.US,D,20240524,000000,26.92,26.94,26.89,26.9052,5130,0
EMC.US,D,20240528,000000,27.02,27.03,26.81,26.865,7949,0
EMC.US,D,20240529,000000,26.49,26.51,26.43,26.44,11134,0
EMC.US,D,20240530,000000,26.32,26.43,26.32,26.3715,15102,0
EMC.US,D,20240531,000000,26.08,26.08,25.89,26.0794,9720,0
EMC.US,D,20240603,000000,26.51,26.51,26.255,26.4558,12533,0
EMC.US,D,20240604,000000,26.04,26.07,25.86,26.0251,9956,0
EMC.US,D,20240605,000000,26.33,26.5663,26.32,26.5663,16116,0
EMC.US,D,20240606,000000,26.74,26.7775,26.66,26.73,12315,0
EMC.US,D,20240607,000000,26.605,26.605,26.41,26.4638,6209,0
EMC.US,D,20240610,000000,26.47,26.7123,26.47,26.6879,4373,0
EMC.US,D,20240611,000000,26.56,26.56,26.4,26.5,6329,0
EMC.US,D,20240612,000000,26.88,26.93,26.73,26.7919,35439,0
EMC.US,D,20240613,000000,26.781,26.8342,26.75,26.82,9660,0
EMC.US,D,20240614,000000,26.7,26.8233,26.7,26.8233,27433,0
EMC.US,D,20240617,000000,26.9,27.02,26.81,27.0115,13547,0
EMC.US,D,20240618,000000,27.1,27.31,27.1,27.2765,26403,0
EMC.US,D,20240620,000000,27.37,27.45,27.12,27.2763,27104,0
EMC.US,D,20240621,000000,27.09,27.21,27.09,27.148,15241,0
