<TICKER>,<PER>,<DATE>,<TIME>,<OPEN>,<HIGH>,<LOW>,<CLOSE>,<VOL>,<OPENINT>
ESGB.US,D,20210630,000000,24.793,24.793,24.793,24.793,1.0074598204616,0
ESGB.US,D,20210701,000000,24.794,24.794,24.794,24.794,2.0149196409232,0
ESGB.US,D,20210702,000000,24.8387,24.8387,24.8387,24.8387,3.0223794613848,0
ESGB.US,D,20210706,000000,24.9329,24.9529,24.9162,24.9162,10305.306503501,0
ESGB.US,D,20210707,000000,24.9827,24.9827,24.9827,24.9827,608.50573155882,0
ESGB.US,D,20210708,000000,24.9916,24.9916,24.9867,24.9867,10104.82199923,0
ESGB.US,D,20210709,000000,24.9132,24.9132,24.9132,24.9132,1.0074598204616,0
ESGB.US,D,20210712,000000,24.9329,24.9329,24.9082,24.9082,10104.82199923,0
ESGB.US,D,20210713,000000,24.8934,24.8934,24.8288,24.8288,950.0346106953,0
ESGB.US,D,20210714,000000,24.8834,24.8934,24.8734,24.8934,11317.803623066,0
ESGB.US,D,20210715,000000,24.9727,24.9727,24.9727,24.9727,807.98277601022,0
ESGB.US,D,20210716,000000,24.9727,24.9727,24.9667,24.9667,10103.81453941,0
ESGB.US,D,20210719,000000,25.1007,25.1007,25.0522,25.0522,10114.896597435,0
ESGB.US,D,20210720,000000,25.0432,25.0432,25.0432,25.0432,1.0074598204616,0
ESGB.US,D,20210721,000000,25.0014,25.0014,24.9867,24.9867,10103.81453941,0
ESGB.US,D,20210722,000000,25.0114,25.0114,25.0114,25.0114,807.98277601022,0
ESGB.US,D,20210723,000000,25.0214,25.0263,25.0214,25.0263,10103.81453941,0
ESGB.US,D,20210726,000000,25.0512,25.0512,25.0164,25.0164,10105.82945905,0
ESGB.US,D,20210727,000000,25.0562,25.0562,25.0562,25.0562,807.98277601022,0
ESGB.US,D,20210728,000000,25.0512,25.1404,25.0332,25.0659,15354.695123656,0
ESGB.US,D,20210729,000000,25.0709,25.0709,25.0502,25.0502,5142.0749236362,0
ESGB.US,D,20210730,000000,25.0809,25.0809,25.0779,25.0779,10103.81453941,0
ESGB.US,D,20210802,000000,25.1007,25.1047,25.1007,25.1047,10112.881677793,0
ESGB.US,D,20210803,000000,25.1355,25.1355,25.1355,25.1355,10.074598204616,0
ESGB.US,D,20210804,000000,25.1305,25.1305,25.1246,25.1246,10104.82199923,0
ESGB.US,D,20210805,000000,25.0759,25.0759,25.0759,25.0759,10.074598204616,0
ESGB.US,D,20210806,000000,24.9916,24.9916,24.9847,24.9847,10103.81453941,0
ESGB.US,D,20210809,000000,24.9627,24.9627,24.9569,24.9569,10104.82199923,0
ESGB.US,D,20210810,000000,24.8934,24.8934,24.8934,24.8934,10.074598204616,0
ESGB.US,D,20210811,000000,24.8834,24.8884,24.8834,24.8884,10103.81453941,0
ESGB.US,D,20210812,000000,24.8884,24.8884,24.8884,24.8884,10.074598204616,0
ESGB.US,D,20210813,000000,24.9529,24.9627,24.9529,24.9627,10105.82945905,0
ESGB.US,D,20210816,000000,25.0312,25.0312,25.0254,25.0254,10112.881677793,0
ESGB.US,D,20210817,000000,24.9827,24.9827,24.9827,24.9827,6.0447589227698,0
ESGB.US,D,20210818,000000,24.9916,24.9916,24.9777,24.9777,10207.582900917,0
ESGB.US,D,20210819,000000,25.0004,25.0004,25.0004,25.0004,2.0149196409232,0
ESGB.US,D,20210820,000000,25.0214,25.0214,25.0034,25.0034,7770.5375952205,0
ESGB.US,D,20210823,000000,25.0164,25.0164,25.0164,25.0164,8.059678563693,0
ESGB.US,D,20210824,000000,25.0214,25.0214,24.9964,24.9964,8279.3048045536,0
ESGB.US,D,20210825,000000,24.9677,24.9677,24.9677,24.9677,5.0372991023081,0
ESGB.US,D,20210826,000000,24.9529,24.9529,24.9529,24.9529,172.27562929894,0
ESGB.US,D,20210827,000000,25.0084,25.0084,25.0084,25.0084,1.0074598204616,0
ESGB.US,D,20210830,000000,25.0372,25.0372,25.0372,25.0372,5.0372991023081,0
ESGB.US,D,20210831,000000,25.0452,25.0452,25.0452,25.0452,5.0372991023081,0
ESGB.US,D,20210901,000000,24.9964,24.9964,24.9964,24.9964,5.0372991023081,0
ESGB.US,D,20210902,000000,25.0224,25.0224,25.0224,25.0224,5.0372991023081,0
ESGB.US,D,20210903,000000,24.9827,24.9827,24.9827,24.9827,1.0074598204616,0
ESGB.US,D,20210907,000000,24.9329,24.9329,24.9329,24.9329,5.0372991023081,0
ESGB.US,D,20210908,000000,24.9549,24.9549,24.9549,24.9549,5.0372991023081,0
ESGB.US,D,20210909,000000,24.9727,25.0214,24.9727,25.0214,376.78997285264,0
ESGB.US,D,20210910,000000,25.0064,25.0064,25.0064,25.0064,1.0074598204616,0
ESGB.US,D,20210913,000000,25.0224,25.0224,25.0224,25.0224,1.0074598204616,0
ESGB.US,D,20210914,000000,25.0659,25.0659,25.0659,25.0659,20.149196409232,0
ESGB.US,D,20210915,000000,25.0709,25.0709,25.0709,25.0709,20.149196409232,0
ESGB.US,D,20210916,000000,25.0214,25.0214,25.0214,25.0214,20.149196409232,0
ESGB.US,D,20210917,000000,24.9867,24.9867,24.9867,24.9867,20.149196409232,0
ESGB.US,D,20210920,000000,25.0263,25.0263,25.0263,25.0263,20.149196409232,0
ESGB.US,D,20210921,000000,25.0312,25.0312,25.0312,25.0312,20.149196409232,0
ESGB.US,D,20210922,000000,25.0562,25.0562,25.0562,25.0562,1.0074598204616,0
ESGB.US,D,20210923,000000,24.9817,24.9817,24.9817,24.9817,20.149196409232,0
ESGB.US,D,20210924,000000,24.9132,24.9132,24.9132,24.9132,20.149196409232,0
ESGB.US,D,20210927,000000,24.8834,24.8834,24.8834,24.8834,20.149196409232,0
ESGB.US,D,20210928,000000,24.7891,24.7891,24.7891,24.7891,20.149196409232,0
ESGB.US,D,20210929,000000,24.7891,24.7891,24.7891,24.7891,20.149196409232,0
ESGB.US,D,20210930,000000,24.7643,24.7643,24.7643,24.7643,20.149196409232,0
ESGB.US,D,20211001,000000,24.799,24.799,24.799,24.799,20.149196409232,0
ESGB.US,D,20211004,000000,24.794,24.794,24.794,24.794,3.0223794613848,0
ESGB.US,D,20211005,000000,24.7385,24.7385,24.7385,24.7385,1.0074598204616,0
ESGB.US,D,20211006,000000,24.7216,24.7216,24.7216,24.7216,3.0223794613848,0
ESGB.US,D,20211007,000000,24.7037,24.7037,24.7037,24.7037,20.149196409232,0
ESGB.US,D,20211008,000000,24.6302,24.6302,24.6302,24.6302,4.0298392818464,0
ESGB.US,D,20211011,000000,24.5906,24.5906,24.5906,24.5906,2.0149196409232,0
ESGB.US,D,20211012,000000,24.6491,24.6491,24.6491,24.6491,1.0074598204616,0
ESGB.US,D,20211013,000000,24.7007,24.7007,24.7007,24.7007,10.074598204616,0
ESGB.US,D,20211014,000000,24.7544,24.7544,24.7544,24.7544,1.0074598204616,0
ESGB.US,D,20211015,000000,24.7246,24.7246,24.7246,24.7246,1.0074598204616,0
ESGB.US,D,20211018,000000,24.7146,24.7146,24.7146,24.7146,1.0074598204616,0
ESGB.US,D,20211019,000000,24.6551,24.6551,24.6551,24.6551,25.186495511541,0
ESGB.US,D,20211020,000000,24.6252,24.6252,24.6252,24.6252,3.0223794613848,0
ESGB.US,D,20211021,000000,24.5906,24.5906,24.5906,24.5906,3.0223794613848,0
ESGB.US,D,20211022,000000,24.6124,24.6124,24.6124,24.6124,1.0074598204616,0
ESGB.US,D,20211025,000000,24.6302,24.6302,24.6302,24.6302,2.0149196409232,0
ESGB.US,D,20211026,000000,24.66,24.66,24.66,24.66,2.0149196409232,0
ESGB.US,D,20211027,000000,24.7494,24.7494,24.7494,24.7494,2.0149196409232,0
ESGB.US,D,20211028,000000,24.7494,24.7494,24.7494,24.7494,5.0372991023081,0
ESGB.US,D,20211029,000000,24.7394,24.7394,24.7394,24.7394,5.0372991023081,0
ESGB.US,D,20211101,000000,24.7096,24.7096,24.7096,24.7096,2.0149196409232,0
ESGB.US,D,20211102,000000,24.7394,24.7394,24.7394,24.7394,1.0074598204616,0
ESGB.US,D,20211103,000000,24.7841,24.7841,24.7394,24.7394,983.28078477055,0
ESGB.US,D,20211104,000000,24.7146,24.7841,24.7146,24.7841,488.61801292389,0
ESGB.US,D,20211105,000000,24.8854,24.8854,24.8854,24.8854,11.082058025077,0
ESGB.US,D,20211108,000000,24.8734,24.8734,24.8734,24.8734,53.395370484465,0
ESGB.US,D,20211109,000000,24.9251,24.9251,24.9251,24.9251,2.0149196409232,0
ESGB.US,D,20211110,000000,24.8239,24.8239,24.794,24.794,353.61839698203,0
ESGB.US,D,20211111,000000,24.7345,24.7345,24.7345,24.7345,3.0223794613848,0
ESGB.US,D,20211112,000000,24.7315,24.7315,24.7315,24.7315,1.0074598204616,0
ESGB.US,D,20211115,000000,24.675,24.675,24.6302,24.6302,806.97531618976,0
ESGB.US,D,20211116,000000,24.5955,24.5955,24.5955,24.5955,1.0074598204616,0
ESGB.US,D,20211117,000000,24.6302,24.6302,24.6302,24.6302,1.0074598204616,0
ESGB.US,D,20211118,000000,24.665,24.665,24.665,24.665,1.0074598204616,0
ESGB.US,D,20211119,000000,24.7196,24.7196,24.7196,24.7196,1.0074598204616,0
ESGB.US,D,20211122,000000,24.6302,24.6302,24.6302,24.6302,2.0149196409232,0
ESGB.US,D,20211123,000000,24.5508,24.5508,24.5508,24.5508,1.0074598204616,0
ESGB.US,D,20211124,000000,24.541,24.541,24.541,24.541,1.0074598204616,0
ESGB.US,D,20211126,000000,24.6541,24.6541,24.6541,24.6541,1.0074598204616,0
ESGB.US,D,20211129,000000,24.665,24.665,24.665,24.665,1.0074598204616,0
ESGB.US,D,20211130,000000,24.7444,24.7444,24.7444,24.7444,1.0074598204616,0
ESGB.US,D,20211201,000000,24.7256,24.7256,24.7256,24.7256,1.0074598204616,0
ESGB.US,D,20211202,000000,24.7295,24.7295,24.7295,24.7295,1.0074598204616,0
ESGB.US,D,20211203,000000,24.8288,24.8288,24.8288,24.8288,1.0074598204616,0
ESGB.US,D,20211206,000000,24.8139,24.8139,24.7881,24.7881,819.06483403529,0
ESGB.US,D,20211207,000000,24.7643,24.7643,24.7643,24.7643,1.0074598204616,0
ESGB.US,D,20211208,000000,24.6948,24.6948,24.6948,24.6948,4.0298392818464,0
ESGB.US,D,20211209,000000,24.6819,24.6819,24.6819,24.6819,1.0074598204616,0
ESGB.US,D,20211210,000000,24.6997,24.6997,24.6997,24.6997,1.0074598204616,0
ESGB.US,D,20211213,000000,24.7494,24.7494,24.7494,24.7494,1.0074598204616,0
ESGB.US,D,20211214,000000,24.7196,24.7196,24.7196,24.7196,1.0074598204616,0
ESGB.US,D,20211215,000000,24.7047,24.7047,24.7047,24.7047,3.0223794613848,0
ESGB.US,D,20211216,000000,24.7166,24.7166,24.7166,24.7166,4.0298392818464,0
ESGB.US,D,20211217,000000,24.7494,24.7494,24.7494,24.7494,1.0074598204616,0
ESGB.US,D,20211220,000000,24.7494,24.7494,24.7494,24.7494,1.0074598204616,0
ESGB.US,D,20211221,000000,24.7096,24.7096,24.7096,24.7096,1.0074598204616,0
ESGB.US,D,20211222,000000,24.7295,24.7295,24.7295,24.7295,1.0074598204616,0
ESGB.US,D,20211223,000000,24.7096,24.7096,24.7096,24.7096,1.0074598204616,0
ESGB.US,D,20211227,000000,24.7196,24.7196,24.7196,24.7196,5.0372991023081,0
ESGB.US,D,20211228,000000,24.7246,24.7246,24.7246,24.7246,5.0372991023081,0
ESGB.US,D,20211229,000000,24.6105,24.6105,24.6105,24.6105,52.387910664004,0
ESGB.US,D,20211230,000000,24.6352,24.6352,24.6352,24.6352,4.0298392818464,0
ESGB.US,D,20211231,000000,24.6501,24.6501,24.6501,24.6501,1.0074598204616,0
ESGB.US,D,20220103,000000,24.536,24.536,24.536,24.536,409.02868710742,0
ESGB.US,D,20220104,000000,24.4367,24.4367,24.4367,24.4367,1.0074598204616,0
ESGB.US,D,20220105,000000,24.4417,24.4417,24.4417,24.4417,1.0074598204616,0
ESGB.US,D,20220106,000000,24.3582,24.3582,24.3582,24.3582,1.0074598204616,0
ESGB.US,D,20220107,000000,24.3027,24.3027,24.3027,24.3027,13.096977666001,0
ESGB.US,D,20220110,000000,24.2402,24.2689,24.2402,24.2689,101.75344186663,0
ESGB.US,D,20220111,000000,24.3107,24.3107,24.3107,24.3107,10.074598204616,0
ESGB.US,D,20220112,000000,24.3334,24.3334,24.3334,24.3334,1.0074598204616,0
ESGB.US,D,20220113,000000,24.3534,24.3534,24.3534,24.3534,10.074598204616,0
ESGB.US,D,20220114,000000,24.2779,24.2779,24.2779,24.2779,80.59678563693,0
ESGB.US,D,20220118,000000,24.1638,24.1638,24.1638,24.1638,10.074598204616,0
ESGB.US,D,20220119,000000,24.1339,24.1339,24.1339,24.1339,10.074598204616,0
ESGB.US,D,20220120,000000,24.1568,24.1568,24.1568,24.1568,10.074598204616,0
ESGB.US,D,20220121,000000,24.2094,24.2094,24.1796,24.2094,5148.1196825589,0
ESGB.US,D,20220124,000000,24.2094,24.2094,24.2094,24.2094,23.171575870617,0
ESGB.US,D,20220125,000000,24.1796,24.1796,24.1796,24.1796,22.164116050156,0
ESGB.US,D,20220126,000000,24.1598,24.1598,24.0824,24.0824,614.55049048159,0
ESGB.US,D,20220127,000000,24.1003,24.1003,24.1003,24.1003,8.059678563693,0
ESGB.US,D,20220128,000000,24.0804,24.0804,24.0804,24.0804,1.0074598204616,0
ESGB.US,D,20220131,000000,24.0804,24.0804,24.0804,24.0804,2.0149196409232,0
ESGB.US,D,20220201,000000,24.1051,24.1051,24.1051,24.1051,1.0074598204616,0
ESGB.US,D,20220202,000000,24.1499,24.1499,24.1499,24.1499,100.74598204616,0
ESGB.US,D,20220203,000000,24.0605,24.0605,24.0605,24.0605,1.0074598204616,0
ESGB.US,D,20220204,000000,23.9114,23.9114,23.9114,23.9114,1.0074598204616,0
ESGB.US,D,20220207,000000,23.8867,23.8867,23.8867,23.8867,38.283473177542,0
ESGB.US,D,20220208,000000,23.8323,23.8323,23.8323,23.8323,5.0372991023081,0
ESGB.US,D,20220209,000000,23.9215,23.9315,23.9017,23.9017,3672117.5010158,0
ESGB.US,D,20220210,000000,23.7577,23.7577,23.7527,23.7527,409.02868710742,0
ESGB.US,D,20220211,000000,23.6882,23.718,23.6882,23.718,100.74598204616,0
ESGB.US,D,20220214,000000,23.6494,23.6494,23.6494,23.6494,5.0372991023081,0
ESGB.US,D,20220215,000000,23.6931,23.6931,23.6931,23.6931,5.0372991023081,0
ESGB.US,D,20220216,000000,23.7181,23.7181,23.7181,23.7181,5.0372991023081,0
ESGB.US,D,20220217,000000,23.7588,23.7588,23.7588,23.7588,5.0372991023081,0
ESGB.US,D,20220218,000000,23.7976,23.7976,23.7976,23.7976,4.0298392818464,0
ESGB.US,D,20220222,000000,23.7828,23.7828,23.7828,23.7828,2.0149196409232,0
ESGB.US,D,20220223,000000,23.7527,23.7527,23.7527,23.7527,154.14135253063,0
ESGB.US,D,20220224,000000,23.6926,23.6926,23.6926,23.6926,1.0074598204616,0
ESGB.US,D,20220225,000000,23.7381,23.7381,23.7381,23.7381,1.0074598204616,0
ESGB.US,D,20220228,000000,23.8572,23.8572,23.8572,23.8572,2.0149196409232,0
ESGB.US,D,20220301,000000,23.9762,23.9762,23.9762,23.9762,1.0074598204616,0
ESGB.US,D,20220302,000000,23.7964,23.7964,23.7964,23.7964,1.0074598204616,0
ESGB.US,D,20220303,000000,23.7977,23.7977,23.7977,23.7977,3.0223794613848,0
ESGB.US,D,20220304,000000,23.862,23.862,23.862,23.862,100.74598204616,0
ESGB.US,D,20220307,000000,23.7182,23.7182,23.7182,23.7182,1.0074598204616,0
ESGB.US,D,20220308,000000,23.6287,23.6287,23.6287,23.6287,4.0298392818464,0
ESGB.US,D,20220309,000000,23.5593,23.5593,23.5593,23.5593,1.0074598204616,0
ESGB.US,D,20220310,000000,23.4501,23.4501,23.4501,23.4501,102.76090168709,0
ESGB.US,D,20220311,000000,23.3856,23.3856,23.3856,23.3856,1.0074598204616,0
ESGB.US,D,20220314,000000,23.1819,23.1819,23.1819,23.1819,1.0074598204616,0
ESGB.US,D,20220315,000000,23.1772,23.1772,23.1772,23.1772,1.0074598204616,0
ESGB.US,D,20220316,000000,23.2418,23.2418,23.2418,23.2418,1.0074598204616,0
ESGB.US,D,20220317,000000,23.316,23.316,23.3058,23.3058,282.08874972926,0
ESGB.US,D,20220318,000000,23.3661,23.3756,23.3657,23.3657,1475.9286369763,0
ESGB.US,D,20220321,000000,23.176,23.176,23.176,23.176,5.0372991023081,0
ESGB.US,D,20220322,000000,23.0713,23.0713,23.0713,23.0713,4.0298392818464,0
ESGB.US,D,20220323,000000,23.1472,23.1472,23.1472,23.1472,100.74598204616,0
ESGB.US,D,20220324,000000,23.1093,23.1093,23.1093,23.1093,1.0074598204616,0
ESGB.US,D,20220325,000000,22.9786,22.9786,22.9786,22.9786,4.0298392818464,0
ESGB.US,D,20220328,000000,22.9822,22.9822,22.9822,22.9822,18.13427676831,0
ESGB.US,D,20220329,000000,23.0778,23.0778,23.0778,23.0778,2.0149196409232,0
ESGB.US,D,20220330,000000,23.1517,23.1517,23.1517,23.1517,2.0149196409232,0
ESGB.US,D,20220331,000000,23.1816,23.1816,23.1816,23.1816,1.0074598204616,0
ESGB.US,D,20220401,000000,23.1105,23.1105,23.1105,23.1105,2.0149196409232,0
ESGB.US,D,20220404,000000,23.0936,23.0936,23.0936,23.0936,3.0223794613848,0
ESGB.US,D,20220405,000000,22.9388,22.9388,22.9388,22.9388,1.0074598204616,0
ESGB.US,D,20220406,000000,22.8256,22.8256,22.8256,22.8256,2.0149196409232,0
ESGB.US,D,20220407,000000,22.78,22.78,22.78,22.78,103.76836150754,0
ESGB.US,D,20220408,000000,22.659,22.659,22.659,22.659,1.0074598204616,0
ESGB.US,D,20220411,000000,22.54,22.54,22.54,22.54,1.0074598204616,0
ESGB.US,D,20220412,000000,22.5915,22.5915,22.5915,22.5915,100.74598204616,0
ESGB.US,D,20220413,000000,22.4327,22.7105,22.4327,22.6855,2106023.2250278,0
ESGB.US,D,20220414,000000,22.5468,22.5468,22.5468,22.5468,1.0074598204616,0
ESGB.US,D,20220418,000000,22.4701,22.4701,22.4701,22.4701,1.0074598204616,0
ESGB.US,D,20220419,000000,22.3334,22.3334,22.3334,22.3334,100.74598204616,0
ESGB.US,D,20220420,000000,22.393,22.4128,22.393,22.4128,201.49196409232,0
ESGB.US,D,20220421,000000,22.3136,22.3136,22.3136,22.3136,1876995.3691227,0
ESGB.US,D,20220422,000000,22.2639,22.2639,22.2639,22.2639,100.74598204616,0
ESGB.US,D,20220426,000000,22.4426,22.4426,22.4426,22.4426,100.74598204616,0
ESGB.US,D,20220427,000000,22.383,22.383,22.383,22.383,100.74598204616,0
ESGB.US,D,20220428,000000,22.3439,22.3439,22.3439,22.3439,1.0074598204616,0
ESGB.US,D,20220429,000000,22.2144,22.2144,22.2144,22.2144,1.0074598204616,0
ESGB.US,D,20220502,000000,22.1249,22.1249,22.095,22.1149,704.27654089535,0
ESGB.US,D,20220503,000000,22.1249,22.1249,22.1249,22.1249,100.61093441362,0
ESGB.US,D,20220504,000000,22.2307,22.2307,22.2307,22.2307,1.0061093441362,0
ESGB.US,D,20220505,000000,22.0604,22.0604,22.0604,22.0604,1.0061093441362,0
ESGB.US,D,20220506,000000,21.9459,21.9459,21.9459,21.9459,103.62926244603,0
ESGB.US,D,20220509,000000,21.975,21.975,21.975,21.975,1.0061093441362,0
ESGB.US,D,20220510,000000,22.028,22.028,22.028,22.028,3.0183280324087,0
ESGB.US,D,20220511,000000,22.0353,22.1249,22.0353,22.1249,438.66367404339,0
ESGB.US,D,20220512,000000,22.1646,22.1646,22.1411,22.1411,103.62926244603,0
ESGB.US,D,20220513,000000,22.0453,22.095,22.0453,22.095,779261.87031383,0
ESGB.US,D,20220516,000000,22.1049,22.1049,22.1049,22.1049,100.61093441362,0
ESGB.US,D,20220517,000000,22.0055,22.0055,22.0055,22.0055,1.0061093441362,0
ESGB.US,D,20220518,000000,22.0247,22.0247,22.0247,22.0247,1.0061093441362,0
ESGB.US,D,20220519,000000,22.0652,22.0652,22.0553,22.0553,592.59840369623,0
ESGB.US,D,20220520,000000,22.1646,22.1646,22.1646,22.1646,103.62926244603,0
ESGB.US,D,20220523,000000,22.1,22.1,22.1,22.1,2.0122186882724,0
ESGB.US,D,20220524,000000,22.2162,22.2162,22.2162,22.2162,4.0244373765449,0
ESGB.US,D,20220525,000000,22.3336,22.3336,22.3336,22.3336,114.69646523153,0
ESGB.US,D,20220526,000000,22.3634,22.3634,22.3634,22.3634,102.62315310189,0
ESGB.US,D,20220527,000000,22.4031,22.4031,22.4031,22.4031,461.80418895853,0
ESGB.US,D,20220531,000000,22.3037,22.3037,22.2668,22.2668,507.07910944466,0
ESGB.US,D,20220601,000000,22.1293,22.1293,22.1293,22.1293,2.0122186882724,0
ESGB.US,D,20220602,000000,22.1249,22.1249,22.1249,22.1249,402.44373765449,0
ESGB.US,D,20220603,000000,22.0751,22.0851,22.0751,22.0851,202.22797817138,0
ESGB.US,D,20220606,000000,21.9857,21.9857,21.9857,21.9857,101.61704375776,0
ESGB.US,D,20220607,000000,22.0255,22.0255,22.0255,22.0255,102.62315310189,0
ESGB.US,D,20220608,000000,22.0055,22.0055,21.9658,21.9658,679031.24523229,0
ESGB.US,D,20220609,000000,21.9459,21.9459,21.9261,21.9261,202.22797817138,0
ESGB.US,D,20220610,000000,21.7601,21.7601,21.7601,21.7601,100.61093441362,0
ESGB.US,D,20220613,000000,21.3595,21.3874,21.3595,21.3874,511.1035468212,0
ESGB.US,D,20220614,000000,21.2502,21.2502,21.2502,21.2502,101.61704375776,0
ESGB.US,D,20220615,000000,21.28,21.3909,21.27,21.3909,517.14020288602,0
ESGB.US,D,20220616,000000,21.4224,21.4224,21.4224,21.4224,7.0427654089535,0
ESGB.US,D,20220617,000000,21.4688,21.4688,21.4688,21.4688,101.61704375776,0
ESGB.US,D,20220621,000000,21.3766,21.3766,21.3766,21.3766,2.0122186882724,0
ESGB.US,D,20220622,000000,21.5186,21.5186,21.5186,21.5186,101.61704375776,0
ESGB.US,D,20220623,000000,21.6378,21.6378,21.6378,21.6378,100.61093441362,0
ESGB.US,D,20220624,000000,21.6328,21.6328,21.6328,21.6328,2.0122186882724,0
ESGB.US,D,20220627,000000,21.5447,21.5447,21.5447,21.5447,2.0122186882724,0
ESGB.US,D,20220628,000000,21.5036,21.5036,21.5036,21.5036,2.0122186882724,0
ESGB.US,D,20220629,000000,21.5682,21.5682,21.5682,21.5682,2.0122186882724,0
ESGB.US,D,20220630,000000,21.6676,21.6676,21.6676,21.6676,100.61093441362,0
ESGB.US,D,20220701,000000,21.7969,21.7969,21.7969,21.7969,2.0122186882724,0
ESGB.US,D,20220705,000000,21.8478,21.8478,21.8478,21.8478,2.0122186882724,0
ESGB.US,D,20220706,000000,21.7585,21.7585,21.7585,21.7585,1.0061093441362,0
ESGB.US,D,20220707,000000,21.7024,21.7024,21.7024,21.7024,2.0122186882724,0
ESGB.US,D,20220708,000000,21.6279,21.6279,21.6279,21.6279,2.0122186882724,0
ESGB.US,D,20220711,000000,21.6804,21.6804,21.6804,21.6804,503918.91999473,0
ESGB.US,D,20220712,000000,21.7393,21.7393,21.7393,21.7393,1.0061093441362,0
ESGB.US,D,20220713,000000,21.7919,21.7919,21.7919,21.7919,37.22604573304,0
ESGB.US,D,20220714,000000,21.7453,21.7453,21.7453,21.7453,2.0122186882724,0
ESGB.US,D,20220715,000000,21.7819,21.7819,21.7819,21.7819,1.0061093441362,0
ESGB.US,D,20220718,000000,21.7553,21.7553,21.7553,21.7553,1.0061093441362,0
ESGB.US,D,20220719,000000,21.7273,21.7273,21.7273,21.7273,1.0061093441362,0
ESGB.US,D,20220720,000000,21.7223,21.7223,21.7223,21.7223,1.0061093441362,0
ESGB.US,D,20220721,000000,21.8678,21.8678,21.8678,21.8678,1.0061093441362,0
ESGB.US,D,20220722,000000,22.0459,22.0459,22.0459,22.0459,1.0061093441362,0
ESGB.US,D,20220725,000000,22.0311,22.0311,22.0311,22.0311,1.0061093441362,0
ESGB.US,D,20220726,000000,22.0028,22.0028,22.0028,22.0028,3.0183280324087,0
ESGB.US,D,20220727,000000,22.0845,22.0845,22.0845,22.0845,1.0061093441362,0
ESGB.US,D,20220728,000000,22.2364,22.2364,22.2364,22.2364,1.0061093441362,0
ESGB.US,D,20220729,000000,22.3019,22.3019,22.3019,22.3019,4.0244373765449,0
ESGB.US,D,20220801,000000,22.4034,22.4034,22.4034,22.4034,102.3030002922,0
ESGB.US,D,20220802,000000,22.229,22.229,22.229,22.229,1.0029705911,0
ESGB.US,D,20220803,000000,22.2583,22.2583,22.2583,22.2583,1.0029705911,0
ESGB.US,D,20220804,000000,22.3337,22.3337,22.3337,22.3337,123.3653827053,0
ESGB.US,D,20220805,000000,22.1841,22.1841,22.1741,22.1741,203.6030299933,0
ESGB.US,D,20220808,000000,22.1941,22.1941,22.1941,22.1941,105.3119120655,0
ESGB.US,D,20220809,000000,22.1492,22.1492,22.1492,22.1492,3.0089117733,0
ESGB.US,D,20220810,000000,22.1956,22.1956,22.1956,22.1956,2.0059411822,0
ESGB.US,D,20220811,000000,22.1293,22.1293,22.1293,22.1293,22.0653530042,0
ESGB.US,D,20220812,000000,22.1841,22.1841,22.1642,22.1785,657107.21543567,0
ESGB.US,D,20220815,000000,22.2296,22.2296,22.2296,22.2296,3.0089117733,0
ESGB.US,D,20220816,000000,22.224,22.224,22.224,22.224,102.3030002922,0
ESGB.US,D,20220817,000000,22.0844,22.1043,22.0844,22.1043,403.1941776222,0
ESGB.US,D,20220818,000000,22.1143,22.1143,22.1143,22.1143,100.29705911,0
ESGB.US,D,20220819,000000,22.0246,22.0246,21.9947,21.9947,202.6000594022,0
ESGB.US,D,20220822,000000,21.865,21.865,21.865,21.865,104.3089414744,0
ESGB.US,D,20220823,000000,21.8451,21.8451,21.8451,21.8451,100.29705911,0
ESGB.US,D,20220824,000000,21.7853,21.7903,21.7853,21.7903,802.37647288,0
ESGB.US,D,20220825,000000,21.9049,21.9049,21.9049,21.9049,100.29705911,0
ESGB.US,D,20220826,000000,21.885,21.895,21.8679,21.8679,2141.3422119985,0
ESGB.US,D,20220829,000000,21.7953,21.7953,21.7653,21.7653,2950.7394790162,0
ESGB.US,D,20220830,000000,21.7482,21.7482,21.7482,21.7482,1.0029705911,0
ESGB.US,D,20220831,000000,21.6187,21.6187,21.6187,21.6187,1.0029705911,0
ESGB.US,D,20220901,000000,21.4849,21.4849,21.4849,21.4849,43.1277354173,0
ESGB.US,D,20220902,000000,21.5008,21.5008,21.5008,21.5008,1.0029705911,0
ESGB.US,D,20220906,000000,21.3754,21.3754,21.3754,21.3754,1.0029705911,0
ESGB.US,D,20220907,000000,21.4413,21.4413,21.4413,21.4413,2.0059411822,0
ESGB.US,D,20220908,000000,21.4544,21.4544,21.4544,21.4544,2.0059411822,0
ESGB.US,D,20220909,000000,21.4662,21.4662,21.4662,21.4662,9.0267353199,0
ESGB.US,D,20220912,000000,21.4164,21.4164,21.4164,21.4164,469112.41378107,0
ESGB.US,D,20220913,000000,21.4164,21.4164,21.3184,21.3184,79.2346766969,0
ESGB.US,D,20220914,000000,21.3067,21.3067,21.3067,21.3067,2.0059411822,0
ESGB.US,D,20220915,000000,21.2618,21.2618,21.2618,21.2618,4.0118823644,0
ESGB.US,D,20220916,000000,21.2269,21.2269,21.2269,21.2269,1.0029705911,0
ESGB.US,D,20220919,000000,21.207,21.207,21.202,21.202,1303.86176843,0
ESGB.US,D,20220920,000000,21.1173,21.1173,21.0774,21.096,1806.3500345711,0
ESGB.US,D,20220921,000000,21.1266,21.1266,21.1266,21.1266,1.0029705911,0
ESGB.US,D,20220922,000000,21.0275,21.0275,20.9589,20.9589,4914.55589639,0
ESGB.US,D,20220923,000000,20.888,20.888,20.8481,20.8739,3511.4000394411,0
ESGB.US,D,20220926,000000,20.7783,20.7783,20.6088,20.6202,8373.8014650939,0
ESGB.US,D,20220927,000000,20.5789,20.5888,20.4487,20.4487,9628.51767456,0
ESGB.US,D,20220928,000000,20.5091,20.6188,20.4891,20.6188,14501.951776715,0
ESGB.US,D,20220929,000000,20.5888,20.6287,20.5789,20.5998,1705.05000487,0
ESGB.US,D,20220930,000000,20.6387,20.6387,20.519,20.5387,10133.011881883,0
ESGB.US,D,20221003,000000,20.5888,20.6686,20.5689,20.6168,5221.4648972666,0
ESGB.US,D,20221004,000000,20.7407,20.7407,20.7407,20.7407,3.0089117733,0
ESGB.US,D,20221005,000000,20.6686,20.6686,20.5888,20.6369,3010.9177144822,0
ESGB.US,D,20221006,000000,20.5628,20.5628,20.5628,20.5628,1.0029705911,0
ESGB.US,D,20221007,000000,20.4444,20.4444,20.4444,20.4444,3.0089117733,0
ESGB.US,D,20221010,000000,20.3545,20.3545,20.3545,20.3545,14.0415882754,0
ESGB.US,D,20221011,000000,20.3595,20.3795,20.3321,20.3321,887312.03441671,0
ESGB.US,D,20221012,000000,20.3196,20.3265,20.2997,20.3265,502.4882661411,0
ESGB.US,D,20221013,000000,20.1701,20.2897,20.1701,20.2897,1203.56470932,0
ESGB.US,D,20221014,000000,20.21,20.21,20.1883,20.1883,910725.37989535,0
ESGB.US,D,20221017,000000,20.2,20.2,20.2,20.2,601.78235466,0
ESGB.US,D,20221018,000000,20.1801,20.2299,20.1801,20.2299,2708.02059597,0
ESGB.US,D,20221019,000000,20.1501,20.1501,20.0841,20.0841,1303.86176843,0
ESGB.US,D,20221020,000000,20.0006,20.0006,19.957,19.957,3209.50589152,0
ESGB.US,D,20221021,000000,19.9208,19.967,19.9109,19.967,838957.81924919,0
ESGB.US,D,20221024,000000,19.9519,19.9519,19.9519,19.9519,1.0029705911,0
ESGB.US,D,20221025,000000,20.1402,20.1402,20.0903,20.119,6719.90296037,0
ESGB.US,D,20221026,000000,20.19,20.1983,20.19,20.1983,2206.53530042,0
ESGB.US,D,20221027,000000,20.2498,20.3196,20.21,20.2919,17451.68828514,0
ESGB.US,D,20221028,000000,20.2598,20.2997,20.2598,20.2654,5417.0441625311,0
ESGB.US,D,20221031,000000,20.21,20.2299,20.1601,20.198,128694.16545581,0
ESGB.US,D,20221101,000000,20.3,20.3,20.19,20.2126,9103,0
ESGB.US,D,20221102,000000,20.22,20.31,20.18,20.1944,60539,0
ESGB.US,D,20221103,000000,20.04,20.11,20.04,20.1048,10053,0
ESGB.US,D,20221104,000000,20.09,20.11,20.08,20.0873,5852,0
ESGB.US,D,20221107,000000,20.09,20.09,20.0372,20.0372,6833,0
ESGB.US,D,20221108,000000,20.05,20.11,20.05,20.095,10005,0
ESGB.US,D,20221109,000000,20.08,20.14,20.07,20.12,6704,0
ESGB.US,D,20221110,000000,20.34,20.4995,20.34,20.4995,18703,0
ESGB.US,D,20221111,000000,20.56,20.56,20.56,20.56,2,0
ESGB.US,D,20221114,000000,20.53,20.53,20.515,20.515,753048,0
ESGB.US,D,20221115,000000,20.6,20.634,20.58,20.634,3800,0
ESGB.US,D,20221116,000000,20.71,20.7605,20.7,20.7605,900,0
ESGB.US,D,20221117,000000,20.68,20.705,20.68,20.705,1200,0
ESGB.US,D,20221118,000000,20.6514,20.6514,20.6514,20.6514,1,0
ESGB.US,D,20221121,000000,20.69,20.69,20.6388,20.6388,600,0
ESGB.US,D,20221122,000000,20.7,20.73,20.7,20.73,1529,0
ESGB.US,D,20221123,000000,20.8,20.84,20.795,20.84,3482,0
ESGB.US,D,20221125,000000,20.8657,20.8657,20.8657,20.8657,3,0
ESGB.US,D,20221128,000000,20.86,20.86,20.8453,20.8453,2702,0
ESGB.US,D,20221129,000000,20.81,20.81,20.7885,20.7885,406,0
ESGB.US,D,20221130,000000,20.75,20.8933,20.75,20.8933,1891,0
ESGB.US,D,20221201,000000,20.98,21.0283,20.98,21.0283,1301,0
ESGB.US,D,20221202,000000,21.1283,21.1283,21.1283,21.1283,1,0
ESGB.US,D,20221205,000000,21.02,21.0272,21.02,21.0272,203,0
ESGB.US,D,20221206,000000,21.02,21.06,21.01,21.04,3102,0
ESGB.US,D,20221207,000000,21.15,21.2106,21.14,21.2106,6607,0
ESGB.US,D,20221208,000000,21.19,21.19,21.19,21.19,68,0
ESGB.US,D,20221209,000000,21.13,21.13,21.0825,21.0825,1816,0
ESGB.US,D,20221212,000000,21.13,21.13,21.0558,21.0558,323489,0
ESGB.US,D,20221213,000000,21.24,21.27,21.1901,21.1901,18534,0
ESGB.US,D,20221214,000000,21.24,21.245,21.24,21.245,306,0
ESGB.US,D,20221215,000000,21.26,21.28,21.26,21.265,1001,0
ESGB.US,D,20221216,000000,21.19,21.26,21.19,21.24,2145,0
ESGB.US,D,20221219,000000,21.1245,21.1245,21.1245,21.1245,20,0
ESGB.US,D,20221220,000000,20.9747,20.9747,20.9747,20.9747,1,0
ESGB.US,D,20221221,000000,20.99,20.993,20.98,20.993,1808,0
ESGB.US,D,20221222,000000,21.005,21.005,21.005,21.005,1,0
ESGB.US,D,20221223,000000,20.9479,20.9479,20.9479,20.9479,1,0
ESGB.US,D,20221227,000000,20.87,20.87,20.825,20.825,200,0
ESGB.US,D,20221228,000000,20.7334,20.7334,20.7334,20.7334,1,0
ESGB.US,D,20221229,000000,20.67,20.71,20.67,20.6974,18700,0
ESGB.US,D,20221230,000000,20.68,20.69,20.65,20.65,6202,0
ESGB.US,D,20230103,000000,20.8,20.8,20.73,20.7578,5100,0
ESGB.US,D,20230104,000000,20.87,20.87,20.83,20.8654,11901,0
ESGB.US,D,20230105,000000,20.8791,20.8791,20.8791,20.8791,3300,0
ESGB.US,D,20230106,000000,20.99,21.065,20.99,21.065,4403,0
ESGB.US,D,20230109,000000,21.1661,21.1661,21.1661,21.1661,135,0
ESGB.US,D,20230110,000000,21.14,21.14,21.09,21.11,128784,0
ESGB.US,D,20230111,000000,21.1858,21.1858,21.1858,21.1858,1,0
ESGB.US,D,20230112,000000,21.31,21.3549,21.27,21.3549,3371,0
ESGB.US,D,20230113,000000,21.4,21.4,21.35,21.355,5303,0
ESGB.US,D,20230117,000000,21.3,21.32,21.3,21.3103,3997,0
ESGB.US,D,20230118,000000,21.48,21.49,21.43,21.49,8094,0
ESGB.US,D,20230119,000000,21.49,21.49,21.48,21.49,600,0
ESGB.US,D,20230120,000000,21.44,21.44,21.4,21.42,4271,0
ESGB.US,D,20230123,000000,21.3622,21.3622,21.3622,21.3622,2,0
ESGB.US,D,20230124,000000,21.42,21.42,21.42,21.42,2,0
ESGB.US,D,20230125,000000,21.465,21.465,21.465,21.465,1,0
ESGB.US,D,20230126,000000,21.4574,21.4574,21.4574,21.4574,1,0
ESGB.US,D,20230127,000000,21.4378,21.4378,21.4378,21.4378,25,0
ESGB.US,D,20230130,000000,21.43,21.43,21.4,21.4,402,0
ESGB.US,D,20230131,000000,21.4,21.4551,21.39,21.4551,700,0
ESGB.US,D,20230201,000000,21.39,21.5127,21.39,21.5127,100,0
ESGB.US,D,20230202,000000,21.602,21.602,21.602,21.602,1,0
ESGB.US,D,20230203,000000,21.47,21.49,21.445,21.47,2500,0
ESGB.US,D,20230206,000000,21.34,21.34,21.315,21.315,400,0
ESGB.US,D,20230207,000000,21.34,21.34,21.2599,21.2599,502,0
ESGB.US,D,20230208,000000,21.24,21.26,21.24,21.26,542,0
ESGB.US,D,20230209,000000,21.31,21.31,21.25,21.25,4801,0
ESGB.US,D,20230210,000000,21.19,21.19,21.12,21.12,1275,0
ESGB.US,D,20230213,000000,21.12,21.1426,21.12,21.1426,348,0
ESGB.US,D,20230214,000000,21.12,21.12,21.05,21.0988,1300,0
ESGB.US,D,20230215,000000,21.03,21.03,21.03,21.03,4,0
ESGB.US,D,20230216,000000,20.96,20.99,20.95,20.97,4000,0
ESGB.US,D,20230217,000000,20.95,20.98,20.93,20.98,3300,0
ESGB.US,D,20230221,000000,20.83,20.85,20.83,20.8471,292474,0
ESGB.US,D,20230222,000000,20.84,20.84,20.81,20.81,2028,0
ESGB.US,D,20230223,000000,20.87,20.89,20.85,20.8878,4409,0
ESGB.US,D,20230224,000000,20.825,20.825,20.825,20.825,8,0
ESGB.US,D,20230227,000000,20.82,20.82,20.82,20.82,12,0
ESGB.US,D,20230228,000000,20.82,20.82,20.82,20.82,1,0
ESGB.US,D,20230301,000000,20.7,20.71,20.68,20.68,414,0
ESGB.US,D,20230302,000000,20.6108,20.6108,20.6108,20.6108,1,0
ESGB.US,D,20230303,000000,20.7,20.71,20.7,20.71,600,0
ESGB.US,D,20230306,000000,20.79,20.79,20.73,20.73,300,0
ESGB.US,D,20230307,000000,20.7061,20.7061,20.7061,20.7061,2,0
ESGB.US,D,20230308,000000,20.75,20.75,20.66,20.6709,3649,0
ESGB.US,D,20230309,000000,20.69,20.73,20.68,20.72,49614,0
ESGB.US,D,20230310,000000,20.87,20.93,20.86,20.915,15800,0
ESGB.US,D,20230313,000000,21.15,21.15,21.0552,21.0552,406,0
ESGB.US,D,20230314,000000,21.06,21.07,20.955,20.97,21876,0
ESGB.US,D,20230315,000000,21.01,21.09,21,21.05,9809,0
ESGB.US,D,20230316,000000,21.11,21.12,20.98,20.9909,2420,0
ESGB.US,D,20230317,000000,21.06,21.08,21.06,21.07,3893,0
ESGB.US,D,20230320,000000,21.09,21.1,21.0457,21.0457,600,0
ESGB.US,D,20230321,000000,21.01,21.03,20.99,20.99,3125,0
ESGB.US,D,20230322,000000,20.97,21.1096,20.96,21.1096,3833,0
ESGB.US,D,20230323,000000,21.14,21.1851,21.12,21.1851,2400,0
ESGB.US,D,20230324,000000,21.23,21.25,21.23,21.23,800,0
ESGB.US,D,20230327,000000,21.13,21.13,21.065,21.065,1100,0
ESGB.US,D,20230328,000000,21.02,21.02,20.99,21.0046,2507,0
ESGB.US,D,20230329,000000,20.98,20.99,20.97,20.9888,1202,0
ESGB.US,D,20230330,000000,21.04,21.06,21.03,21.0441,1500,0
ESGB.US,D,20230331,000000,21.11,21.16,21.11,21.16,5896,0
ESGB.US,D,20230403,000000,21.13,21.18,21.12,21.175,2905,0
ESGB.US,D,20230404,000000,21.18,21.25,21.175,21.25,3300,0
ESGB.US,D,20230405,000000,21.4,21.4,21.33,21.33,988,0
ESGB.US,D,20230406,000000,21.37,21.37,21.35,21.35,1200,0
ESGB.US,D,20230410,000000,21.28,21.3,21.23,21.23,2602,0
ESGB.US,D,20230411,000000,21.22,21.22,21.16,21.165,502473,0
ESGB.US,D,20230412,000000,21.23,21.23,21.18,21.1944,1903,0
ESGB.US,D,20230413,000000,21.28,21.28,21.21,21.2102,1401,0
ESGB.US,D,20230414,000000,21.175,21.175,21.13,21.13,1600,0
ESGB.US,D,20230417,000000,21.11,21.12,21.07,21.07,1475,0
ESGB.US,D,20230418,000000,21.07,21.07,21.03,21.05,1100,0
ESGB.US,D,20230419,000000,21.04,21.04,21.01,21.01,4224,0
ESGB.US,D,20230420,000000,21.08,21.08,21.07,21.07,1301,0
ESGB.US,D,20230421,000000,21.11,21.11,21.06,21.07,766,0
ESGB.US,D,20230424,000000,21.115,21.125,21.11,21.125,1882,0
ESGB.US,D,20230425,000000,21.24,21.25,21.23,21.24,1011,0
ESGB.US,D,20230426,000000,21.33,21.33,21.27,21.2752,9202,0
ESGB.US,D,20230427,000000,21.24,21.24,21.21,21.21,4500,0
ESGB.US,D,20230428,000000,21.21,21.244,21.21,21.244,9804,0
ESGB.US,D,20230501,000000,21.09,21.09,21.05,21.05,158,0
ESGB.US,D,20230502,000000,21.03,21.12,21.02,21.12,11110,0
ESGB.US,D,20230503,000000,21.22,21.2522,21.22,21.2522,1902,0
ESGB.US,D,20230504,000000,21.28,21.29,21.25,21.25,1101,0
ESGB.US,D,20230505,000000,21.23,21.23,21.21,21.23,653,0
ESGB.US,D,20230508,000000,21.11,21.12,21.095,21.095,2167,0
ESGB.US,D,20230509,000000,21.06,21.06,21.04,21.04,507,0
ESGB.US,D,20230510,000000,21.13,21.13,21.13,21.13,99,0
ESGB.US,D,20230511,000000,21.25,21.25,21.22,21.22,700,0
ESGB.US,D,20230512,000000,21.19,21.19,21.1762,21.1762,708,0
ESGB.US,D,20230515,000000,21.12,21.12,21.12,21.12,2701,0
ESGB.US,D,20230516,000000,21.06,21.06,21.04,21.0497,1300,0
ESGB.US,D,20230517,000000,21.02,21.03,21.02,21.03,82854,0
ESGB.US,D,20230518,000000,20.97,20.97,20.9649,20.9649,400,0
ESGB.US,D,20230519,000000,20.9,20.96,20.9,20.91,3700,0
ESGB.US,D,20230522,000000,20.9,20.9,20.87,20.9,6653,0
ESGB.US,D,20230523,000000,20.8658,20.88,20.8658,20.88,342,0
ESGB.US,D,20230524,000000,20.89,20.89,20.84,20.86,10500,0
ESGB.US,D,20230525,000000,20.78,20.78,20.78,20.78,5200,0
ESGB.US,D,20230526,000000,20.7101,20.7538,20.7101,20.7538,232,0
ESGB.US,D,20230530,000000,20.84,20.8544,20.84,20.8544,101,0
ESGB.US,D,20230531,000000,20.91,20.96,20.91,20.9595,1201,0
ESGB.US,D,20230601,000000,20.91,20.912,20.91,20.912,167,0
ESGB.US,D,20230602,000000,20.95,20.95,20.91,20.91,3683,0
ESGB.US,D,20230605,000000,20.86,20.86,20.86,20.86,2,0
ESGB.US,D,20230606,000000,20.875,20.875,20.875,20.875,19,0
ESGB.US,D,20230607,000000,20.801,20.801,20.801,20.801,3,0
ESGB.US,D,20230608,000000,20.82,20.8333,20.82,20.8333,802,0
ESGB.US,D,20230609,000000,20.84,20.84,20.8,20.8045,39744,0
ESGB.US,D,20230612,000000,20.8,20.825,20.79,20.825,8001,0
ESGB.US,D,20230613,000000,20.87,20.87,20.77,20.77,4700,0
ESGB.US,D,20230614,000000,20.77,20.77,20.7,20.745,5711,0
ESGB.US,D,20230615,000000,20.84,20.845,20.81,20.845,3900,0
ESGB.US,D,20230616,000000,20.87,20.8717,20.87,20.8717,162462,0
ESGB.US,D,20230620,000000,20.88,20.88,20.88,20.88,23,0
ESGB.US,D,20230621,000000,20.87,20.905,20.87,20.905,4521,0
ESGB.US,D,20230622,000000,20.87,20.87,20.85,20.85,1601,0
ESGB.US,D,20230623,000000,20.86,20.86,20.83,20.83,4000,0
ESGB.US,D,20230626,000000,20.8796,20.8796,20.8796,20.8796,1,0
ESGB.US,D,20230627,000000,20.87,20.87,20.87,20.87,1,0
ESGB.US,D,20230628,000000,20.8854,20.8854,20.8854,20.8854,2,0
ESGB.US,D,20230629,000000,20.83,20.83,20.82,20.8287,1400,0
ESGB.US,D,20230630,000000,20.81,20.8103,20.81,20.8103,100,0
ESGB.US,D,20230703,000000,20.77,20.79,20.7395,20.7395,1000,0
ESGB.US,D,20230705,000000,20.66,20.66,20.66,20.66,2,0
ESGB.US,D,20230706,000000,20.55,20.55,20.51,20.53,800,0
ESGB.US,D,20230707,000000,20.46,20.54,20.46,20.4655,6901,0
ESGB.US,D,20230710,000000,20.5195,20.5195,20.5195,20.5195,2,0
ESGB.US,D,20230711,000000,20.57,20.5915,20.57,20.5915,58243,0
ESGB.US,D,20230712,000000,20.68,20.7297,20.68,20.7297,3000,0
ESGB.US,D,20230713,000000,20.85,20.8803,20.85,20.8803,1300,0
ESGB.US,D,20230714,000000,20.885,20.885,20.885,20.885,2,0
ESGB.US,D,20230717,000000,20.84,20.855,20.84,20.855,100,0
ESGB.US,D,20230718,000000,20.9,20.9,20.89,20.89,900,0
ESGB.US,D,20230719,000000,20.93,20.95,20.93,20.945,1100,0
ESGB.US,D,20230720,000000,20.91,20.91,20.91,20.91,2,0
ESGB.US,D,20230721,000000,20.88,20.88,20.86,20.86,1758,0
ESGB.US,D,20230724,000000,20.89,20.89,20.8568,20.8568,1406,0
ESGB.US,D,20230725,000000,20.83,20.83,20.83,20.83,2,0
ESGB.US,D,20230726,000000,20.83,20.85,20.83,20.85,226,0
ESGB.US,D,20230727,000000,20.84,20.84,20.7795,20.7795,220,0
ESGB.US,D,20230728,000000,20.72,20.7431,20.72,20.7431,3039,0
ESGB.US,D,20230731,000000,20.81,20.82,20.81,20.81,501,0
ESGB.US,D,20230801,000000,20.679,20.68,20.67,20.675,4211,0
ESGB.US,D,20230802,000000,20.58,20.59,20.58,20.58,3418,0
ESGB.US,D,20230803,000000,20.5,20.5,20.49,20.49,153,0
ESGB.US,D,20230804,000000,20.54,20.54,20.54,20.54,352,0
ESGB.US,D,20230807,000000,20.61,20.61,20.61,20.61,1,0
ESGB.US,D,20230808,000000,20.63,20.6324,20.63,20.6324,878,0
ESGB.US,D,20230809,000000,20.66,20.67,20.66,20.67,683,0
ESGB.US,D,20230810,000000,20.6036,20.6036,20.6036,20.6036,126525,0
ESGB.US,D,20230811,000000,20.52,20.52,20.5095,20.5095,900,0
ESGB.US,D,20230814,000000,20.49,20.5,20.469,20.469,5857,0
ESGB.US,D,20230815,000000,20.45,20.45,20.415,20.415,300,0
ESGB.US,D,20230816,000000,20.41,20.41,20.35,20.359,6194,0
ESGB.US,D,20230817,000000,20.305,20.305,20.305,20.305,52,0
ESGB.US,D,20230818,000000,20.33,20.33,20.315,20.315,1328,0
ESGB.US,D,20230821,000000,20.31,20.31,20.2685,20.2685,123,0
ESGB.US,D,20230822,000000,20.23,20.25,20.23,20.25,202,0
ESGB.US,D,20230823,000000,20.35,20.38,20.35,20.38,1001,0
ESGB.US,D,20230824,000000,20.43,20.43,20.42,20.42,8540,0
ESGB.US,D,20230825,000000,20.41,20.41,20.375,20.4,2682,0
ESGB.US,D,20230828,000000,20.4,20.41,20.4,20.41,600,0
ESGB.US,D,20230829,000000,20.42,20.5104,20.42,20.5104,5301,0
ESGB.US,D,20230830,000000,20.57,20.57,20.56,20.56,600,0
ESGB.US,D,20230831,000000,20.58,20.6,20.58,20.595,600,0
ESGB.US,D,20230901,000000,20.47,20.47,20.4636,20.4636,300,0
ESGB.US,D,20230905,000000,20.39,20.39,20.36,20.36,325,0
ESGB.US,D,20230906,000000,20.33,20.33,20.28,20.285,1969,0
ESGB.US,D,20230907,000000,20.315,20.315,20.315,20.315,11,0
ESGB.US,D,20230908,000000,20.35,20.35,20.35,20.35,1,0
ESGB.US,D,20230911,000000,20.33,20.34,20.33,20.34,1339,0
ESGB.US,D,20230912,000000,20.33,20.33,20.33,20.33,104534,0
ESGB.US,D,20230913,000000,20.33,20.35,20.33,20.35,101,0
ESGB.US,D,20230914,000000,20.35,20.355,20.35,20.35,940,0
ESGB.US,D,20230915,000000,20.3097,20.3097,20.3097,20.3097,39,0
ESGB.US,D,20230918,000000,20.3019,20.3019,20.3019,20.3019,2,0
ESGB.US,D,20230919,000000,20.3,20.3,20.2861,20.2861,101,0
ESGB.US,D,20230920,000000,20.2876,20.2876,20.2556,20.2556,176,0
ESGB.US,D,20230921,000000,20.19,20.19,20.15,20.15,2901,0
ESGB.US,D,20230922,000000,20.155,20.17,20.155,20.17,700,0
ESGB.US,D,20230925,000000,20.12,20.13,20.08,20.08,2910,0
ESGB.US,D,20230926,000000,20.06,20.06,20.026,20.026,100,0
ESGB.US,D,20230927,000000,20.04,20.04,19.97,19.97,2920,0
ESGB.US,D,20230928,000000,19.95,19.98,19.93,19.98,2017,0
ESGB.US,D,20230929,000000,20.04,20.04,20,20,2402,0
ESGB.US,D,20231002,000000,19.88,19.88,19.8,19.8,3749,0
ESGB.US,D,20231003,000000,19.73,19.73,19.67,19.67,700,0
ESGB.US,D,20231004,000000,19.66,19.7,19.64,19.7,1568,0
ESGB.US,D,20231005,000000,19.73,19.73,19.73,19.73,56,0
ESGB.US,D,20231006,000000,19.64,19.69,19.63,19.67,6200,0
ESGB.US,D,20231009,000000,19.73,19.77,19.73,19.77,2688,0
ESGB.US,D,20231010,000000,19.79,19.79,19.74,19.75,7303,0
ESGB.US,D,20231011,000000,19.87,19.8881,19.87,19.8881,83196,0
ESGB.US,D,20231012,000000,19.88,19.88,19.79,19.79,3700,0
ESGB.US,D,20231013,000000,19.82,19.8324,19.82,19.8324,1702,0
ESGB.US,D,20231016,000000,19.78,19.78,19.78,19.78,60,0
ESGB.US,D,20231017,000000,19.6576,19.6576,19.6576,19.6576,2,0
ESGB.US,D,20231018,000000,19.57,19.58,19.54,19.54,3005,0
ESGB.US,D,20231019,000000,19.5,19.53,19.47,19.47,1520,0
ESGB.US,D,20231020,000000,19.46,19.48,19.46,19.475,6802,0
ESGB.US,D,20231023,000000,19.55,19.56,19.55,19.55,3000,0
ESGB.US,D,20231024,000000,19.61,19.62,19.61,19.62,295,0
ESGB.US,D,20231025,000000,19.56,19.56,19.54,19.54,3400,0
ESGB.US,D,20231026,000000,19.53,19.58,19.53,19.58,4242,0
ESGB.US,D,20231027,000000,19.6,19.61,19.59,19.6,2702,0
ESGB.US,D,20231030,000000,19.59,19.59,19.57,19.57,602,0
ESGB.US,D,20231031,000000,19.5997,19.5997,19.5782,19.5782,4353,0
ESGB.US,D,20231101,000000,19.56,19.61,19.545,19.61,3342,0
ESGB.US,D,20231102,000000,19.74,19.7505,19.74,19.7505,502,0
ESGB.US,D,20231103,000000,19.92,19.93,19.9,19.9,3138,0
ESGB.US,D,20231106,000000,19.86,19.86,19.86,19.86,116,0
ESGB.US,D,20231107,000000,19.89,19.9,19.89,19.9,821,0
ESGB.US,D,20231108,000000,19.97,19.98,19.97,19.98,745,0
ESGB.US,D,20231109,000000,19.91,19.91,19.9,19.903,628,0
ESGB.US,D,20231110,000000,19.9,19.9,19.89,19.89,502,0
ESGB.US,D,20231113,000000,19.89,19.89,19.89,19.89,1,0
ESGB.US,D,20231114,000000,20.06,20.08,20.06,20.075,1046,0
ESGB.US,D,20231115,000000,20.0791,20.0791,20.0791,20.0791,1,0
ESGB.US,D,20231116,000000,20.12,20.12,20.12,20.12,205,0
ESGB.US,D,20231117,000000,20.16,20.16,20.15,20.15,1164805,0
ESGB.US,D,20231120,000000,20.15,20.16,20.15,20.15,39915,0
ESGB.US,D,20231121,000000,20.21,20.21,20.19,20.19,13942,0
ESGB.US,D,20231122,000000,20.22,20.231,20.22,20.231,103,0
ESGB.US,D,20231124,000000,20.195,20.195,20.195,20.195,1,0
ESGB.US,D,20231127,000000,20.2351,20.2351,20.2351,20.2351,2,0
ESGB.US,D,20231128,000000,20.27,20.33,20.27,20.33,1001,0
ESGB.US,D,20231129,000000,20.44,20.44,20.43,20.43,1000,0
ESGB.US,D,20231130,000000,20.4401,20.4401,20.4401,20.4401,1,0
ESGB.US,D,20231201,000000,20.36,20.44,20.355,20.44,7441,0
ESGB.US,D,20231204,000000,20.4547,20.4547,20.4547,20.4547,4,0
ESGB.US,D,20231205,000000,20.53,20.53,20.53,20.53,1,0
ESGB.US,D,20231206,000000,20.615,20.615,20.615,20.615,39,0
ESGB.US,D,20231207,000000,20.66,20.66,20.66,20.66,14,0
ESGB.US,D,20231208,000000,20.6,20.6,20.58,20.58,1966,0
ESGB.US,D,20231211,000000,20.54,20.54,20.54,20.54,14,0
ESGB.US,D,20231212,000000,20.57,20.57,20.56,20.57,657573,0
ESGB.US,D,20231213,000000,20.76,20.77,20.76,20.76,601,0
ESGB.US,D,20231214,000000,20.94,20.98,20.93,20.9642,33258,0
ESGB.US,D,20231215,000000,21.02,21.02,21,21.005,1002,0
ESGB.US,D,20231218,000000,21.01,21.011,21.01,21.01,201,0
ESGB.US,D,20231219,000000,21,21,21,21,102,0
ESGB.US,D,20231220,000000,21.06,21.06,21.06,21.06,111,0
ESGB.US,D,20231221,000000,21.13,21.13,21.11,21.115,486,0
ESGB.US,D,20231222,000000,21.11,21.11,21.085,21.085,2357,0
ESGB.US,D,20231226,000000,21.11,21.11,21.11,21.11,2603,0
ESGB.US,D,20231227,000000,21.17,21.2,21.17,21.2,302,0
ESGB.US,D,20231228,000000,21.16,21.17,21.115,21.12,13274,0
ESGB.US,D,20231229,000000,21.09,21.095,21.07,21.07,4800,0
ESGB.US,D,20240102,000000,21.01,21.03,21,21,4700,0
ESGB.US,D,20240103,000000,20.91,20.97,20.91,20.97,1520,0
ESGB.US,D,20240104,000000,20.94,20.95,20.93,20.93,9136,0
ESGB.US,D,20240105,000000,20.87,20.92,20.86,20.86,4895,0
ESGB.US,D,20240108,000000,20.87,20.9045,20.87,20.9045,591,0
ESGB.US,D,20240109,000000,20.91,20.93,20.91,20.91,6196,0
ESGB.US,D,20240110,000000,20.96,20.96,20.9,20.9,4300,0
ESGB.US,D,20240111,000000,20.94,20.98,20.92,20.98,541677,0
ESGB.US,D,20240112,000000,21.05,21.05,21.02,21.025,502,0
ESGB.US,D,20240116,000000,21,21.01,20.95,20.95,6601,0
ESGB.US,D,20240117,000000,20.87,20.87,20.85,20.86,4955,0
ESGB.US,D,20240118,000000,20.86,20.86,20.83,20.83,7884,0
ESGB.US,D,20240119,000000,20.81,20.82,20.8,20.82,4000,0
ESGB.US,D,20240122,000000,20.88,20.88,20.87,20.87,2057,0
ESGB.US,D,20240123,000000,20.86,20.86,20.84,20.84,5120,0
ESGB.US,D,20240124,000000,20.86,20.87,20.81,20.81,2505,0
ESGB.US,D,20240125,000000,20.89,20.89,20.89,20.89,2,0
ESGB.US,D,20240126,000000,20.92,20.92,20.9,20.91,1500,0
ESGB.US,D,20240129,000000,20.9596,20.9596,20.9596,20.9596,400,0
ESGB.US,D,20240130,000000,21.01,21.01,20.97,21,5900,0
ESGB.US,D,20240131,000000,21.06,21.1,21.06,21.1,650,0
ESGB.US,D,20240201,000000,21.1113,21.1113,21.1113,21.1113,50,0
ESGB.US,D,20240202,000000,21.06,21.0699,21.05,21.05,7439,0
ESGB.US,D,20240205,000000,20.91,20.92,20.88,20.88,2961,0
ESGB.US,D,20240206,000000,20.886,20.886,20.886,20.886,15,0
ESGB.US,D,20240207,000000,20.915,20.915,20.915,20.915,1,0
ESGB.US,D,20240208,000000,20.8671,20.8671,20.8619,20.8619,2403,0
ESGB.US,D,20240209,000000,20.818,20.82,20.8,20.82,435,0
ESGB.US,D,20240212,000000,20.83,20.84,20.83,20.84,328291,0
ESGB.US,D,20240213,000000,20.76,20.76,20.73,20.73,3920,0
ESGB.US,D,20240214,000000,20.7,20.7,20.69,20.695,932,0
ESGB.US,D,20240215,000000,20.76,20.77,20.76,20.77,111,0
ESGB.US,D,20240216,000000,20.75,20.77,20.75,20.76,1963,0
ESGB.US,D,20240220,000000,20.76,20.76,20.75,20.75,465,0
ESGB.US,D,20240221,000000,20.755,20.755,20.7318,20.7318,395,0
ESGB.US,D,20240222,000000,20.735,20.735,20.735,20.735,714,0
ESGB.US,D,20240223,000000,20.78,20.78,20.7797,20.7797,289,0
ESGB.US,D,20240226,000000,20.81,20.81,20.79,20.79,591,0
ESGB.US,D,20240227,000000,20.775,20.775,20.775,20.775,4,0
ESGB.US,D,20240228,000000,20.775,20.775,20.775,20.775,80,0
ESGB.US,D,20240229,000000,20.825,20.825,20.825,20.825,6,0
ESGB.US,D,20240301,000000,20.7201,20.8029,20.7201,20.8029,300,0
ESGB.US,D,20240304,000000,20.835,20.835,20.835,20.835,2,0
ESGB.US,D,20240305,000000,20.86,20.86,20.86,20.86,4,0
ESGB.US,D,20240306,000000,20.93,20.93,20.93,20.93,3,0
ESGB.US,D,20240307,000000,20.98,20.98,20.98,20.98,15,0
ESGB.US,D,20240308,000000,21,21,21,21,38,0
ESGB.US,D,20240311,000000,21.01,21.02,21.01,21.01,432210,0
ESGB.US,D,20240312,000000,20.96,20.96,20.96,20.96,33,0
ESGB.US,D,20240313,000000,20.93,20.93,20.93,20.93,2900,0
ESGB.US,D,20240314,000000,20.8336,20.8336,20.8336,20.8336,2,0
ESGB.US,D,20240315,000000,20.79,20.8,20.78,20.79,4105,0
ESGB.US,D,20240318,000000,20.8,20.8,20.7803,20.8,5903,0
ESGB.US,D,20240319,000000,20.79,20.82,20.79,20.82,1603,0
ESGB.US,D,20240320,000000,20.855,20.855,20.855,20.855,3,0
ESGB.US,D,20240321,000000,20.855,20.855,20.855,20.855,3,0
ESGB.US,D,20240322,000000,20.92,20.92,20.91,20.91,13499,0
ESGB.US,D,20240325,000000,20.93,20.93,20.93,20.93,30,0
ESGB.US,D,20240326,000000,20.92,20.92,20.91,20.91,851,0
ESGB.US,D,20240327,000000,20.95,20.9661,20.95,20.9661,128,0
ESGB.US,D,20240328,000000,20.995,20.995,20.995,20.995,95,0
ESGB.US,D,20240401,000000,20.85,20.87,20.82,20.87,67564,0
ESGB.US,D,20240402,000000,20.77,20.78,20.77,20.774,503,0
ESGB.US,D,20240403,000000,20.74,20.77,20.74,20.77,4225,0
ESGB.US,D,20240404,000000,20.79,20.8,20.78,20.8,7036,0
ESGB.US,D,20240405,000000,20.78,20.79,20.74,20.75,3305,0
ESGB.US,D,20240408,000000,20.71,20.71,20.71,20.71,58,0
ESGB.US,D,20240409,000000,20.73,20.77,20.73,20.77,315298,0
ESGB.US,D,20240410,000000,20.64,20.65,20.64,20.65,413,0
ESGB.US,D,20240411,000000,20.55,20.55,20.53,20.55,3207,0
ESGB.US,D,20240412,000000,20.58,20.59,20.57,20.57,8124,0
ESGB.US,D,20240415,000000,20.5201,20.53,20.51,20.52,1688,0
ESGB.US,D,20240416,000000,20.43,20.44,20.41,20.41,1144,0
ESGB.US,D,20240417,000000,20.43,20.46,20.43,20.46,752,0
ESGB.US,D,20240418,000000,20.47,20.47,20.465,20.465,200,0
ESGB.US,D,20240419,000000,20.45,20.45,20.44,20.44,635,0
ESGB.US,D,20240422,000000,20.44,20.48,20.44,20.48,2243,0
ESGB.US,D,20240423,000000,20.5,20.51,20.5,20.51,1110,0
ESGB.US,D,20240424,000000,20.471,20.486,20.4701,20.486,1362,0
ESGB.US,D,20240425,000000,20.43,20.43,20.43,20.43,402,0
ESGB.US,D,20240426,000000,20.44,20.44,20.4291,20.4291,2702,0
ESGB.US,D,20240429,000000,20.48,20.5,20.48,20.5,803,0
ESGB.US,D,20240430,000000,20.4738,20.4738,20.4738,20.4738,6,0
ESGB.US,D,20240501,000000,20.398,20.398,20.398,20.398,185,0
ESGB.US,D,20240502,000000,20.48,20.48,20.47,20.47,1841,0
ESGB.US,D,20240503,000000,20.59,20.59,20.55,20.55,771,0
ESGB.US,D,20240506,000000,20.62,20.6309,20.62,20.6309,476,0
ESGB.US,D,20240507,000000,20.678,20.678,20.655,20.655,210,0
ESGB.US,D,20240508,000000,20.66,20.66,20.66,20.66,148,0
ESGB.US,D,20240509,000000,20.65,20.7,20.65,20.7,4556,0
ESGB.US,D,20240510,000000,20.6501,20.6612,20.6501,20.6612,312,0
ESGB.US,D,20240513,000000,20.645,20.645,20.645,20.645,439167,0
ESGB.US,D,20240514,000000,20.685,20.685,20.685,20.685,1,0
ESGB.US,D,20240515,000000,20.79,20.8,20.79,20.8,1503,0
ESGB.US,D,20240516,000000,20.83,20.83,20.83,20.83,6,0
ESGB.US,D,20240517,000000,20.81,20.81,20.8,20.8,370,0
ESGB.US,D,20240520,000000,20.775,20.775,20.775,20.775,43,0
ESGB.US,D,20240521,000000,20.78,20.78,20.78,20.78,4,0
ESGB.US,D,20240522,000000,20.79,20.79,20.77,20.77,3039,0
ESGB.US,D,20240523,000000,20.76,20.76,20.745,20.745,413,0
ESGB.US,D,20240524,000000,20.74,20.74,20.74,20.74,52,0
ESGB.US,D,20240528,000000,20.71,20.71,20.71,20.71,36,0
ESGB.US,D,20240529,000000,20.62,20.62,20.62,20.62,2,0
ESGB.US,D,20240530,000000,20.62,20.62,20.617,20.617,407,0
ESGB.US,D,20240531,000000,20.72,20.72,20.72,20.72,655,0
ESGB.US,D,20240603,000000,20.7,20.71,20.69,20.71,1140,0
ESGB.US,D,20240604,000000,20.8,20.8,20.79,20.8,1138,0
ESGB.US,D,20240605,000000,20.85,20.8587,20.85,20.8587,203,0
ESGB.US,D,20240606,000000,20.8949,20.8949,20.8949,20.8949,115,0
ESGB.US,D,20240607,000000,20.82,20.83,20.79,20.7982,3076,0
ESGB.US,D,20240610,000000,20.7196,20.7196,20.7196,20.7196,16,0
ESGB.US,D,20240611,000000,20.72,20.7274,20.72,20.7274,1774854,0
ESGB.US,D,20240612,000000,20.8318,20.8318,20.8318,20.8318,47,0
ESGB.US,D,20240613,000000,20.9289,20.9289,20.9289,20.9289,4,0
ESGB.US,D,20240614,000000,20.9702,20.9832,20.9702,20.9832,3203,0
ESGB.US,D,20240617,000000,20.9655,21,20.9655,21,787,0
ESGB.US,D,20240618,000000,20.975,20.975,20.975,20.975,79,0
ESGB.US,D,20240620,000000,20.96,20.98,20.79,20.97,25682,0
ESGB.US,D,20240621,000000,20.975,20.975,20.97,20.97,692,0
