<TICKER>,<PER>,<DATE>,<TIME>,<OPEN>,<HIGH>,<LOW>,<CLOSE>,<VOL>,<OPENINT>
FEDL.US,D,20211014,000000,27.123,27.123,27.123,27.123,11,0
FEDL.US,D,20211015,000000,27.66,27.66,27.6035,27.6035,102,0
FEDL.US,D,20211019,000000,31.8705,31.8705,27.8355,27.8355,292,0
FEDL.US,D,20211020,000000,26.45,28.5345,26.45,28.5345,168,0
FEDL.US,D,20211021,000000,28.522,28.522,28.522,28.522,78,0
FEDL.US,D,20211025,000000,28.8174,28.8174,28.8174,28.8174,60,0
FEDL.US,D,20211027,000000,28.01,28.01,27.6636,27.6636,145,0
FEDL.US,D,20211028,000000,28.4207,28.4207,28.4207,28.4207,2,0
FEDL.US,D,20211029,000000,28.1911,28.1911,28.1911,28.1911,4,0
FEDL.US,D,20211101,000000,28.6817,28.6817,28.6817,28.6817,30,0
FEDL.US,D,20211102,000000,28.6997,28.6997,28.6997,28.6997,2,0
FEDL.US,D,20211104,000000,29.34,29.34,28.9376,28.9376,103,0
FEDL.US,D,20211108,000000,29.6379,29.6379,29.6379,29.6379,10,0
FEDL.US,D,20211111,000000,29.728,29.728,29.728,29.728,6,0
FEDL.US,D,20211115,000000,29.9256,29.9256,29.9256,29.9256,2,0
FEDL.US,D,20211116,000000,29.8425,29.8425,29.8425,29.8425,1,0
FEDL.US,D,20211118,000000,29.2176,29.2176,29.2176,29.2176,2,0
FEDL.US,D,20211122,000000,29.5687,29.5687,29.5687,29.5687,25,0
FEDL.US,D,20211203,000000,27.8717,27.8717,27.8717,27.8717,1,0
FEDL.US,D,20211207,000000,29.4165,29.4165,29.4165,29.4165,3,0
FEDL.US,D,20211208,000000,29.3085,29.3085,29.3085,29.3085,1,0
FEDL.US,D,20211209,000000,29.17,29.385,29.15,29.385,10000,0
FEDL.US,D,20211210,000000,29.44,29.49,28.76,29.49,34900,0
FEDL.US,D,20211215,000000,28.765,28.765,28.765,28.765,1,0
FEDL.US,D,20211216,000000,28.95,28.95,28.8189,28.8189,875,0
FEDL.US,D,20211227,000000,30.24,30.3792,30.24,30.3792,100,0
FEDL.US,D,20211228,000000,30.7,30.71,30.2038,30.2038,4454,0
FEDL.US,D,20211229,000000,30.49,30.49,30.13,30.29,39000,0
FEDL.US,D,20211230,000000,30.48,30.48,29.94,30.01,170312,0
FEDL.US,D,20211231,000000,30.07,30.26,29.87,30.04,270500,0
FEDL.US,D,20220103,000000,30.43,30.7,30.23,30.62,274600,0
FEDL.US,D,20220104,000000,31.21,31.68,31.16,31.652,326738,0
FEDL.US,D,20220105,000000,31.65,31.97,30.53,30.56,353338,0
FEDL.US,D,20220106,000000,31.09,31.63,30.57,31.36,214117,0
FEDL.US,D,20220107,000000,31.58,31.91,31.28,31.7053,158603,0
FEDL.US,D,20220110,000000,31.29,31.53,30.47,31.5,97700,0
FEDL.US,D,20220111,000000,31.51,32.52,31.32,32.5,97715,0
FEDL.US,D,20220112,000000,32.72,33.04,32.24,32.63,90612,0
FEDL.US,D,20220113,000000,33.13,33.14,32.15,32.22,89102,0
FEDL.US,D,20220114,000000,32.34,32.88,32,32.8772,37253,0
FEDL.US,D,20220118,000000,32.24,32.72,31.53,31.83,89402,0
FEDL.US,D,20220119,000000,32.38,32.44,31.05,31.05,58184,0
FEDL.US,D,20220120,000000,30.97,32.02,30.13,30.1324,88115,0
FEDL.US,D,20220121,000000,29.54,29.9,28.44,28.5612,89567,0
FEDL.US,D,20220124,000000,26.875,28.9451,26.16,28.9451,3221,0
FEDL.US,D,20220125,000000,28.9988,28.9988,28.9988,28.9988,1,0
FEDL.US,D,20220126,000000,30.17,30.17,28.8775,28.8775,2801,0
FEDL.US,D,20220127,000000,30.28,30.36,28.5,29.011,17905,0
FEDL.US,D,20220128,000000,28.81,29.5506,28.28,29.5506,29702,0
FEDL.US,D,20220131,000000,29.48,30.46,29.48,30.46,110108,0
FEDL.US,D,20220201,000000,30.91,31.77,30.89,31.75,98366,0
FEDL.US,D,20220202,000000,31.48,32.36,31.29,32.26,133361,0
FEDL.US,D,20220203,000000,31.79,32.14,31.32,31.41,143658,0
FEDL.US,D,20220204,000000,32.21,32.69,31.7,32.2841,13163,0
FEDL.US,D,20220207,000000,32.38,32.8236,32.29,32.4027,27705,0
FEDL.US,D,20220208,000000,32.53,32.93,32.06,32.9269,127459,0
FEDL.US,D,20220209,000000,33.48,34.02,33.48,33.8932,109564,0
FEDL.US,D,20220210,000000,34.43,34.7784,33.295,33.4288,11116,0
FEDL.US,D,20220211,000000,33.0391,33.0391,33.0391,33.0391,17,0
FEDL.US,D,20220214,000000,31.92,32.35,31.92,32.2446,2504,0
FEDL.US,D,20220215,000000,32.9372,32.9372,32.9372,32.9372,75,0
FEDL.US,D,20220216,000000,33.2535,33.2535,33.2535,33.2535,130,0
FEDL.US,D,20220217,000000,31.9864,31.9864,31.9864,31.9864,40,0
FEDL.US,D,20220218,000000,31.5965,31.5965,31.5965,31.5965,59,0
FEDL.US,D,20220222,000000,29.38,30.4647,29.38,30.4647,140,0
FEDL.US,D,20220223,000000,29.8554,29.8554,29.8554,29.8554,1,0
FEDL.US,D,20220224,000000,30.1428,30.1428,30.1428,30.1428,112,0
FEDL.US,D,20220225,000000,32.0685,32.0685,32.0685,32.0685,1,0
FEDL.US,D,20220228,000000,32.6031,32.6031,32.6031,32.6031,1,0
FEDL.US,D,20220301,000000,31.6444,31.6444,31.6444,31.6444,41,0
FEDL.US,D,20220302,000000,33.4206,33.4206,33.4206,33.4206,9,0
FEDL.US,D,20220303,000000,33.06,33.06,32.78,32.9952,9138,0
FEDL.US,D,20220304,000000,32.9187,32.9187,32.9187,32.9187,1,0
FEDL.US,D,20220307,000000,30.713,30.713,30.713,30.713,1,0
FEDL.US,D,20220308,000000,30.7065,30.7065,30.7065,30.7065,1,0
FEDL.US,D,20220309,000000,31.9554,31.9554,31.9554,31.9554,1,0
FEDL.US,D,20220310,000000,32.5759,32.5759,32.5759,32.5759,1,0
FEDL.US,D,20220311,000000,31.9245,31.9245,31.9245,31.9245,1,0
FEDL.US,D,20220314,000000,31.0526,31.0526,31.0526,31.0526,11,0
FEDL.US,D,20220315,000000,31.6431,31.6431,31.6431,31.6431,1,0
FEDL.US,D,20220316,000000,32.7725,32.7725,32.7725,32.7725,1,0
FEDL.US,D,20220317,000000,34.1894,34.1894,34.1894,34.1894,1,0
FEDL.US,D,20220318,000000,34.626,34.7084,34.626,34.7084,101,0
FEDL.US,D,20220321,000000,35.4899,35.4899,35.4899,35.4899,1,0
FEDL.US,D,20220322,000000,36.1199,36.1199,35.97,35.9895,504,0
FEDL.US,D,20220323,000000,36.38,36.38,35.5737,35.5737,901,0
FEDL.US,D,20220324,000000,36.33,36.3308,36.33,36.3308,623,0
FEDL.US,D,20220325,000000,36.63,37.0201,36.63,37.0201,382,0
FEDL.US,D,20220328,000000,37.25,37.25,36.19,36.9057,13558,0
FEDL.US,D,20220329,000000,37.7466,37.7466,37.7466,37.7466,83,0
FEDL.US,D,20220330,000000,40.4,40.4,36.8279,36.8279,356,0
FEDL.US,D,20220331,000000,36.03,36.03,35.43,35.4408,320,0
FEDL.US,D,20220401,000000,34.8,34.8,34.8,34.8,7,0
FEDL.US,D,20220404,000000,35.29,35.32,34.99,35.3042,614,0
FEDL.US,D,20220405,000000,34.1088,34.1088,34.1088,34.1088,58,0
FEDL.US,D,20220406,000000,33.3225,33.3225,33.3225,33.3225,1,0
FEDL.US,D,20220407,000000,33.7674,33.7674,33.7674,33.7674,1,0
FEDL.US,D,20220408,000000,33.9785,33.9785,33.9785,33.9785,1,0
FEDL.US,D,20220411,000000,33.94,33.94,33.4343,33.4343,5977,0
FEDL.US,D,20220412,000000,33.2399,33.2399,33.2399,33.2399,31,0
FEDL.US,D,20220413,000000,34.0677,34.0677,34.0677,34.0677,2,0
FEDL.US,D,20220414,000000,33.3006,33.3006,33.3006,33.3006,7,0
FEDL.US,D,20220418,000000,33.5335,33.5335,33.5335,33.5335,102,0
FEDL.US,D,20220419,000000,34.6903,34.6903,34.6903,34.6903,3,0
FEDL.US,D,20220420,000000,35.1791,35.1791,35.1791,35.1791,1,0
FEDL.US,D,20220421,000000,33.7762,33.7762,33.7762,33.7762,199,0
FEDL.US,D,20220422,000000,31.5628,31.5628,31.5628,31.5628,87,0
FEDL.US,D,20220426,000000,30.3679,30.3679,30.3679,30.3679,31,0
FEDL.US,D,20220427,000000,30.68,30.68,30.1956,30.1956,997,0
FEDL.US,D,20220428,000000,31.4881,31.4881,31.4881,31.4881,335,0
FEDL.US,D,20220429,000000,29.2753,29.2753,29.2753,29.2753,4,0
FEDL.US,D,20220502,000000,29.8581,29.8581,29.8581,29.8581,45,0
FEDL.US,D,20220503,000000,30.41,30.4581,30.14,30.4581,619,0
FEDL.US,D,20220504,000000,30.51,32.5239,30.51,32.5239,135,0
FEDL.US,D,20220505,000000,30.0739,30.0739,30.0739,30.0739,52,0
FEDL.US,D,20220506,000000,29.5873,29.5873,29.5873,29.5873,22,0
FEDL.US,D,20220509,000000,27.74,27.74,27.4262,27.4262,161,0
FEDL.US,D,20220510,000000,27.3041,27.3041,27.3041,27.3041,13,0
FEDL.US,D,20220511,000000,26.1611,26.1611,26.1611,26.1611,22,0
FEDL.US,D,20220512,000000,26,26,26,26,404,0
FEDL.US,D,20220513,000000,27.61,27.61,27.61,27.61,600,0
FEDL.US,D,20220516,000000,27.1,27.1,27.0268,27.0268,200,0
FEDL.US,D,20220517,000000,28.8937,28.8937,28.8937,28.8937,22,0
FEDL.US,D,20220518,000000,26.3048,26.3048,26.3048,26.3048,22,0
FEDL.US,D,20220519,000000,26.3307,26.3307,26.3307,26.3307,22,0
FEDL.US,D,20220520,000000,26.15,26.15,26.15,26.15,208,0
FEDL.US,D,20220523,000000,27.6916,27.6916,27.6916,27.6916,22,0
FEDL.US,D,20220524,000000,27.12,27.12,26.9289,26.9289,204,0
FEDL.US,D,20220525,000000,27.9066,27.9066,27.9066,27.9066,72,0
FEDL.US,D,20220526,000000,29.4629,29.4629,29.4629,29.4629,40,0
FEDL.US,D,20220527,000000,30.9092,30.9092,30.9092,30.9092,22,0
FEDL.US,D,20220531,000000,30.5139,30.5139,30.5139,30.5139,1,0
FEDL.US,D,20220601,000000,29.7602,29.7602,29.7602,29.7602,15,0
FEDL.US,D,20220602,000000,30.6724,30.6724,30.6724,30.6724,42,0
FEDL.US,D,20220603,000000,29.6864,29.6864,29.6864,29.6864,22,0
FEDL.US,D,20220606,000000,30.0004,30.0004,30.0004,30.0004,42,0
FEDL.US,D,20220607,000000,30.7437,30.7437,30.7437,30.7437,10,0
FEDL.US,D,20220608,000000,29.7865,29.7865,29.7865,29.7865,2,0
FEDL.US,D,20220609,000000,28.0971,28.0971,28.0971,28.0971,10,0
FEDL.US,D,20220610,000000,25.961,25.961,25.961,25.961,10,0
FEDL.US,D,20220613,000000,23.2719,23.2719,23.2719,23.2719,10,0
FEDL.US,D,20220614,000000,23.3378,23.3378,23.3378,23.3378,5,0
FEDL.US,D,20220615,000000,23.85,24.1231,23.85,24.1231,165,0
FEDL.US,D,20220616,000000,21.9115,21.9115,21.9115,21.9115,7,0
FEDL.US,D,20220617,000000,22.2887,22.2887,22.2887,22.2887,5,0
FEDL.US,D,20220621,000000,23.7824,23.7824,23.7824,23.7824,5,0
FEDL.US,D,20220622,000000,23.6539,23.6539,23.6539,23.6539,30,0
FEDL.US,D,20220623,000000,23.5965,23.5965,23.5965,23.5965,5,0
FEDL.US,D,20220624,000000,25.526,25.526,25.526,25.526,12,0
FEDL.US,D,20220627,000000,25.4465,25.4465,25.4465,25.4465,15,0
FEDL.US,D,20220628,000000,24.6321,24.6321,24.6321,24.6321,1,0
FEDL.US,D,20220629,000000,24.2611,24.2611,24.2611,24.2611,25,0
FEDL.US,D,20220630,000000,23.39,23.39,23.39,23.39,201,0
FEDL.US,D,20220701,000000,23.82,23.82,23.8163,23.8163,203,0
FEDL.US,D,20220705,000000,23.7629,23.7629,23.7629,23.7629,5,0
FEDL.US,D,20220706,000000,23.7558,23.7558,23.7558,23.7558,5,0
FEDL.US,D,20220707,000000,25.0955,25.0955,25.0955,25.0955,5,0
FEDL.US,D,20220708,000000,25.2059,25.2059,25.2059,25.2059,5,0
FEDL.US,D,20220711,000000,24.4214,24.4214,24.4214,24.4214,5,0
FEDL.US,D,20220712,000000,24.2056,24.2056,24.2056,24.2056,5,0
FEDL.US,D,20220713,000000,23.7883,23.7883,23.7883,23.7883,5,0
FEDL.US,D,20220714,000000,23.01,23.127,23.01,23.127,622,0
FEDL.US,D,20220715,000000,24.7799,24.821,24.7799,24.821,202,0
FEDL.US,D,20220718,000000,25.49,25.49,24.7172,24.7172,607,0
FEDL.US,D,20220719,000000,26.3313,26.3313,26.3313,26.3313,3,0
FEDL.US,D,20220720,000000,26.509,26.509,26.509,26.509,1,0
FEDL.US,D,20220721,000000,26.735,26.8832,26.735,26.8832,145,0
FEDL.US,D,20220722,000000,26.3125,26.3125,26.3125,26.3125,430,0
FEDL.US,D,20220725,000000,26.5915,26.5915,26.5915,26.5915,1,0
FEDL.US,D,20220726,000000,25.7522,25.7522,25.7522,25.7522,1,0
FEDL.US,D,20220727,000000,26.8424,26.8424,26.8424,26.8424,2,0
FEDL.US,D,20220728,000000,27.3203,27.3203,27.3203,27.3203,1,0
FEDL.US,D,20220729,000000,28.1214,28.1214,28.1214,28.1214,2,0
FEDL.US,D,20220801,000000,28.0717,28.0717,28.0717,28.0717,106,0
FEDL.US,D,20220802,000000,27.6379,27.6379,27.6379,27.6379,1,0
FEDL.US,D,20220803,000000,28.8149,28.8149,28.8149,28.8149,1,0
FEDL.US,D,20220804,000000,28.4969,28.4969,28.4969,28.4969,1,0
FEDL.US,D,20220805,000000,28.7328,28.7328,28.7328,28.7328,1,0
FEDL.US,D,20220808,000000,28.6141,28.6141,28.6141,28.6141,26,0
FEDL.US,D,20220809,000000,28.1089,28.1089,28.1089,28.1089,48,0
FEDL.US,D,20220810,000000,29.5297,29.5297,29.5297,29.5297,1,0
FEDL.US,D,20220811,000000,29.859,29.859,29.859,29.859,1,0
FEDL.US,D,20220812,000000,30.76,30.76,30.76,30.76,249,0
FEDL.US,D,20220815,000000,30.8292,30.8292,30.8292,30.8292,1,0
FEDL.US,D,20220816,000000,30.9043,30.9043,30.9043,30.9043,1,0
FEDL.US,D,20220817,000000,30.2843,30.2843,30.2843,30.2843,1,0
FEDL.US,D,20220818,000000,30.401,30.401,30.401,30.401,1,0
FEDL.US,D,20220819,000000,29.5132,29.5132,29.5132,29.5132,1,0
FEDL.US,D,20220822,000000,28.3757,28.3757,28.3757,28.3757,5,0
FEDL.US,D,20220823,000000,28.5317,28.5317,28.5317,28.5317,3,0
FEDL.US,D,20220824,000000,28.6591,28.6591,28.6591,28.6591,1,0
FEDL.US,D,20220825,000000,29.2,29.5862,29.2,29.5862,460,0
FEDL.US,D,20220826,000000,27.8288,27.8288,27.8288,27.8288,1,0
FEDL.US,D,20220829,000000,27.4893,27.4893,27.4893,27.4893,2,0
FEDL.US,D,20220830,000000,26.9916,26.9916,26.9916,26.9916,1,0
FEDL.US,D,20220831,000000,26.854,26.854,26.6541,26.6541,100,0
FEDL.US,D,20220901,000000,26.323,26.323,26.323,26.323,29,0
FEDL.US,D,20220902,000000,26.0884,26.0884,26.0884,26.0884,1,0
FEDL.US,D,20220906,000000,25.6318,25.6318,25.6318,25.6318,1,0
FEDL.US,D,20220907,000000,26.5265,26.5265,26.5265,26.5265,1,0
FEDL.US,D,20220908,000000,26.23,27.35,26.23,27.35,568,0
FEDL.US,D,20220909,000000,28.1758,28.1758,28.1758,28.1758,63,0
FEDL.US,D,20220912,000000,28.4901,28.4901,28.4901,28.4901,7,0
FEDL.US,D,20220913,000000,26.23,26.334,26.23,26.334,1,0
FEDL.US,D,20220914,000000,26.1449,26.1449,26.1449,26.1449,60,0
FEDL.US,D,20220915,000000,26.39,26.39,26.2537,26.2537,101,0
FEDL.US,D,20220916,000000,25.8182,25.8182,25.8182,25.8182,1,0
FEDL.US,D,20220919,000000,26.1724,26.1724,26.1724,26.1724,1,0
FEDL.US,D,20220920,000000,25.432,25.432,25.432,25.432,1,0
FEDL.US,D,20220921,000000,24.6184,24.6184,24.6184,24.6184,1,0
FEDL.US,D,20220922,000000,23.9396,23.9396,23.9396,23.9396,1,0
FEDL.US,D,20220923,000000,22.8,22.8081,22.8,22.8081,101,0
FEDL.US,D,20220926,000000,22.2348,22.2348,22.2348,22.2348,1,0
FEDL.US,D,20220927,000000,22.2512,22.2512,22.2512,22.2512,1,0
FEDL.US,D,20220928,000000,23.345,23.345,23.345,23.345,1,0
FEDL.US,D,20220929,000000,22.4364,22.4364,22.4364,22.4364,1,0
FEDL.US,D,20220930,000000,21.8842,21.8842,21.8842,21.8842,1,0
FEDL.US,D,20221003,000000,23.2347,23.2347,23.2347,23.2347,1,0
FEDL.US,D,20221004,000000,24.9694,24.9694,24.9694,24.9694,4,0
FEDL.US,D,20221005,000000,24.88,24.88,24.844,24.8626,536,0
FEDL.US,D,20221006,000000,24.705,24.705,24.4392,24.4392,171,0
FEDL.US,D,20221007,000000,23.0022,23.0022,23.0022,23.0022,21,0
FEDL.US,D,20221010,000000,22.48,22.48,22.4731,22.4731,391,0
FEDL.US,D,20221011,000000,21.7617,21.7617,21.7617,21.7617,1,0
FEDL.US,D,20221012,000000,21.7263,21.7263,21.7263,21.7263,1,0
FEDL.US,D,20221013,000000,23.1017,23.1017,23.1017,23.1017,1,0
FEDL.US,D,20221014,000000,22.157,22.157,22.157,22.157,1,0
FEDL.US,D,20221017,000000,23.0723,23.0723,23.0723,23.0723,1,0
FEDL.US,D,20221018,000000,23.69,23.69,23.69,23.69,200,0
FEDL.US,D,20221019,000000,23.23,23.23,23.1987,23.1987,200,0
FEDL.US,D,20221020,000000,23.0849,23.0849,23.0849,23.0849,1,0
FEDL.US,D,20221021,000000,24.4959,24.4959,24.4959,24.4959,1,0
FEDL.US,D,20221024,000000,25.0117,25.0117,25.0117,25.0117,2,0
FEDL.US,D,20221025,000000,25.8077,25.8077,25.8077,25.8077,1,0
FEDL.US,D,20221026,000000,26.0565,26.0565,26.0565,26.0565,1,0
FEDL.US,D,20221027,000000,26.1237,26.1237,26.1237,26.1237,1,0
FEDL.US,D,20221028,000000,27.2455,27.2455,27.2455,27.2455,1,0
FEDL.US,D,20221031,000000,27.0762,27.0762,27.0762,27.0762,1,0
FEDL.US,D,20221101,000000,27.4207,27.4207,27.4207,27.4207,1,0
FEDL.US,D,20221102,000000,26.4602,26.4602,26.4602,26.4602,1,0
FEDL.US,D,20221103,000000,26.006,26.006,26.006,26.006,1,0
FEDL.US,D,20221104,000000,26.8116,26.8116,26.8116,26.8116,1,0
FEDL.US,D,20221107,000000,27.3278,27.3278,27.3278,27.3278,1,0
FEDL.US,D,20221108,000000,27.7723,27.7723,27.7723,27.7723,1,0
FEDL.US,D,20221109,000000,26.8036,26.8036,26.8036,26.8036,5,0
FEDL.US,D,20221110,000000,29.2482,29.2482,29.2482,29.2482,5,0
FEDL.US,D,20221111,000000,29.6,29.6777,29.6,29.6777,606,0
FEDL.US,D,20221114,000000,29.1289,29.1289,29.1289,29.1289,1,0
FEDL.US,D,20221115,000000,29.2823,29.2823,29.2823,29.2823,1,0
FEDL.US,D,20221116,000000,28.7335,28.7335,28.7335,28.7335,2,0
FEDL.US,D,20221117,000000,28.561,28.561,28.561,28.561,1,0
FEDL.US,D,20221118,000000,28.9965,28.9965,28.9965,28.9965,1,0
FEDL.US,D,20221121,000000,28.8149,28.8149,28.8149,28.8149,1,0
FEDL.US,D,20221122,000000,29.5964,29.5964,29.5964,29.5964,4,0
FEDL.US,D,20221123,000000,29.7739,29.7739,29.7739,29.7739,1,0
FEDL.US,D,20221125,000000,29.8173,29.8173,29.8173,29.8173,1,0
FEDL.US,D,20221128,000000,28.9731,28.9731,28.9731,28.9731,3,0
FEDL.US,D,20221129,000000,29.1542,29.1542,29.1542,29.1542,1,0
FEDL.US,D,20221130,000000,30.2863,30.2863,30.2863,30.2863,1,0
FEDL.US,D,20221201,000000,30.0951,30.0951,30.0951,30.0951,6,0
FEDL.US,D,20221202,000000,29.8203,29.8203,29.8203,29.8203,1,0
FEDL.US,D,20221205,000000,28.6991,28.6991,28.6991,28.6991,1,0
FEDL.US,D,20221206,000000,28.2899,28.29,28.08,28.0982,302,0
FEDL.US,D,20221207,000000,28.1362,28.1362,28.1362,28.1362,6,0
FEDL.US,D,20221208,000000,28.4597,28.4597,28.4597,28.4597,1,0
FEDL.US,D,20221209,000000,28.0944,28.0944,28.0944,28.0944,6,0
FEDL.US,D,20221212,000000,28.8022,28.8022,28.8022,28.8022,1,0
FEDL.US,D,20221213,000000,29.1448,29.1448,29.1448,29.1448,1,0
FEDL.US,D,20221214,000000,28.8016,28.8016,28.8016,28.8016,1,0
FEDL.US,D,20221215,000000,27.4284,27.4284,27.4284,27.4284,41,0
FEDL.US,D,20221216,000000,26.9731,26.9731,26.9731,26.9731,2,0
FEDL.US,D,20221219,000000,26.5801,26.5801,26.5801,26.5801,90,0
FEDL.US,D,20221220,000000,26.7382,26.7382,26.7382,26.7382,1,0
FEDL.US,D,20221221,000000,27.3852,27.3852,27.3852,27.3852,8,0
FEDL.US,D,20221222,000000,26.623,26.623,26.623,26.623,1,0
FEDL.US,D,20221223,000000,26.7624,26.7624,26.7624,26.7624,1,0
FEDL.US,D,20221227,000000,26.4773,26.4773,26.4773,26.4773,1,0
FEDL.US,D,20221228,000000,26.0631,26.0631,26.0631,26.0631,1,0
FEDL.US,D,20221229,000000,26.7897,26.7897,26.7897,26.7897,1,0
FEDL.US,D,20221230,000000,26.7172,26.7172,26.7172,26.7172,1,0
FEDL.US,D,20230103,000000,26.5402,26.5402,26.5402,26.5402,1,0
FEDL.US,D,20230104,000000,26.8714,26.8714,26.8714,26.8714,1,0
FEDL.US,D,20230105,000000,26.518,26.518,26.518,26.518,1,0
FEDL.US,D,20230106,000000,27.6647,27.6647,27.6647,27.6647,1,0
FEDL.US,D,20230109,000000,27.7025,27.7025,27.7025,27.7025,1,0
FEDL.US,D,20230110,000000,28.0641,28.0641,28.0641,28.0641,1,0
FEDL.US,D,20230111,000000,28.5307,28.5307,28.5307,28.5307,1,0
FEDL.US,D,20230112,000000,28.7326,28.7326,28.7326,28.7326,1,0
FEDL.US,D,20230113,000000,29.1127,29.1127,29.1127,29.1127,2,0
FEDL.US,D,20230117,000000,28.8928,28.8928,28.8928,28.8928,1,0
FEDL.US,D,20230118,000000,28.1116,28.1116,28.1116,28.1116,1,0
FEDL.US,D,20230119,000000,27.652,27.652,27.652,27.652,80,0
FEDL.US,D,20230120,000000,28.617,28.617,28.617,28.617,1,0
FEDL.US,D,20230123,000000,29.4035,29.4035,29.4035,29.4035,3,0
FEDL.US,D,20230124,000000,29.5013,29.5013,29.5013,29.5013,43,0
FEDL.US,D,20230125,000000,29.8039,29.8039,29.8039,29.8039,2,0
FEDL.US,D,20230126,000000,30.4417,30.4417,30.4417,30.4417,2,0
FEDL.US,D,20230127,000000,30.1116,30.1116,30.1116,30.1116,2,0
FEDL.US,D,20230130,000000,29.4636,29.4636,29.4636,29.4636,2,0
FEDL.US,D,20230131,000000,30.3526,30.3526,30.3526,30.3526,2,0
FEDL.US,D,20230201,000000,30.8409,30.8409,30.8409,30.8409,2,0
FEDL.US,D,20230202,000000,31.085,31.085,31.085,31.085,2,0
FEDL.US,D,20230203,000000,30.5225,30.5225,30.5225,30.5225,2,0
FEDL.US,D,20230206,000000,30.0601,30.0601,30.0601,30.0601,2,0
FEDL.US,D,20230207,000000,30.8532,30.8532,30.8532,30.8532,11,0
FEDL.US,D,20230208,000000,30.93,30.93,30.5381,30.5381,453,0
FEDL.US,D,20230209,000000,30.9,30.9,30.0332,30.0332,262,0
FEDL.US,D,20230210,000000,30.2201,30.2201,30.2201,30.2201,2,0
FEDL.US,D,20230213,000000,30.8022,30.8022,30.8022,30.8022,2,0
FEDL.US,D,20230214,000000,30.9,31.0571,30.9,31.0571,1,0
FEDL.US,D,20230215,000000,31.1203,31.1203,31.1203,31.1203,6,0
FEDL.US,D,20230216,000000,30.4437,30.4437,30.4437,30.4437,1,0
FEDL.US,D,20230217,000000,29.81,30.2949,29.81,30.2949,1459,0
FEDL.US,D,20230221,000000,28.9789,28.9789,28.9789,28.9789,1,0
FEDL.US,D,20230222,000000,28.9709,28.9709,28.9709,28.9709,2,0
FEDL.US,D,20230223,000000,29.1923,29.1923,29.1923,29.1923,1,0
FEDL.US,D,20230224,000000,28.6806,28.6806,28.6806,28.6806,2,0
FEDL.US,D,20230227,000000,28.816,28.816,28.816,28.816,2,0
FEDL.US,D,20230228,000000,28.8128,28.8128,28.8128,28.8128,2,0
FEDL.US,D,20230301,000000,29.81,29.81,28.7485,28.7485,2,0
FEDL.US,D,20230302,000000,28.744,28.744,28.744,28.744,2,0
FEDL.US,D,20230303,000000,29.565,29.565,29.565,29.565,3,0
FEDL.US,D,20230306,000000,29.4079,29.4079,29.4079,29.4079,2,0
FEDL.US,D,20230307,000000,28.1936,28.1936,28.1936,28.1936,1,0
FEDL.US,D,20230308,000000,28.3255,28.3255,28.3255,28.3255,1,0
FEDL.US,D,20230309,000000,26.5808,26.5808,26.5808,26.5808,1,0
FEDL.US,D,20230310,000000,25.5461,25.5461,25.5461,25.5461,1,0
FEDL.US,D,20230313,000000,29.81,29.81,24.4794,24.4794,1,0
FEDL.US,D,20230314,000000,25.3788,25.3788,25.3788,25.3788,1,0
FEDL.US,D,20230315,000000,24.2415,24.2415,24.2415,24.2415,2,0
FEDL.US,D,20230316,000000,25.3496,25.3496,25.3496,25.3496,1,0
FEDL.US,D,20230317,000000,24.3615,24.3615,24.3615,24.3615,1,0
FEDL.US,D,20230320,000000,24.9352,24.9352,24.9352,24.9352,1,0
FEDL.US,D,20230321,000000,25.9165,25.9165,25.9165,25.9165,2,0
FEDL.US,D,20230322,000000,25.65,25.65,24.834,24.834,100,0
FEDL.US,D,20230323,000000,24.575,24.575,24.575,24.575,3,0
FEDL.US,D,20230324,000000,24.3749,24.3749,24.3749,24.3749,1,0
FEDL.US,D,20230327,000000,24.9733,24.9733,24.9733,24.9733,1,0
FEDL.US,D,20230328,000000,24.7482,24.7482,24.7482,24.7482,1,0
FEDL.US,D,20230329,000000,25.5933,25.5933,25.5933,25.5933,1,0
FEDL.US,D,20230330,000000,25.8599,25.8599,25.8599,25.8599,1,0
FEDL.US,D,20230331,000000,26.5023,26.5023,26.5023,26.5023,1,0
FEDL.US,D,20230403,000000,26.7728,26.7728,26.7728,26.7728,1,0
FEDL.US,D,20230404,000000,25.9379,25.9379,25.9379,25.9379,1,0
FEDL.US,D,20230405,000000,25.8255,25.8255,25.8255,25.8255,1,0
FEDL.US,D,20230406,000000,25.8177,25.8177,25.8177,25.8177,1,0
FEDL.US,D,20230410,000000,26.2253,26.2253,26.2253,26.2253,3,0
FEDL.US,D,20230411,000000,26.73,26.7301,26.5,26.6335,6512,0
FEDL.US,D,20230412,000000,26.3348,26.3348,26.3348,26.3348,1,0
FEDL.US,D,20230413,000000,26.8193,26.8193,26.8193,26.8193,1,0
FEDL.US,D,20230414,000000,27.0344,27.0344,27.0344,27.0344,1,0
FEDL.US,D,20230417,000000,27.124,27.124,27.124,27.124,2,0
FEDL.US,D,20230418,000000,27.2918,27.2918,27.2918,27.2918,1,0
FEDL.US,D,20230419,000000,26.655,26.8219,26.58,26.8219,592,0
FEDL.US,D,20230420,000000,26.764,26.764,26.764,26.764,1,0
FEDL.US,D,20230421,000000,26.5379,26.5379,26.5379,26.5379,1,0
FEDL.US,D,20230424,000000,26.6408,26.6408,26.6408,26.6408,2,0
FEDL.US,D,20230425,000000,25.5439,25.5439,25.5439,25.5439,1,0
FEDL.US,D,20230426,000000,25.1299,25.1299,25.1299,25.1299,1,0
FEDL.US,D,20230427,000000,25.9812,25.9812,25.9812,25.9812,1,0
FEDL.US,D,20230428,000000,26.3919,26.3919,26.3919,26.3919,1,0
FEDL.US,D,20230501,000000,26.3657,26.3657,26.3657,26.3657,1,0
FEDL.US,D,20230502,000000,25.18,25.3811,25.18,25.3811,102,0
FEDL.US,D,20230503,000000,24.7246,24.7246,24.7246,24.7246,1,0
FEDL.US,D,20230504,000000,24.01,24.0214,24,24.0214,3047,0
FEDL.US,D,20230505,000000,25.3837,25.3837,25.3837,25.3837,1,0
FEDL.US,D,20230508,000000,25.4447,25.4447,25.4447,25.4447,1,0
FEDL.US,D,20230509,000000,25.3682,25.3682,25.3682,25.3682,1,0
FEDL.US,D,20230510,000000,25.3584,25.3584,25.3584,25.3584,1,0
FEDL.US,D,20230511,000000,25.1522,25.1522,25.1522,25.1522,1,0
FEDL.US,D,20230512,000000,24.9917,24.9917,24.9917,24.9917,1,0
FEDL.US,D,20230515,000000,25.5972,25.5972,25.5972,25.5972,2,0
FEDL.US,D,20230516,000000,25.1057,25.1057,25.1057,25.1057,1,0
FEDL.US,D,20230517,000000,26.2513,26.2513,26.2513,26.2513,1,0
FEDL.US,D,20230518,000000,26.6345,26.6345,26.6345,26.6345,2,0
FEDL.US,D,20230519,000000,26.3437,26.3437,26.3437,26.3437,1,0
FEDL.US,D,20230522,000000,26.406,26.406,26.406,26.406,1,0
FEDL.US,D,20230523,000000,25.965,25.965,25.965,25.965,1,0
FEDL.US,D,20230524,000000,25.4055,25.4055,25.4055,25.4055,1,0
FEDL.US,D,20230525,000000,25.9916,25.9916,25.9916,25.9916,1,0
FEDL.US,D,20230526,000000,26.7297,26.7297,26.7297,26.7297,1,0
FEDL.US,D,20230530,000000,26.7051,26.7051,26.7051,26.7051,1,0
FEDL.US,D,20230531,000000,26.0227,26.0227,26.0227,26.0227,1,0
FEDL.US,D,20230601,000000,26.5148,26.5148,26.5148,26.5148,1,0
FEDL.US,D,20230602,000000,27.7377,27.7377,27.7377,27.7377,1,0
FEDL.US,D,20230605,000000,27.7202,27.7202,27.7202,27.7202,3,0
FEDL.US,D,20230606,000000,28.098,28.098,28.098,28.098,1,0
FEDL.US,D,20230607,000000,28.2824,28.2824,28.2824,28.2824,1,0
FEDL.US,D,20230608,000000,28.4934,28.4934,28.4934,28.4934,1,0
FEDL.US,D,20230609,000000,28.4249,28.4249,28.4249,28.4249,1,0
FEDL.US,D,20230612,000000,28.8464,28.8464,28.8464,28.8464,1,0
FEDL.US,D,20230613,000000,29.2466,29.2466,29.2466,29.2466,3,0
FEDL.US,D,20230614,000000,28.7325,28.7325,28.7325,28.7325,2,0
FEDL.US,D,20230615,000000,29.4099,29.4099,29.4099,29.4099,2,0
FEDL.US,D,20230616,000000,29.0908,29.0908,29.0908,29.0908,2,0
FEDL.US,D,20230620,000000,28.5316,28.5316,28.5316,28.5316,2,0
FEDL.US,D,20230621,000000,28.4021,28.4021,28.4021,28.4021,1,0
FEDL.US,D,20230622,000000,28.5428,28.5428,28.5428,28.5428,1,0
FEDL.US,D,20230623,000000,28.1349,28.1349,28.1349,28.1349,1,0
FEDL.US,D,20230626,000000,28.2874,28.2874,28.2874,28.2874,1,0
FEDL.US,D,20230627,000000,29.0231,29.0231,29.0231,29.0231,1,0
FEDL.US,D,20230628,000000,29.0672,29.0672,29.0672,29.0672,1,0
FEDL.US,D,20230629,000000,29.3499,29.3499,29.3499,29.3499,1,0
FEDL.US,D,20230630,000000,29.9212,29.9212,29.9212,29.9212,2,0
FEDL.US,D,20230703,000000,29.9059,29.9059,29.9059,29.9059,1,0
FEDL.US,D,20230705,000000,29.6043,29.6043,29.6043,29.6043,1,0
FEDL.US,D,20230706,000000,28.74,28.74,28.61,28.61,200,0
FEDL.US,D,20230707,000000,28.97,28.97,28.6839,28.6839,788,0
FEDL.US,D,20230710,000000,29.2786,29.2786,29.2786,29.2786,3,0
FEDL.US,D,20230711,000000,29.9289,29.9289,29.9289,29.9289,63,0
FEDL.US,D,20230712,000000,29.9034,29.9034,29.9034,29.9034,3,0
FEDL.US,D,20230713,000000,30.3396,30.3396,30.3396,30.3396,3,0
FEDL.US,D,20230714,000000,30.02,30.049,30.02,30.049,971,0
FEDL.US,D,20230717,000000,30.84,30.84,30.809,30.809,350,0
FEDL.US,D,20230718,000000,31.2263,31.2263,31.2263,31.2263,3,0
FEDL.US,D,20230719,000000,31.2661,31.2661,31.2661,31.2661,33,0
FEDL.US,D,20230720,000000,30.8797,30.8797,30.8797,30.8797,5,0
FEDL.US,D,20230721,000000,31.147,31.147,31.147,31.147,3,0
FEDL.US,D,20230724,000000,31.1875,31.1875,31.1875,31.1875,11,0
FEDL.US,D,20230725,000000,31.4967,31.4967,31.4967,31.4967,33,0
FEDL.US,D,20230726,000000,31.2314,31.2314,31.2314,31.2314,3,0
FEDL.US,D,20230727,000000,31.2449,31.2449,31.2449,31.2449,3,0
FEDL.US,D,20230728,000000,31.55,31.6521,31.54,31.6521,1138,0
FEDL.US,D,20230731,000000,31.9884,31.9884,31.9884,31.9884,304,0
FEDL.US,D,20230801,000000,32.1156,32.1156,32.1156,32.1156,3,0
FEDL.US,D,20230802,000000,31.23,31.23,31.03,31.03,200,0
FEDL.US,D,20230803,000000,31.3579,31.3579,31.3579,31.3579,3,0
FEDL.US,D,20230804,000000,30.8982,30.8982,30.8982,30.8982,3,0
FEDL.US,D,20230807,000000,31.6636,31.6636,31.6636,31.6636,3,0
FEDL.US,D,20230808,000000,31.3228,31.3228,31.3228,31.3228,3,0
FEDL.US,D,20230809,000000,31.0616,31.0616,31.0616,31.0616,3,0
FEDL.US,D,20230810,000000,31.1906,31.1906,31.1906,31.1906,3,0
FEDL.US,D,20230815,000000,30.5824,30.5824,30.5824,30.5824,3,0
FEDL.US,D,20230816,000000,29.9628,29.9628,29.9628,29.9628,3,0
FEDL.US,D,20230817,000000,29.502,29.502,29.502,29.502,3,0
FEDL.US,D,20230818,000000,29.6229,29.6229,29.6229,29.6229,3,0
FEDL.US,D,20230821,000000,30.2322,30.2322,30.2322,30.2322,3,0
FEDL.US,D,20230822,000000,29.9314,29.9314,29.9314,29.9314,3,0
FEDL.US,D,20230823,000000,30.0045,30.0045,30.0045,30.0045,3,0
FEDL.US,D,20230824,000000,29.1959,29.1959,29.1959,29.1959,3,0
FEDL.US,D,20230825,000000,29.5472,29.5472,29.5472,29.5472,3,0
FEDL.US,D,20230828,000000,29.896,29.896,29.896,29.896,3,0
FEDL.US,D,20230829,000000,30.7002,30.7002,30.7002,30.7002,3,0
FEDL.US,D,20230830,000000,30.98,31.015,30.98,31.015,702,0
FEDL.US,D,20230831,000000,30.9393,30.9393,30.9393,30.9393,3,0
FEDL.US,D,20230901,000000,31.6079,31.6079,31.6079,31.6079,3,0
FEDL.US,D,20230905,000000,31.4378,31.4378,31.4378,31.4378,3,0
FEDL.US,D,20230906,000000,31.3754,31.3754,31.3754,31.3754,1,0
FEDL.US,D,20230907,000000,31.266,31.266,31.266,31.266,3,0
FEDL.US,D,20230908,000000,31.4659,31.4659,31.4659,31.4659,3,0
FEDL.US,D,20230911,000000,31.5548,31.5548,31.5548,31.5548,1,0
FEDL.US,D,20230912,000000,31.4167,31.4167,31.4167,31.4167,3,0
FEDL.US,D,20230913,000000,31.223,31.223,31.223,31.223,3,0
FEDL.US,D,20230914,000000,31.6753,31.6753,31.6753,31.6753,3,0
FEDL.US,D,20230915,000000,30.7015,30.7015,30.7015,30.7015,1,0
FEDL.US,D,20230918,000000,30.7328,30.7328,30.7328,30.7328,3,0
FEDL.US,D,20230919,000000,30.5564,30.5564,30.5564,30.5564,3,0
FEDL.US,D,20230920,000000,30.3235,30.3235,30.3235,30.3235,3,0
FEDL.US,D,20230921,000000,29.4711,29.4711,29.4711,29.4711,3,0
FEDL.US,D,20230922,000000,29.4872,29.4872,29.4872,29.4872,3,0
FEDL.US,D,20230925,000000,29.7815,29.7815,29.7815,29.7815,3,0
FEDL.US,D,20230926,000000,29.0349,29.0349,29.0349,29.0349,3,0
FEDL.US,D,20230927,000000,29.3,29.3989,29.3,29.3989,497,0
FEDL.US,D,20230928,000000,30.0625,30.0625,30.0625,30.0625,3,0
FEDL.US,D,20230929,000000,29.6515,29.6515,29.6515,29.6515,3,0
FEDL.US,D,20231002,000000,29.429,29.429,29.429,29.429,1,0
FEDL.US,D,20231003,000000,28.3468,28.3468,28.3468,28.3468,1,0
FEDL.US,D,20231004,000000,28.5272,28.5272,28.5272,28.5272,3,0
FEDL.US,D,20231005,000000,28.3564,28.3564,28.3564,28.3564,3,0
FEDL.US,D,20231006,000000,29.0657,29.0657,29.0657,29.0657,3,0
FEDL.US,D,20231009,000000,29.5647,29.5647,29.5647,29.5647,3,0
FEDL.US,D,20231010,000000,30.1029,30.1029,30.1029,30.1029,3,0
FEDL.US,D,20231011,000000,30.0293,30.0293,30.0293,30.0293,3,0
FEDL.US,D,20231012,000000,29.578,29.578,29.578,29.578,3,0
FEDL.US,D,20231013,000000,29.5496,29.5496,29.5496,29.5496,3,0
FEDL.US,D,20231016,000000,30.227,30.227,30.227,30.227,3,0
FEDL.US,D,20231018,000000,29.8918,29.8918,29.8918,29.8918,1,0
FEDL.US,D,20231019,000000,28.8991,28.8991,28.8991,28.8991,1,0
FEDL.US,D,20231020,000000,27.961,27.961,27.961,27.961,3,0
FEDL.US,D,20231023,000000,27.6256,27.6256,27.6256,27.6256,3,0
FEDL.US,D,20231024,000000,27.9741,27.9741,27.9741,27.9741,3,0
FEDL.US,D,20231025,000000,27.1729,27.1729,27.1729,27.1729,3,0
FEDL.US,D,20231026,000000,26.7366,26.7366,26.7366,26.7366,3,0
FEDL.US,D,20231027,000000,26.4676,26.4676,26.4676,26.4676,1,0
FEDL.US,D,20231030,000000,26.8369,26.8369,26.8369,26.8369,2,0
FEDL.US,D,20231031,000000,27.7403,27.7403,27.7403,27.7403,3,0
FEDL.US,D,20231101,000000,28.208,28.208,28.208,28.208,17,0
FEDL.US,D,20231102,000000,29.3345,29.3345,29.3345,29.3345,3,0
FEDL.US,D,20231103,000000,29.8667,29.8667,29.8667,29.8667,3,0
FEDL.US,D,20231106,000000,29.7845,29.7845,29.7845,29.7845,3,0
FEDL.US,D,20231107,000000,29.7775,29.7775,29.7775,29.7775,3,0
FEDL.US,D,20231108,000000,29.6176,29.6176,29.6176,29.6176,3,0
FEDL.US,D,20231109,000000,29.1327,29.1327,29.1327,29.1327,3,0
FEDL.US,D,20231110,000000,30.0014,30.0014,30.0014,30.0014,3,0
FEDL.US,D,20231113,000000,30.1149,30.1149,30.1149,30.1149,1,0
FEDL.US,D,20231114,000000,31.3572,31.3572,31.3572,31.3572,2,0
FEDL.US,D,20231115,000000,31.291,31.291,31.291,31.291,1,0
FEDL.US,D,20231116,000000,30.7901,30.7901,30.7901,30.7901,1,0
FEDL.US,D,20231117,000000,31.1872,31.1872,31.1872,31.1872,1,0
FEDL.US,D,20231120,000000,31.7459,31.7459,31.7459,31.7459,1,0
FEDL.US,D,20231121,000000,31.5827,31.5827,31.5827,31.5827,1,0
FEDL.US,D,20231122,000000,31.9211,31.9211,31.9211,31.9211,1,0
FEDL.US,D,20231124,000000,32.0558,32.0558,32.0558,32.0558,1,0
FEDL.US,D,20231127,000000,32.0429,32.0429,32.0429,32.0429,403,0
FEDL.US,D,20231128,000000,31.9421,31.9421,31.9421,31.9421,1,0
FEDL.US,D,20231129,000000,32.1136,32.1136,32.1136,32.1136,1,0
FEDL.US,D,20231130,000000,32.7131,32.7131,32.7131,32.7131,1,0
FEDL.US,D,20231201,000000,33.2576,33.2576,33.2576,33.2576,1,0
FEDL.US,D,20231204,000000,32.8329,32.8329,32.8329,32.8329,8,0
FEDL.US,D,20231205,000000,32.4938,32.4938,32.4938,32.4938,3,0
FEDL.US,D,20231206,000000,32.0384,32.0384,32.0384,32.0384,2,0
FEDL.US,D,20231207,000000,32.4718,32.4718,32.4718,32.4718,1,0
FEDL.US,D,20231208,000000,32.8193,32.8193,32.8193,32.8193,1,0
FEDL.US,D,20231211,000000,33.738,33.738,33.738,33.738,1,0
FEDL.US,D,20231212,000000,33.74,33.8877,33.68,33.8877,4758,0
FEDL.US,D,20231213,000000,34.8821,34.8821,34.8821,34.8821,1,0
FEDL.US,D,20231214,000000,35.6617,35.6617,35.6617,35.6617,1,0
FEDL.US,D,20231215,000000,35.582,35.582,35.582,35.582,1,0
FEDL.US,D,20231218,000000,35.7128,35.7128,35.7128,35.7128,1,0
FEDL.US,D,20231219,000000,36.2418,36.2418,36.2418,36.2418,1,0
FEDL.US,D,20231220,000000,35.29,35.29,35.1975,35.1975,103,0
FEDL.US,D,20231221,000000,35.86,35.86,35.86,35.86,54,0
FEDL.US,D,20231222,000000,35.8772,35.8772,35.8772,35.8772,7,0
FEDL.US,D,20231226,000000,36.2418,36.2418,36.2418,36.2418,5,0
FEDL.US,D,20231227,000000,36.178,36.178,36.178,36.178,1,0
FEDL.US,D,20231228,000000,36.0845,36.0845,36.0845,36.0845,8,0
FEDL.US,D,20231229,000000,35.805,35.805,35.805,35.805,1,0
FEDL.US,D,20240102,000000,35.75,35.75,35.75,35.75,1,0
FEDL.US,D,20240103,000000,35.3457,35.3457,35.3457,35.3457,1,0
FEDL.US,D,20240104,000000,35.0687,35.0687,35.0687,35.0687,1,0
FEDL.US,D,20240105,000000,35.1533,35.1533,35.1533,35.1533,1,0
FEDL.US,D,20240108,000000,35.9884,35.9884,35.9884,35.9884,2,0
FEDL.US,D,20240109,000000,35.8332,35.8332,35.8332,35.8332,1,0
FEDL.US,D,20240110,000000,35.9942,35.9942,35.9942,35.9942,5,0
FEDL.US,D,20240111,000000,36.3189,36.3189,36.3189,36.3189,1,0
FEDL.US,D,20240112,000000,36.2426,36.2426,36.2426,36.2426,1,0
FEDL.US,D,20240116,000000,36.2,36.2,36.0095,36.0095,450,0
FEDL.US,D,20240117,000000,35.4792,35.4792,35.4792,35.4792,1,0
FEDL.US,D,20240118,000000,35.9526,35.9526,35.9526,35.9526,1,0
FEDL.US,D,20240119,000000,36.8986,36.8986,36.8986,36.8986,1,0
FEDL.US,D,20240122,000000,37.4224,37.4224,37.4224,37.4224,1,0
FEDL.US,D,20240123,000000,37.3844,37.3844,37.3844,37.3844,7,0
FEDL.US,D,20240124,000000,37.5,37.5,37.5,37.5,1,0
FEDL.US,D,20240125,000000,37.7766,37.7766,37.7766,37.7766,1,0
FEDL.US,D,20240126,000000,37.8851,37.8851,37.8851,37.8851,1,0
FEDL.US,D,20240129,000000,38.3376,38.3376,38.3376,38.3376,1,0
FEDL.US,D,20240130,000000,38.9238,38.9238,38.9238,38.9238,1,0
FEDL.US,D,20240131,000000,37.9445,37.9445,37.9445,37.9445,4,0
FEDL.US,D,20240201,000000,38.2742,38.2742,38.2742,38.2742,1,0
FEDL.US,D,20240202,000000,38.8457,38.8457,38.8457,38.8457,1,0
FEDL.US,D,20240205,000000,38.905,38.905,38.905,38.905,2,0
FEDL.US,D,20240206,000000,38.6436,38.6436,38.6436,38.6436,2,0
FEDL.US,D,20240207,000000,39.5499,39.5499,39.5499,39.5499,3,0
FEDL.US,D,20240208,000000,40.156,40.156,40.156,40.156,4,0
FEDL.US,D,20240209,000000,40.4489,40.4489,40.4489,40.4489,1,0
FEDL.US,D,20240212,000000,40.5149,40.5149,40.5149,40.5149,1,0
FEDL.US,D,20240213,000000,39.3774,39.3774,39.3774,39.3774,11,0
FEDL.US,D,20240214,000000,40.2943,40.2943,40.2943,40.2943,1,0
FEDL.US,D,20240215,000000,41.0816,41.0816,41.0816,41.0816,1,0
FEDL.US,D,20240216,000000,40.5206,40.5206,40.5206,40.5206,1,0
FEDL.US,D,20240220,000000,39.7009,39.7009,39.7009,39.7009,1,0
FEDL.US,D,20240221,000000,38.9198,38.9198,38.9198,38.9198,1,0
FEDL.US,D,20240222,000000,40.8518,40.8518,40.8518,40.8518,1,0
FEDL.US,D,20240223,000000,40.23,40.23,40.23,40.23,1,0
FEDL.US,D,20240226,000000,40.98,40.98,40.7038,40.7038,1859,0
FEDL.US,D,20240227,000000,40.747,40.747,40.747,40.747,1,0
FEDL.US,D,20240228,000000,40.625,40.625,40.5094,40.5094,400,0
FEDL.US,D,20240229,000000,40.9673,40.9673,40.9673,40.9673,1,0
FEDL.US,D,20240301,000000,42.2132,42.2132,42.2132,42.2132,1,0
FEDL.US,D,20240304,000000,42.188,42.188,42.188,42.188,18,0
FEDL.US,D,20240305,000000,41.4695,41.4695,41.4695,41.4695,2,0
FEDL.US,D,20240306,000000,41.9588,41.9588,41.9588,41.9588,24,0
FEDL.US,D,20240307,000000,42.8706,42.8706,42.8706,42.8706,1,0
FEDL.US,D,20240308,000000,42.289,42.289,42.289,42.289,19,0
FEDL.US,D,20240311,000000,42.202,42.202,42.202,42.202,17,0
FEDL.US,D,20240312,000000,42.7941,42.7941,42.7941,42.7941,13,0
FEDL.US,D,20240313,000000,42.8883,42.8883,42.8883,42.8883,1,0
FEDL.US,D,20240314,000000,42.518,42.518,42.518,42.518,1,0
FEDL.US,D,20240315,000000,42.2661,42.2661,42.2661,42.2661,1,0
FEDL.US,D,20240318,000000,42.5214,42.5214,42.5214,42.5214,2,0
FEDL.US,D,20240319,000000,42.37,42.8921,42.37,42.8921,631,0
FEDL.US,D,20240320,000000,43.6305,43.6305,43.6305,43.6305,1,0
FEDL.US,D,20240321,000000,44.6912,44.6912,44.6912,44.6912,6,0
FEDL.US,D,20240322,000000,44.398,44.398,44.398,44.398,48,0
FEDL.US,D,20240325,000000,44.4201,44.59,44.3697,44.3697,1283,0
FEDL.US,D,20240326,000000,44.68,44.68,44.326,44.326,523,0
FEDL.US,D,20240327,000000,44.7031,44.7031,44.7031,44.7031,5,0
FEDL.US,D,20240328,000000,45.18,45.18,45.0758,45.0758,528,0
FEDL.US,D,20240401,000000,45.0853,45.0853,45.0853,45.0853,76,0
FEDL.US,D,20240402,000000,44.1273,44.1273,44.1273,44.1273,1,0
FEDL.US,D,20240403,000000,44.6426,44.6426,44.6426,44.6426,2,0
FEDL.US,D,20240404,000000,43.6446,43.6446,43.6446,43.6446,2,0
FEDL.US,D,20240405,000000,44.72,44.72,44.511,44.511,151,0
FEDL.US,D,20240408,000000,44.241,44.241,44.241,44.241,18,0
FEDL.US,D,20240409,000000,44.2048,44.2048,44.2048,44.2048,18,0
FEDL.US,D,20240410,000000,43.4871,43.4871,43.4871,43.4871,81,0
FEDL.US,D,20240411,000000,43.8735,43.8735,43.8735,43.8735,52,0
FEDL.US,D,20240412,000000,42.0809,42.0809,42.0809,42.0809,31,0
FEDL.US,D,20240415,000000,41.22,41.22,41.22,41.22,100,0
FEDL.US,D,20240416,000000,41.1,41.1,41.1,41.1,101,0
FEDL.US,D,20240417,000000,40.79,40.79,40.79,40.79,101,0
FEDL.US,D,20240418,000000,40.4049,40.4049,40.4049,40.4049,40,0
FEDL.US,D,20240419,000000,39.9091,39.9091,39.9091,39.9091,5,0
FEDL.US,D,20240422,000000,40.4886,40.4886,40.4886,40.4886,2,0
FEDL.US,D,20240423,000000,41.5653,41.5653,41.5653,41.5653,2,0
FEDL.US,D,20240424,000000,41.7425,41.7425,41.7425,41.7425,5,0
FEDL.US,D,20240425,000000,41.731,41.731,41.731,41.731,5,0
FEDL.US,D,20240426,000000,42.0725,42.0725,42.0725,42.0725,5,0
FEDL.US,D,20240430,000000,40.7584,40.7584,40.7584,40.7584,1,0
FEDL.US,D,20240501,000000,40.0533,40.0533,40.0533,40.0533,1,0
FEDL.US,D,20240502,000000,41.0252,41.0252,41.0252,41.0252,5,0
FEDL.US,D,20240503,000000,41.8795,41.8795,41.8795,41.8795,5,0
FEDL.US,D,20240506,000000,42.7719,42.7719,42.7719,42.7719,5,0
FEDL.US,D,20240507,000000,42.8213,42.8213,42.8213,42.8213,2,0
FEDL.US,D,20240508,000000,42.9213,42.9213,42.9213,42.9213,1,0
FEDL.US,D,20240509,000000,43.2893,43.2893,43.2893,43.2893,5,0
FEDL.US,D,20240513,000000,43.1253,43.1253,43.1253,43.1253,5,0
FEDL.US,D,20240514,000000,43.599,43.599,43.599,43.599,3,0
FEDL.US,D,20240515,000000,45.1857,45.1857,45.1857,45.1857,5,0
FEDL.US,D,20240516,000000,44.8381,44.8381,44.8381,44.8381,1,0
FEDL.US,D,20240517,000000,45.0363,45.0363,45.0363,45.0363,131,0
FEDL.US,D,20240520,000000,45.1409,45.1409,45.1409,45.1409,38,0
FEDL.US,D,20240521,000000,45.097,45.097,45.097,45.097,2,0
FEDL.US,D,20240522,000000,44.785,44.785,44.785,44.785,2,0
FEDL.US,D,20240523,000000,44.0314,44.0314,44.0314,44.0314,1,0
FEDL.US,D,20240524,000000,44.6869,44.6869,44.6869,44.6869,4,0
FEDL.US,D,20240528,000000,44.4074,44.4074,44.4074,44.4074,6,0
FEDL.US,D,20240529,000000,43.6924,43.6924,43.6924,43.6924,1,0
FEDL.US,D,20240530,000000,43.2972,43.2972,43.2972,43.2972,3,0
FEDL.US,D,20240531,000000,43.6547,43.6547,43.6547,43.6547,1,0
FEDL.US,D,20240603,000000,43.0761,43.0761,43.0761,43.0761,3,0
FEDL.US,D,20240604,000000,42.73,42.73,42.73,42.73,1,0
FEDL.US,D,20240605,000000,43.7126,43.7126,43.7126,43.7126,1,0
FEDL.US,D,20240606,000000,43.6157,43.6157,43.6157,43.6157,16,0
FEDL.US,D,20240607,000000,43.3966,43.3966,43.3966,43.3966,3,0
FEDL.US,D,20240610,000000,43.7428,43.7428,43.7428,43.7428,2,0
FEDL.US,D,20240611,000000,43.2554,43.2554,43.2554,43.2554,3,0
FEDL.US,D,20240613,000000,43.4899,43.887,43.4899,43.887,153,0
FEDL.US,D,20240614,000000,43.2576,43.2576,43.2576,43.2576,1,0
FEDL.US,D,20240617,000000,44.4851,44.4851,44.4851,44.4851,155,0
FEDL.US,D,20240618,000000,45.1424,45.1424,45.1424,45.1424,3,0
FEDL.US,D,20240620,000000,44.8225,44.8225,44.8225,44.8225,1,0
FEDL.US,D,20240621,000000,44.4644,44.4644,44.4644,44.4644,1,0
