<TICKER>,<PER>,<DATE>,<TIME>,<OPEN>,<HIGH>,<LOW>,<CLOSE>,<VOL>,<OPENINT>
FEEM.US,D,20220427,000000,47.6153,47.8217,47.6153,47.8217,1075,0
FEEM.US,D,20220428,000000,48.3745,48.3745,48.3745,48.3745,71,0
FEEM.US,D,20220502,000000,48.6604,48.6604,48.6604,48.6604,4,0
FEEM.US,D,20220503,000000,49.19,49.21,49.06,49.0882,541,0
FEEM.US,D,20220504,000000,49.6926,49.6926,48.5,49.6926,100,0
FEEM.US,D,20220505,000000,47.6993,47.6993,47.6993,47.6993,4,0
FEEM.US,D,20220506,000000,47.145,47.145,47.145,47.145,2,0
FEEM.US,D,20220509,000000,45.7068,45.7068,45.7068,45.7068,4,0
FEEM.US,D,20220510,000000,45.9158,45.9158,45.9158,45.9158,8,0
FEEM.US,D,20220511,000000,45.5911,45.5911,45.5911,45.5911,2,0
FEEM.US,D,20220512,000000,45.3944,45.3944,45.3944,45.3944,11,0
FEEM.US,D,20220513,000000,46.6215,46.6215,46.6215,46.6215,8,0
FEEM.US,D,20220516,000000,46.4329,46.4329,46.4329,46.4329,4,0
FEEM.US,D,20220517,000000,47.7286,47.7286,47.7286,47.7286,5,0
FEEM.US,D,20220518,000000,46.509,46.509,46.509,46.509,4,0
FEEM.US,D,20220519,000000,47.1482,47.1482,47.1482,47.1482,4,0
FEEM.US,D,20220520,000000,47.2926,47.2926,47.2926,47.2926,4,0
FEEM.US,D,20220523,000000,47.7129,47.7129,47.7129,47.7129,4,0
FEEM.US,D,20220524,000000,46.7654,46.7654,46.7654,46.7654,4,0
FEEM.US,D,20220525,000000,46.8099,46.8099,46.8099,46.8099,4,0
FEEM.US,D,20220526,000000,47.6766,47.6766,47.6766,47.6766,1,0
FEEM.US,D,20220527,000000,48.3206,48.3206,48.3206,48.3206,4,0
FEEM.US,D,20220531,000000,49.47,49.47,49.1029,49.1029,203,0
FEEM.US,D,20220601,000000,48.6032,48.6032,48.6032,48.6032,35,0
FEEM.US,D,20220602,000000,49.448,49.448,49.448,49.448,2,0
FEEM.US,D,20220603,000000,48.5407,48.5407,48.5407,48.5407,3,0
FEEM.US,D,20220606,000000,48.8205,48.8205,48.8205,48.8205,1,0
FEEM.US,D,20220607,000000,48.7,49.0135,48.7,49.0135,200,0
FEEM.US,D,20220608,000000,49.4484,49.4484,49.4484,49.4484,2,0
FEEM.US,D,20220609,000000,48.2115,48.2115,48.2115,48.2115,1,0
FEEM.US,D,20220610,000000,47.6236,47.6236,47.6236,47.6236,1,0
FEEM.US,D,20220613,000000,45.8664,45.8664,45.8664,45.8664,26,0
FEEM.US,D,20220614,000000,46.5385,46.5385,46.5385,46.5385,57,0
FEEM.US,D,20220615,000000,47.2887,47.2887,47.2887,47.2887,26,0
FEEM.US,D,20220616,000000,45.7451,45.7451,45.7451,45.7451,26,0
FEEM.US,D,20220617,000000,45.8552,45.8552,45.8552,45.8552,26,0
FEEM.US,D,20220621,000000,46.7578,46.7578,46.7578,46.7578,26,0
FEEM.US,D,20220622,000000,46.0264,46.0264,46.0264,46.0264,26,0
FEEM.US,D,20220623,000000,46.1634,46.1634,46.1634,46.1634,85,0
FEEM.US,D,20220624,000000,47.254,47.254,47.254,47.254,26,0
FEEM.US,D,20220627,000000,47.275,47.275,47.275,47.275,3,0
FEEM.US,D,20220628,000000,46.8818,46.8818,46.8818,46.8818,2,0
FEEM.US,D,20220629,000000,46.6806,46.6806,46.6806,46.6806,31,0
FEEM.US,D,20220630,000000,46.3214,46.3214,46.3214,46.3214,2,0
FEEM.US,D,20220701,000000,46.1602,46.1602,46.1602,46.1602,40,0
FEEM.US,D,20220705,000000,45.8366,45.8366,45.8366,45.8366,1,0
FEEM.US,D,20220706,000000,45.5666,45.5666,45.5666,45.5666,2,0
FEEM.US,D,20220707,000000,46.5843,46.5843,46.5843,46.5843,1,0
FEEM.US,D,20220708,000000,46.4609,46.4609,46.4609,46.4609,2,0
FEEM.US,D,20220711,000000,45.0939,45.0939,45.0939,45.0939,2,0
FEEM.US,D,20220712,000000,45.0231,45.0231,45.0231,45.0231,36,0
FEEM.US,D,20220713,000000,45.0194,45.0194,45.0194,45.0194,2,0
FEEM.US,D,20220714,000000,44.5373,44.5373,44.5373,44.5373,2,0
FEEM.US,D,20220715,000000,44.7816,44.7816,44.7816,44.7816,2,0
FEEM.US,D,20220718,000000,45.0852,45.0852,45.0852,45.0852,16,0
FEEM.US,D,20220719,000000,45.7763,45.7763,45.7763,45.7763,25,0
FEEM.US,D,20220720,000000,45.5481,45.5481,45.5481,45.5481,2,0
FEEM.US,D,20220721,000000,46.1337,46.1337,46.1337,46.1337,2,0
FEEM.US,D,20220722,000000,45.6138,45.6138,45.6138,45.6138,2,0
FEEM.US,D,20220725,000000,45.8343,45.8343,45.8343,45.8343,28,0
FEEM.US,D,20220726,000000,45.4407,45.4407,45.4407,45.4407,3,0
FEEM.US,D,20220727,000000,46.3049,46.3049,46.3049,46.3049,3,0
FEEM.US,D,20220728,000000,46.4904,46.4904,46.4904,46.4904,3,0
FEEM.US,D,20220729,000000,46.02,46.02,46.02,46.02,3,0
FEEM.US,D,20220801,000000,45.6817,45.6817,45.6817,45.6817,3,0
FEEM.US,D,20220802,000000,45.541,45.541,45.541,45.541,3,0
FEEM.US,D,20220803,000000,45.9726,45.9726,45.9726,45.9726,3,0
FEEM.US,D,20220804,000000,46.3364,46.3364,46.3364,46.3364,3,0
FEEM.US,D,20220805,000000,46.2771,46.2771,46.2771,46.2771,3,0
FEEM.US,D,20220808,000000,46.3941,46.3941,46.3941,46.3941,3,0
FEEM.US,D,20220809,000000,46.221,46.221,46.221,46.221,3,0
FEEM.US,D,20220810,000000,46.9071,46.9071,46.9071,46.9071,7,0
FEEM.US,D,20220811,000000,47.1021,47.1021,47.1021,47.1021,1,0
FEEM.US,D,20220812,000000,47.5061,47.5061,47.5061,47.5061,1,0
FEEM.US,D,20220815,000000,47.3041,47.3041,47.3041,47.3041,1,0
FEEM.US,D,20220816,000000,47.3173,47.3173,47.3173,47.3173,1,0
FEEM.US,D,20220817,000000,47.0917,47.0917,47.0917,47.0917,1,0
FEEM.US,D,20220818,000000,46.7159,46.7159,46.7159,46.7159,1,0
FEEM.US,D,20220819,000000,46.1091,46.1091,46.1091,46.1091,1,0
FEEM.US,D,20220822,000000,45.7894,45.7894,45.7894,45.7894,1,0
FEEM.US,D,20220823,000000,45.9225,45.9225,45.9225,45.9225,1,0
FEEM.US,D,20220824,000000,46.0365,46.0365,46.0365,46.0365,2,0
FEEM.US,D,20220825,000000,47.0827,47.0827,47.0827,47.0827,2,0
FEEM.US,D,20220826,000000,46.3899,46.3899,46.3899,46.3899,2,0
FEEM.US,D,20220829,000000,46.0905,46.0905,46.0905,46.0905,2,0
FEEM.US,D,20220830,000000,45.5032,45.5032,45.5032,45.5032,2,0
FEEM.US,D,20220831,000000,45.6948,45.6948,45.6948,45.6948,2,0
FEEM.US,D,20220901,000000,45.2924,45.2924,45.2924,45.2924,22,0
FEEM.US,D,20220902,000000,44.866,44.866,44.866,44.866,22,0
FEEM.US,D,20220906,000000,44.3512,44.3512,44.3512,44.3512,22,0
FEEM.US,D,20220907,000000,44.7492,44.7492,44.7492,44.7492,10,0
FEEM.US,D,20220908,000000,44.6058,44.6058,44.6058,44.6058,10,0
FEEM.US,D,20220909,000000,45.3324,45.3324,45.3324,45.3324,35,0
FEEM.US,D,20220912,000000,45.9697,45.9697,45.9697,45.9697,1,0
FEEM.US,D,20220913,000000,48.7,48.7,44.3811,44.3811,25,0
FEEM.US,D,20220914,000000,44.6013,44.6013,44.6013,44.6013,10,0
FEEM.US,D,20220915,000000,44.0179,44.0179,44.0179,44.0179,5,0
FEEM.US,D,20220916,000000,43.066,43.066,43.066,43.066,10,0
FEEM.US,D,20220919,000000,43.293,43.293,43.293,43.293,13,0
FEEM.US,D,20220920,000000,43.1012,43.1012,43.1012,43.1012,1,0
FEEM.US,D,20220921,000000,42.4135,42.4135,42.4135,42.4135,13,0
FEEM.US,D,20220922,000000,42.1937,42.1937,42.1937,42.1937,2,0
FEEM.US,D,20220923,000000,41.1761,41.1761,41.1761,41.1761,2,0
FEEM.US,D,20220926,000000,40.7521,40.7521,40.7521,40.7521,13,0
FEEM.US,D,20220927,000000,40.6035,40.6035,40.6035,40.6035,13,0
FEEM.US,D,20220928,000000,41.0479,41.0479,41.0479,41.0479,13,0
FEEM.US,D,20220929,000000,40.0167,40.0167,40.0167,40.0167,1,0
FEEM.US,D,20220930,000000,39.7895,39.7895,39.7895,39.7895,1,0
FEEM.US,D,20221003,000000,40.5029,40.5029,40.5029,40.5029,1,0
FEEM.US,D,20221004,000000,41.694,41.694,41.694,41.694,1,0
FEEM.US,D,20221005,000000,41.6675,41.6675,41.6675,41.6675,1,0
FEEM.US,D,20221006,000000,41.4817,41.4817,41.4817,41.4817,1,0
FEEM.US,D,20221007,000000,40.5531,40.5531,40.5531,40.5531,1,0
FEEM.US,D,20221010,000000,40.0464,40.0464,40.0464,40.0464,1,0
FEEM.US,D,20221011,000000,39.4004,39.4004,39.4004,39.4004,1,0
FEEM.US,D,20221012,000000,39.3733,39.3733,39.3733,39.3733,1,0
FEEM.US,D,20221013,000000,39.5951,39.5951,39.5951,39.5951,1,0
FEEM.US,D,20221014,000000,38.8358,38.8358,38.8358,38.8358,1,0
FEEM.US,D,20221017,000000,39.912,39.912,39.912,39.912,25,0
FEEM.US,D,20221018,000000,39.9185,39.9185,39.9185,39.9185,1,0
FEEM.US,D,20221019,000000,39.1467,39.1467,39.1467,39.1467,1,0
FEEM.US,D,20221020,000000,39.4398,39.4398,39.4398,39.4398,1,0
FEEM.US,D,20221021,000000,39.9959,39.9959,39.9959,39.9959,1,0
FEEM.US,D,20221024,000000,38.3457,38.3457,38.3457,38.3457,1,0
FEEM.US,D,20221025,000000,38.7718,38.7718,38.7718,38.7718,1,0
FEEM.US,D,20221026,000000,39.4424,39.4424,39.4424,39.4424,1,0
FEEM.US,D,20221027,000000,39.173,39.173,39.173,39.173,3,0
FEEM.US,D,20221028,000000,39.0208,39.0208,39.0208,39.0208,1,0
FEEM.US,D,20221031,000000,38.9388,38.9388,38.9388,38.9388,1,0
FEEM.US,D,20221101,000000,39.691,39.691,39.691,39.691,2,0
FEEM.US,D,20221102,000000,39.3231,39.3231,39.3231,39.3231,1,0
FEEM.US,D,20221103,000000,39.5324,39.5324,39.5324,39.5324,1,0
FEEM.US,D,20221104,000000,41.0886,41.0886,41.0886,41.0886,1,0
FEEM.US,D,20221107,000000,41.1864,41.1864,41.1864,41.1864,1,0
FEEM.US,D,20221108,000000,41.5985,41.5985,41.5985,41.5985,7,0
FEEM.US,D,20221109,000000,40.7345,40.7345,40.7345,40.7345,1,0
FEEM.US,D,20221110,000000,42.3731,42.3731,42.3731,42.3731,1,0
FEEM.US,D,20221111,000000,43.432,43.432,43.432,43.432,1,0
FEEM.US,D,20221114,000000,43.1989,43.1989,43.1989,43.1989,1,0
FEEM.US,D,20221115,000000,44.249,44.249,44.249,44.249,7,0
FEEM.US,D,20221116,000000,43.6003,43.6003,43.6003,43.6003,7,0
FEEM.US,D,20221117,000000,43.7023,43.7023,43.7023,43.7023,7,0
FEEM.US,D,20221118,000000,43.4122,43.4122,43.4122,43.4122,7,0
FEEM.US,D,20221121,000000,42.9038,42.9038,42.9038,42.9038,7,0
FEEM.US,D,20221122,000000,43.0155,43.0155,43.0155,43.0155,1,0
FEEM.US,D,20221123,000000,43.4947,43.4947,43.4947,43.4947,7,0
FEEM.US,D,20221125,000000,43.2393,43.2393,43.2393,43.2393,7,0
FEEM.US,D,20221128,000000,43.0991,43.0991,43.0991,43.0991,1,0
FEEM.US,D,20221129,000000,43.9797,43.9797,43.9797,43.9797,2,0
FEEM.US,D,20221130,000000,45.4956,45.4956,45.4956,45.4956,2,0
FEEM.US,D,20221201,000000,45.1644,45.1644,45.1644,45.1644,9,0
FEEM.US,D,20221202,000000,45.3829,45.3829,45.3829,45.3829,2,0
FEEM.US,D,20221205,000000,44.7537,44.7537,44.7537,44.7537,11,0
FEEM.US,D,20221206,000000,44.6884,44.6884,44.6884,44.6884,2,0
FEEM.US,D,20221207,000000,44.5644,44.5644,44.5644,44.5644,2,0
FEEM.US,D,20221208,000000,44.9643,44.9643,44.9643,44.9643,1,0
FEEM.US,D,20221209,000000,44.7075,44.7075,44.7075,44.7075,1,0
FEEM.US,D,20221212,000000,44.5688,44.5688,44.5688,44.5688,1,0
FEEM.US,D,20221213,000000,44.9018,44.9018,44.9018,44.9018,1,0
FEEM.US,D,20221214,000000,44.9308,44.9308,44.9308,44.9308,1,0
FEEM.US,D,20221215,000000,43.821,43.821,43.821,43.821,1,0
FEEM.US,D,20221216,000000,43.6002,43.6002,43.6002,43.6002,1,0
FEEM.US,D,20221219,000000,43.6538,43.6538,43.6538,43.6538,1,0
FEEM.US,D,20221220,000000,43.7089,43.7089,43.7089,43.7089,1,0
FEEM.US,D,20221221,000000,44.1027,44.1027,44.1027,44.1027,1,0
FEEM.US,D,20221222,000000,43.8086,43.8086,43.8086,43.8086,5,0
FEEM.US,D,20221223,000000,43.7723,43.7723,43.7723,43.7723,1,0
FEEM.US,D,20221227,000000,44.3071,44.3071,44.3071,44.3071,1,0
FEEM.US,D,20221228,000000,43.699,43.699,43.699,43.699,5,0
FEEM.US,D,20221229,000000,44.3839,44.3839,44.3839,44.3839,6,0
FEEM.US,D,20221230,000000,43.8956,43.8956,43.8956,43.8956,2,0
FEEM.US,D,20230103,000000,44.1407,44.1407,44.1407,44.1407,2,0
FEEM.US,D,20230104,000000,45.6083,45.6083,45.6083,45.6083,2,0
FEEM.US,D,20230105,000000,45.3997,45.3997,45.3997,45.3997,2,0
FEEM.US,D,20230106,000000,46.3346,46.3346,46.3346,46.3346,2,0
FEEM.US,D,20230109,000000,46.7003,46.7003,46.7003,46.7003,2,0
FEEM.US,D,20230110,000000,47.0357,47.0357,47.0357,47.0357,2,0
FEEM.US,D,20230111,000000,47.1311,47.1311,47.1311,47.1311,1,0
FEEM.US,D,20230112,000000,47.4285,47.4285,47.4285,47.4285,2,0
FEEM.US,D,20230113,000000,47.73,47.73,47.73,47.73,2,0
FEEM.US,D,20230117,000000,47.4752,47.4752,47.4752,47.4752,20,0
FEEM.US,D,20230118,000000,47.1667,47.1667,47.1667,47.1667,1,0
FEEM.US,D,20230119,000000,47.4562,47.4562,47.4562,47.4562,1,0
FEEM.US,D,20230120,000000,48.13,48.13,48.0832,48.0832,200,0
FEEM.US,D,20230123,000000,48.4896,48.4896,48.4896,48.4896,1,0
FEEM.US,D,20230124,000000,48.4995,48.4995,48.4995,48.4995,1,0
FEEM.US,D,20230125,000000,48.522,48.522,48.522,48.522,1,0
FEEM.US,D,20230126,000000,48.885,48.885,48.885,48.885,1,0
FEEM.US,D,20230127,000000,48.5043,48.5043,48.5043,48.5043,1,0
FEEM.US,D,20230130,000000,47.6168,47.6168,47.6168,47.6168,1,0
FEEM.US,D,20230131,000000,47.4283,47.4283,47.4283,47.4283,1,0
FEEM.US,D,20230201,000000,48.1429,48.1429,48.1429,48.1429,16,0
FEEM.US,D,20230202,000000,47.8365,47.8365,47.8365,47.8365,16,0
FEEM.US,D,20230203,000000,46.99,47.0232,46.9024,46.9024,202,0
FEEM.US,D,20230206,000000,46.1723,46.1723,46.1723,46.1723,3,0
FEEM.US,D,20230207,000000,46.3736,46.3736,46.3736,46.3736,3,0
FEEM.US,D,20230208,000000,46.2783,46.2783,46.2783,46.2783,3,0
FEEM.US,D,20230209,000000,46.4206,46.4206,46.4206,46.4206,3,0
FEEM.US,D,20230210,000000,46.0607,46.0607,46.0607,46.0607,3,0
FEEM.US,D,20230213,000000,46.3934,46.3934,46.3934,46.3934,3,0
FEEM.US,D,20230214,000000,46.99,46.99,46.296,46.296,3,0
FEEM.US,D,20230215,000000,45.7138,45.7138,45.7138,45.7138,3,0
FEEM.US,D,20230216,000000,45.7655,45.7655,45.7655,45.7655,3,0
FEEM.US,D,20230217,000000,45.4028,45.4028,45.4028,45.4028,3,0
FEEM.US,D,20230221,000000,44.6943,44.6943,44.6943,44.6943,3,0
FEEM.US,D,20230222,000000,44.5,44.5371,44.5,44.5371,129,0
FEEM.US,D,20230223,000000,44.8177,44.8177,44.8177,44.8177,3,0
FEEM.US,D,20230224,000000,43.6814,43.6814,43.6814,43.6814,3,0
FEEM.US,D,20230227,000000,43.92,43.92,43.92,43.92,3,0
FEEM.US,D,20230228,000000,43.6378,43.6378,43.6378,43.6378,3,0
FEEM.US,D,20230301,000000,44.5,44.5,44.4653,44.4653,3,0
FEEM.US,D,20230302,000000,44.6277,44.6277,44.6277,44.6277,3,0
FEEM.US,D,20230303,000000,45.0164,45.0164,45.0164,45.0164,3,0
FEEM.US,D,20230306,000000,44.9446,44.9446,44.9446,44.9446,3,0
FEEM.US,D,20230307,000000,44.198,44.198,44.198,44.198,3,0
FEEM.US,D,20230308,000000,44.2475,44.2475,44.2475,44.2475,3,0
FEEM.US,D,20230309,000000,43.4005,43.4005,43.4005,43.4005,3,0
FEEM.US,D,20230310,000000,43.3083,43.3083,43.3083,43.3083,3,0
FEEM.US,D,20230313,000000,44.5,44.5,43.3562,43.3562,12,0
FEEM.US,D,20230314,000000,43.3218,43.3218,43.3218,43.3218,12,0
FEEM.US,D,20230315,000000,42.5172,42.5172,42.5172,42.5172,12,0
FEEM.US,D,20230316,000000,43.2129,43.2129,43.2129,43.2129,12,0
FEEM.US,D,20230317,000000,42.9755,42.9755,42.9755,42.9755,12,0
FEEM.US,D,20230320,000000,43.077,43.077,43.077,43.077,12,0
FEEM.US,D,20230321,000000,43.5185,43.5185,43.5185,43.5185,12,0
FEEM.US,D,20230322,000000,43.7319,43.7319,43.7319,43.7319,12,0
FEEM.US,D,20230323,000000,44.2619,44.2619,44.2619,44.2619,1,0
FEEM.US,D,20230324,000000,44.0783,44.0783,44.0783,44.0783,7,0
FEEM.US,D,20230327,000000,43.9189,43.9189,43.9189,43.9189,1,0
FEEM.US,D,20230328,000000,44.4999,44.4999,44.4999,44.4999,1,0
FEEM.US,D,20230329,000000,44.7649,44.7649,44.7649,44.7649,1,0
FEEM.US,D,20230330,000000,45.2215,45.2215,45.2215,45.2215,1,0
FEEM.US,D,20230331,000000,45.1431,45.1431,45.1431,45.1431,1,0
FEEM.US,D,20230403,000000,45.1401,45.1401,45.1401,45.1401,6,0
FEEM.US,D,20230404,000000,45.0846,45.0846,45.0846,45.0846,6,0
FEEM.US,D,20230405,000000,44.7332,44.7332,44.7332,44.7332,6,0
FEEM.US,D,20230406,000000,44.9091,44.9091,44.9091,44.9091,6,0
FEEM.US,D,20230410,000000,44.9347,44.9347,44.9347,44.9347,6,0
FEEM.US,D,20230411,000000,45.2398,45.2398,45.2398,45.2398,6,0
FEEM.US,D,20230412,000000,44.964,44.964,44.964,44.964,6,0
FEEM.US,D,20230413,000000,45.645,45.645,45.645,45.645,6,0
FEEM.US,D,20230414,000000,45.3851,45.3851,45.3851,45.3851,6,0
FEEM.US,D,20230417,000000,45.557,45.557,45.557,45.557,16,0
FEEM.US,D,20230418,000000,45.554,45.554,45.554,45.554,6,0
FEEM.US,D,20230419,000000,45.0609,45.0609,45.0609,45.0609,6,0
FEEM.US,D,20230420,000000,44.9595,44.9595,44.9595,44.9595,6,0
FEEM.US,D,20230421,000000,44.5956,44.5956,44.5956,44.5956,3,0
FEEM.US,D,20230424,000000,44.4717,44.4717,44.4717,44.4717,6,0
FEEM.US,D,20230425,000000,43.6043,43.6043,43.6043,43.6043,6,0
FEEM.US,D,20230426,000000,43.823,43.823,43.823,43.823,6,0
FEEM.US,D,20230427,000000,44.4581,44.4581,44.4581,44.4581,2,0
FEEM.US,D,20230428,000000,44.6362,44.6362,44.6362,44.6362,1,0
FEEM.US,D,20230501,000000,44.4846,44.4846,44.4846,44.4846,1,0
FEEM.US,D,20230502,000000,44.1449,44.1449,44.1449,44.1449,1,0
FEEM.US,D,20230503,000000,44.1309,44.1309,44.1309,44.1309,1,0
FEEM.US,D,20230504,000000,44.5412,44.5412,44.5412,44.5412,1,0
FEEM.US,D,20230505,000000,45.1015,45.1015,45.1015,45.1015,1,0
FEEM.US,D,20230508,000000,45.1972,45.1972,45.1972,45.1972,1,0
FEEM.US,D,20230509,000000,44.8869,44.8869,44.8869,44.8869,1,0
FEEM.US,D,20230510,000000,44.9973,44.9973,44.9973,44.9973,1,0
FEEM.US,D,20230511,000000,44.8651,44.8651,44.8651,44.8651,1,0
FEEM.US,D,20230512,000000,44.3839,44.3839,44.3839,44.3839,2,0
FEEM.US,D,20230515,000000,45.1205,45.1205,45.1205,45.1205,1,0
FEEM.US,D,20230516,000000,44.8045,44.8045,44.8045,44.8045,1,0
FEEM.US,D,20230517,000000,44.9851,44.9851,44.9851,44.9851,1,0
FEEM.US,D,20230518,000000,44.75,44.75,44.75,44.75,1,0
FEEM.US,D,20230519,000000,44.7773,44.7773,44.7773,44.7773,1,0
FEEM.US,D,20230522,000000,45.1611,45.1611,45.1611,45.1611,1,0
FEEM.US,D,20230523,000000,44.553,44.553,44.553,44.553,1,0
FEEM.US,D,20230524,000000,44.2548,44.2548,44.2548,44.2548,1,0
FEEM.US,D,20230525,000000,44.3,44.3,44.2077,44.2077,105,0
FEEM.US,D,20230526,000000,44.8442,44.8442,44.8442,44.8442,1,0
FEEM.US,D,20230530,000000,44.359,44.359,44.359,44.359,1,0
FEEM.US,D,20230531,000000,43.9951,43.9951,43.9951,43.9951,1,0
FEEM.US,D,20230601,000000,44.7498,44.7498,44.7498,44.7498,1,0
FEEM.US,D,20230602,000000,45.4979,45.4979,45.4979,45.4979,1,0
FEEM.US,D,20230605,000000,45.453,45.453,45.453,45.453,1,0
FEEM.US,D,20230606,000000,45.9772,45.9772,45.9772,45.9772,1,0
FEEM.US,D,20230607,000000,45.774,45.774,45.774,45.774,15,0
FEEM.US,D,20230608,000000,46.1093,46.1093,46.1093,46.1093,13,0
FEEM.US,D,20230609,000000,46.3624,46.3624,46.3624,46.3624,1,0
FEEM.US,D,20230612,000000,46.5181,46.5181,46.5181,46.5181,2,0
FEEM.US,D,20230613,000000,46.856,46.856,46.856,46.856,15,0
FEEM.US,D,20230614,000000,47.1675,47.1675,47.1675,47.1675,15,0
FEEM.US,D,20230615,000000,47.6295,47.6295,47.6295,47.6295,1,0
FEEM.US,D,20230616,000000,47.2089,47.2089,47.2089,47.2089,15,0
FEEM.US,D,20230620,000000,46.3399,46.3399,46.3399,46.3399,2,0
FEEM.US,D,20230621,000000,46.1402,46.1402,46.1402,46.1402,1,0
FEEM.US,D,20230622,000000,45.9975,45.9975,45.9975,45.9975,1,0
FEEM.US,D,20230623,000000,45.3122,45.3122,45.3122,45.3122,3,0
FEEM.US,D,20230626,000000,45.5461,45.5461,45.5461,45.5461,1,0
FEEM.US,D,20230627,000000,45.9565,45.9565,45.9565,45.9565,1,0
FEEM.US,D,20230628,000000,45.6573,45.6573,45.6573,45.6573,1,0
FEEM.US,D,20230629,000000,45.4485,45.4485,45.4485,45.4485,3,0
FEEM.US,D,20230630,000000,45.8587,45.8587,45.8587,45.8587,3,0
FEEM.US,D,20230703,000000,46.3126,46.3126,46.3126,46.3126,3,0
FEEM.US,D,20230705,000000,45.9662,45.9662,45.9662,45.9662,1,0
FEEM.US,D,20230706,000000,45.0266,45.0266,45.0266,45.0266,1,0
FEEM.US,D,20230707,000000,45.5463,45.5463,45.5463,45.5463,1,0
FEEM.US,D,20230710,000000,45.5778,45.5778,45.5778,45.5778,1,0
FEEM.US,D,20230711,000000,46.1138,46.1138,46.1138,46.1138,1,0
FEEM.US,D,20230712,000000,47.0962,47.0962,47.0962,47.0962,1,0
FEEM.US,D,20230713,000000,47.6949,47.6949,47.6949,47.6949,1,0
FEEM.US,D,20230714,000000,47.5226,47.5226,47.5226,47.5226,1,0
FEEM.US,D,20230717,000000,47.6683,47.6683,47.6683,47.6683,1,0
FEEM.US,D,20230718,000000,47.4259,47.4259,47.4259,47.4259,1,0
FEEM.US,D,20230719,000000,47.298,47.298,47.298,47.298,1,0
FEEM.US,D,20230720,000000,46.8654,46.8654,46.8654,46.8654,1,0
FEEM.US,D,20230721,000000,46.86,46.86,46.86,46.86,1,0
FEEM.US,D,20230724,000000,47.4476,47.4476,47.4476,47.4476,1,0
FEEM.US,D,20230725,000000,47.6656,47.6656,47.6656,47.6656,60,0
FEEM.US,D,20230726,000000,48.094,48.094,48.094,48.094,3,0
FEEM.US,D,20230727,000000,47.6362,47.6362,47.6362,47.6362,1,0
FEEM.US,D,20230728,000000,48.7217,48.7217,48.7217,48.7217,1,0
FEEM.US,D,20230731,000000,48.7911,48.7911,48.7911,48.7911,1,0
FEEM.US,D,20230801,000000,48.2255,48.2255,48.2255,48.2255,1,0
FEEM.US,D,20230802,000000,47.1159,47.1159,47.1159,47.1159,4,0
FEEM.US,D,20230803,000000,47.1932,47.1932,47.1932,47.1932,4,0
FEEM.US,D,20230804,000000,47.2117,47.2117,47.2117,47.2117,4,0
FEEM.US,D,20230807,000000,47.2795,47.2795,47.2795,47.2795,4,0
FEEM.US,D,20230808,000000,46.6463,46.6463,46.6463,46.6463,9,0
FEEM.US,D,20230809,000000,46.734,46.734,46.734,46.734,6,0
FEEM.US,D,20230810,000000,46.857,46.857,46.857,46.857,6,0
FEEM.US,D,20230811,000000,46.13,46.13,46.1232,46.1232,1003,0
FEEM.US,D,20230814,000000,45.8371,45.8371,45.8371,45.8371,2,0
FEEM.US,D,20230815,000000,45.3364,45.3364,45.3364,45.3364,2,0
FEEM.US,D,20230816,000000,44.9789,44.9789,44.9789,44.9789,2,0
FEEM.US,D,20230817,000000,44.97,45.009,44.97,45.009,738,0
FEEM.US,D,20230818,000000,44.679,44.679,44.679,44.679,75,0
FEEM.US,D,20230821,000000,44.9143,44.9143,44.9143,44.9143,75,0
FEEM.US,D,20230822,000000,44.8134,44.8134,44.8134,44.8134,75,0
FEEM.US,D,20230823,000000,45.5461,45.5461,45.5461,45.5461,75,0
FEEM.US,D,20230824,000000,45.4234,45.4234,45.4234,45.4234,75,0
FEEM.US,D,20230825,000000,45.3521,45.3521,45.3521,45.3521,75,0
FEEM.US,D,20230828,000000,45.8137,45.8137,45.8137,45.8137,75,0
FEEM.US,D,20230829,000000,46.4182,46.4182,46.4182,46.4182,75,0
FEEM.US,D,20230830,000000,46.1579,46.1579,46.1579,46.1579,75,0
FEEM.US,D,20230831,000000,45.6106,45.6106,45.6106,45.6106,75,0
FEEM.US,D,20230901,000000,46.062,46.062,46.062,46.062,75,0
FEEM.US,D,20230905,000000,45.5722,45.5722,45.5722,45.5722,2,0
FEEM.US,D,20230906,000000,45.298,45.298,45.298,45.298,2,0
FEEM.US,D,20230907,000000,44.8012,44.8012,44.8012,44.8012,2,0
FEEM.US,D,20230908,000000,44.8942,44.8942,44.8942,44.8942,2,0
FEEM.US,D,20230911,000000,45.3881,45.3881,45.3881,45.3881,2,0
FEEM.US,D,20230912,000000,45.2955,45.2955,45.2955,45.2955,1,0
FEEM.US,D,20230913,000000,45.2976,45.2976,45.2976,45.2976,1,0
FEEM.US,D,20230914,000000,45.5886,45.5886,45.5886,45.5886,1,0
FEEM.US,D,20230915,000000,44.9572,44.9572,44.9572,44.9572,1,0
FEEM.US,D,20230918,000000,44.886,44.886,44.886,44.886,1,0
FEEM.US,D,20230919,000000,44.6791,44.6791,44.6791,44.6791,1,0
FEEM.US,D,20230920,000000,44.489,44.489,44.489,44.489,6,0
FEEM.US,D,20230921,000000,43.7918,43.7918,43.7918,43.7918,1,0
FEEM.US,D,20230922,000000,44.2785,44.2785,44.2785,44.2785,2,0
FEEM.US,D,20230925,000000,44.0493,44.0493,44.0493,44.0493,1,0
FEEM.US,D,20230926,000000,43.3739,43.3739,43.3739,43.3739,1,0
FEEM.US,D,20230927,000000,43.4161,43.4161,43.4161,43.4161,1,0
FEEM.US,D,20230928,000000,43.5,43.5,43.5,43.5,1,0
FEEM.US,D,20230929,000000,43.5329,43.5329,43.5329,43.5329,8,0
FEEM.US,D,20231002,000000,43.3318,43.3318,43.3318,43.3318,1,0
FEEM.US,D,20231003,000000,42.7012,42.7012,42.7012,42.7012,1,0
FEEM.US,D,20231004,000000,42.6931,42.6931,42.6931,42.6931,1,0
FEEM.US,D,20231005,000000,42.7548,42.7548,42.7548,42.7548,2,0
FEEM.US,D,20231006,000000,43.3092,43.3092,43.3092,43.3092,1,0
FEEM.US,D,20231009,000000,43.0942,43.0942,43.0942,43.0942,1,0
FEEM.US,D,20231010,000000,43.8903,43.8903,43.8903,43.8903,1,0
FEEM.US,D,20231011,000000,44.2044,44.2044,44.2044,44.2044,1,0
FEEM.US,D,20231012,000000,43.6588,43.6588,43.6588,43.6588,1,0
FEEM.US,D,20231013,000000,43.4554,43.4554,43.4554,43.4554,1,0
FEEM.US,D,20231016,000000,43.8533,43.8533,43.8533,43.8533,1,0
FEEM.US,D,20231017,000000,43.7123,43.7123,43.7123,43.7123,1,0
FEEM.US,D,20231018,000000,43.0063,43.0063,43.0063,43.0063,1,0
FEEM.US,D,20231019,000000,42.8498,42.8498,42.8498,42.8498,66,0
FEEM.US,D,20231020,000000,42.3242,42.3242,42.3242,42.3242,1,0
FEEM.US,D,20231023,000000,42.3117,42.3117,42.3117,42.3117,1,0
FEEM.US,D,20231024,000000,42.8835,42.8835,42.8835,42.8835,1,0
FEEM.US,D,20231025,000000,42.2705,42.2705,42.2705,42.2705,2,0
FEEM.US,D,20231026,000000,42.1054,42.1054,42.1054,42.1054,2,0
FEEM.US,D,20231027,000000,42.0756,42.0756,42.0756,42.0756,1,0
FEEM.US,D,20231030,000000,42.4468,42.4468,42.4468,42.4468,1,0
FEEM.US,D,20231031,000000,42.192,42.192,42.192,42.192,1,0
FEEM.US,D,20231101,000000,42.5918,42.5918,42.5918,42.5918,1,0
FEEM.US,D,20231102,000000,43.3524,43.3524,43.3524,43.3524,1,0
FEEM.US,D,20231103,000000,44.2671,44.2671,44.2671,44.2671,1,0
FEEM.US,D,20231106,000000,44.5426,44.5426,44.5426,44.5426,1,0
FEEM.US,D,20231107,000000,44.4052,44.4052,44.4052,44.4052,1,0
FEEM.US,D,20231108,000000,44.1964,44.1964,44.1964,44.1964,1,0
FEEM.US,D,20231109,000000,43.7364,43.7364,43.7364,43.7364,1,0
FEEM.US,D,20231110,000000,44.0727,44.0727,44.0727,44.0727,1,0
FEEM.US,D,20231113,000000,44.057,44.057,44.057,44.057,2,0
FEEM.US,D,20231114,000000,45.1985,45.1985,45.1985,45.1985,1,0
FEEM.US,D,20231115,000000,45.5715,45.5715,45.5715,45.5715,1,0
FEEM.US,D,20231116,000000,45.1199,45.1199,45.1199,45.1199,1,0
FEEM.US,D,20231117,000000,45.1906,45.1906,45.1906,45.1906,2,0
FEEM.US,D,20231120,000000,45.7769,45.7769,45.7769,45.7769,2,0
FEEM.US,D,20231121,000000,45.48,45.48,45.4549,45.4549,111,0
FEEM.US,D,20231122,000000,45.4055,45.4055,45.4055,45.4055,1,0
FEEM.US,D,20231124,000000,45.3747,45.3747,45.3747,45.3747,2,0
FEEM.US,D,20231127,000000,45.2464,45.2464,45.2464,45.2464,2,0
FEEM.US,D,20231128,000000,45.6419,45.6419,45.6419,45.6419,2,0
FEEM.US,D,20231129,000000,45.2271,45.2271,45.2271,45.2271,2,0
FEEM.US,D,20231130,000000,45.2106,45.2106,45.2106,45.2106,2,0
FEEM.US,D,20231201,000000,45.3444,45.3444,45.3444,45.3444,2,0
FEEM.US,D,20231204,000000,44.7296,44.7296,44.7296,44.7296,1,0
FEEM.US,D,20231205,000000,44.5931,44.5931,44.5931,44.5931,1,0
FEEM.US,D,20231206,000000,44.6091,44.6091,44.6091,44.6091,1,0
FEEM.US,D,20231207,000000,44.7213,44.7213,44.7213,44.7213,1,0
FEEM.US,D,20231208,000000,44.5524,44.5524,44.5524,44.5524,8,0
FEEM.US,D,20231211,000000,44.72,44.72,44.6994,44.6994,200,0
FEEM.US,D,20231212,000000,44.709,44.709,44.709,44.709,1,0
FEEM.US,D,20231213,000000,45.2359,45.2359,45.2359,45.2359,2,0
FEEM.US,D,20231214,000000,46.0174,46.0174,46.0174,46.0174,2,0
FEEM.US,D,20231215,000000,45.2821,45.2821,45.2821,45.2821,2,0
FEEM.US,D,20231218,000000,45.27,45.29,45.1,45.2673,1200,0
FEEM.US,D,20231219,000000,45.5771,45.5771,45.5771,45.5771,1,0
FEEM.US,D,20231220,000000,44.8064,44.8064,44.8064,44.8064,6,0
FEEM.US,D,20231221,000000,45.635,45.635,45.635,45.635,2,0
FEEM.US,D,20231222,000000,45.4268,45.4268,45.4268,45.4268,1,0
FEEM.US,D,20231226,000000,45.8381,45.8381,45.8381,45.8381,2,0
FEEM.US,D,20231227,000000,46.1163,46.1163,46.1163,46.1163,2,0
FEEM.US,D,20231228,000000,46.42,46.48,46.42,46.4445,200,0
FEEM.US,D,20231229,000000,46.5005,46.5005,46.5005,46.5005,2,0
FEEM.US,D,20240102,000000,45.8369,45.8369,45.8369,45.8369,2,0
FEEM.US,D,20240103,000000,45.5639,45.5639,45.5639,45.5639,4,0
FEEM.US,D,20240104,000000,45.57,45.57,45.4103,45.4103,100,0
FEEM.US,D,20240105,000000,45.3956,45.3956,45.3956,45.3956,2,0
FEEM.US,D,20240108,000000,45.591,45.591,45.591,45.591,1,0
FEEM.US,D,20240109,000000,45.0079,45.0079,45.0079,45.0079,51,0
FEEM.US,D,20240110,000000,44.9912,44.9912,44.9912,44.9912,2,0
FEEM.US,D,20240111,000000,45.143,45.143,45.143,45.143,1,0
FEEM.US,D,20240112,000000,45.3393,45.3393,45.3393,45.3393,1,0
FEEM.US,D,20240116,000000,44.1608,44.1608,44.1608,44.1608,5,0
FEEM.US,D,20240117,000000,43.5365,43.5365,43.5365,43.5365,1,0
FEEM.US,D,20240118,000000,43.9027,43.9027,43.9027,43.9027,1,0
FEEM.US,D,20240119,000000,44.4009,44.4009,44.4009,44.4009,1,0
FEEM.US,D,20240122,000000,43.9817,43.9817,43.9817,43.9817,1,0
FEEM.US,D,20240123,000000,44.4236,44.4236,44.4236,44.4236,1,0
FEEM.US,D,20240124,000000,44.9415,44.9415,44.9415,44.9415,1,0
FEEM.US,D,20240125,000000,44.9245,44.9245,44.9245,44.9245,1,0
FEEM.US,D,20240126,000000,44.92,44.92,44.92,44.92,1,0
FEEM.US,D,20240129,000000,44.9411,44.9411,44.9411,44.9411,13,0
FEEM.US,D,20240130,000000,44.6337,44.6337,44.6337,44.6337,3,0
FEEM.US,D,20240131,000000,44.3635,44.3635,44.3635,44.3635,3,0
FEEM.US,D,20240201,000000,44.9681,44.9681,44.9681,44.9681,3,0
FEEM.US,D,20240202,000000,44.8788,44.8788,44.8788,44.8788,10,0
FEEM.US,D,20240205,000000,44.861,44.861,44.861,44.861,1,0
FEEM.US,D,20240206,000000,45.8513,45.8513,45.8513,45.8513,10,0
FEEM.US,D,20240207,000000,45.8038,45.8038,45.8038,45.8038,3,0
FEEM.US,D,20240208,000000,45.5794,45.5794,45.5794,45.5794,10,0
FEEM.US,D,20240209,000000,45.8333,45.8333,45.8333,45.8333,3,0
FEEM.US,D,20240212,000000,46.12,46.12,46.109,46.109,194,0
FEEM.US,D,20240213,000000,45.1301,45.1301,45.1301,45.1301,34,0
FEEM.US,D,20240214,000000,45.7922,45.7922,45.7922,45.7922,10,0
FEEM.US,D,20240215,000000,46.0355,46.0355,46.0355,46.0355,10,0
FEEM.US,D,20240216,000000,46.2081,46.2081,46.2081,46.2081,3,0
FEEM.US,D,20240220,000000,46.2896,46.2896,46.2896,46.2896,47,0
FEEM.US,D,20240221,000000,46.3376,46.3376,46.3376,46.3376,25,0
FEEM.US,D,20240222,000000,46.7537,46.7537,46.7537,46.7537,3,0
FEEM.US,D,20240223,000000,46.6937,46.6937,46.6937,46.6937,3,0
FEEM.US,D,20240226,000000,46.3867,46.3867,46.3867,46.3867,13,0
FEEM.US,D,20240227,000000,46.5352,46.5352,46.5352,46.5352,12,0
FEEM.US,D,20240228,000000,46.0522,46.0522,46.0522,46.0522,23,0
FEEM.US,D,20240229,000000,46.1053,46.1053,46.1053,46.1053,4,0
FEEM.US,D,20240301,000000,46.6984,46.6984,46.6984,46.6984,1,0
FEEM.US,D,20240304,000000,46.7387,46.7387,46.7387,46.7387,2,0
FEEM.US,D,20240305,000000,46.337,46.337,46.337,46.337,1,0
FEEM.US,D,20240306,000000,46.9799,46.9799,46.9799,46.9799,1,0
FEEM.US,D,20240307,000000,47.291,47.291,47.291,47.291,1,0
FEEM.US,D,20240308,000000,47.2957,47.2957,47.2957,47.2957,3,0
FEEM.US,D,20240311,000000,47.4191,47.4191,47.4191,47.4191,1,0
FEEM.US,D,20240312,000000,47.8817,47.8817,47.8817,47.8817,7,0
FEEM.US,D,20240313,000000,47.7311,47.7311,47.7311,47.7311,22,0
FEEM.US,D,20240314,000000,47.5496,47.5496,47.5496,47.5496,2,0
FEEM.US,D,20240315,000000,47.2241,47.2241,47.2241,47.2241,3,0
FEEM.US,D,20240318,000000,47.1556,47.1556,47.1556,47.1556,3,0
FEEM.US,D,20240319,000000,46.9256,46.9256,46.9256,46.9256,11,0
FEEM.US,D,20240320,000000,47.4652,47.4652,47.4652,47.4652,11,0
FEEM.US,D,20240321,000000,47.626,47.626,47.626,47.626,8,0
FEEM.US,D,20240322,000000,47.2615,47.2615,47.2615,47.2615,11,0
FEEM.US,D,20240325,000000,47.2822,47.2822,47.2822,47.2822,11,0
FEEM.US,D,20240326,000000,47.2022,47.2022,47.2022,47.2022,11,0
FEEM.US,D,20240327,000000,47.2562,47.2562,47.2562,47.2562,11,0
FEEM.US,D,20240328,000000,47.4253,47.4253,47.4253,47.4253,11,0
FEEM.US,D,20240401,000000,47.4513,47.4513,47.4513,47.4513,11,0
FEEM.US,D,20240402,000000,47.5605,47.5605,47.5605,47.5605,11,0
FEEM.US,D,20240403,000000,47.6257,47.6257,47.6257,47.6257,1,0
FEEM.US,D,20240404,000000,47.4255,47.4255,47.4255,47.4255,2,0
FEEM.US,D,20240405,000000,47.3984,47.3984,47.3984,47.3984,1,0
FEEM.US,D,20240408,000000,47.71,47.71,47.6637,47.6637,554,0
FEEM.US,D,20240409,000000,48.1261,48.1261,48.1261,48.1261,1,0
FEEM.US,D,20240410,000000,47.4844,47.4844,47.4844,47.4844,15,0
FEEM.US,D,20240411,000000,47.7736,47.7736,47.7736,47.7736,2,0
FEEM.US,D,20240412,000000,46.5391,46.5391,46.5391,46.5391,22,0
FEEM.US,D,20240415,000000,46.2142,46.2142,46.2142,46.2142,12,0
FEEM.US,D,20240416,000000,45.5241,45.5241,45.5241,45.5241,2,0
FEEM.US,D,20240417,000000,45.4657,45.4657,45.4657,45.4657,1,0
FEEM.US,D,20240418,000000,45.6052,45.6052,45.6052,45.6052,11,0
FEEM.US,D,20240419,000000,45.44,45.45,45.44,45.44,302,0
FEEM.US,D,20240422,000000,45.64,45.9705,45.58,45.9705,300,0
FEEM.US,D,20240423,000000,46.1,46.2788,46.1,46.2788,200,0
