<TICKER>,<PER>,<DATE>,<TIME>,<OPEN>,<HIGH>,<LOW>,<CLOSE>,<VOL>,<OPENINT>
FIVG.US,D,20190307,000000,23.5402,23.5402,23.1475,23.1872,36521.158682398,0
FIVG.US,D,20190308,000000,23.0692,23.1862,22.8708,23.1793,44065.36931911,0
FIVG.US,D,20190311,000000,23.3677,23.6255,23.339,23.6097,60339.568687799,0
FIVG.US,D,20190312,000000,25.3789,25.3789,23.5115,23.579,118655.44975893,0
FIVG.US,D,20190313,000000,23.7029,23.7792,23.6047,23.6592,121629.97814416,0
FIVG.US,D,20190314,000000,23.7129,23.7505,23.5869,23.6157,42469.207138153,0
FIVG.US,D,20190315,000000,23.7317,23.9994,23.7317,23.9082,110222.91386548,0
FIVG.US,D,20190318,000000,24.0193,24.0867,23.7207,23.808,153191.23678353,0
FIVG.US,D,20190319,000000,23.9419,24.0193,23.8646,23.8944,171956.98179286,0
FIVG.US,D,20190320,000000,23.9419,23.9419,23.6742,23.7892,47399.866054689,0
FIVG.US,D,20190321,000000,23.7991,24.1621,23.7029,24.0877,95334.138904013,0
FIVG.US,D,20190322,000000,23.9906,24.0381,23.444,23.444,125861.87496885,0
FIVG.US,D,20190325,000000,23.33,23.4342,23.1475,23.3092,40296.288944874,0
FIVG.US,D,20190326,000000,23.5214,23.578,23.3122,23.4342,36276.138208632,0
FIVG.US,D,20190327,000000,23.4639,23.568,23.0593,23.2805,32125.914875204,0
FIVG.US,D,20190328,000000,23.3023,23.454,23.1872,23.3112,31183.140624292,0
FIVG.US,D,20190329,000000,23.4937,23.5214,23.3945,23.5025,45351.97888506,0
FIVG.US,D,20190401,000000,23.7029,23.9142,23.7029,23.8954,49969.051927764,0
FIVG.US,D,20190402,000000,24.0381,24.0867,23.9231,24.0094,164008.4369587,0
FIVG.US,D,20190403,000000,24.2692,24.3793,24.1799,24.2494,101919.44225451,0
FIVG.US,D,20190404,000000,24.3535,25.3413,24.1224,24.2791,162188.42891282,0
FIVG.US,D,20190405,000000,24.4388,24.4676,24.3258,24.4586,121874.99861793,0
FIVG.US,D,20190408,000000,24.5171,24.5518,24.2692,24.5449,93176.345431336,0
FIVG.US,D,20190409,000000,24.537,24.5469,24.3446,24.3694,56031.039945394,0
FIVG.US,D,20190410,000000,24.4676,24.661,24.3981,24.661,194858.83372973,0
FIVG.US,D,20190411,000000,24.783,24.783,24.5171,24.6055,99709.21641707,0
FIVG.US,D,20190412,000000,24.7075,24.9397,24.6977,24.9297,390762.28149576,0
FIVG.US,D,20190415,000000,24.9793,25.0339,24.6977,24.8028,298468.21143292,0
FIVG.US,D,20190416,000000,24.9694,25.1092,24.8514,25.1092,230734.67099974,0
FIVG.US,D,20190417,000000,25.2937,25.3889,25.0547,25.1856,310362.29171502,0
FIVG.US,D,20190418,000000,25.254,25.2639,25.0002,25.138,162336.65117472,0
FIVG.US,D,20190422,000000,25.1677,25.2639,25.0904,25.1579,269631.41913149,0
FIVG.US,D,20190423,000000,25.1955,25.3413,25.1677,25.3324,217074.02335123,0
FIVG.US,D,20190424,000000,25.3789,25.4613,25.254,25.3413,269078.86267214,0
FIVG.US,D,20190425,000000,25.1677,25.1677,24.4388,24.5568,458622.86958201,0
FIVG.US,D,20190426,000000,24.5469,24.5965,24.3535,24.5965,224405.47958479,0
FIVG.US,D,20190429,000000,24.6055,24.7482,24.5895,24.6253,131690.94228919,0
FIVG.US,D,20190430,000000,24.5766,24.66,24.3921,24.6342,116431.1075156,0
FIVG.US,D,20190501,000000,24.8028,24.8415,24.4676,24.4676,292093.64585617,0
FIVG.US,D,20190502,000000,24.419,24.6153,24.2107,24.4289,98581.920574802,0
FIVG.US,D,20190503,000000,24.537,24.6055,24.3346,24.6055,95939.127728127,0
FIVG.US,D,20190506,000000,24.1324,24.41,24.0282,24.3803,192713.14003354,0
FIVG.US,D,20190507,000000,24.2196,24.2296,23.7029,23.8954,218993.85455309,0
FIVG.US,D,20190508,000000,23.8755,24.2008,23.8755,23.9519,145912.21291472,0
FIVG.US,D,20190509,000000,23.6642,23.6642,23.1088,23.3677,176922.93172414,0
FIVG.US,D,20190510,000000,23.2923,23.4342,22.9085,23.3767,229670.898984,0
FIVG.US,D,20190513,000000,22.8896,22.8896,22.5059,22.6308,140368.49865642,0
FIVG.US,D,20190514,000000,22.7449,23.0216,22.6973,22.9085,163385.29846987,0
FIVG.US,D,20190515,000000,22.8123,23.1277,22.7935,23.0414,123213.03223393,0
FIVG.US,D,20190516,000000,23.0414,23.1277,22.8778,22.8896,284050.31943956,0
FIVG.US,D,20190517,000000,22.6497,22.8599,22.5336,22.5634,127329.98118203,0
FIVG.US,D,20190520,000000,22.3819,22.3997,22.1032,22.1895,218577.42057914,0
FIVG.US,D,20190521,000000,22.3997,22.5822,22.3997,22.5247,40721.797751169,0
FIVG.US,D,20190522,000000,22.3621,22.5049,22.3621,22.4087,40917.410804299,0
FIVG.US,D,20190523,000000,22.1597,22.1597,21.9515,22.0735,134059.4735356,0
FIVG.US,D,20190524,000000,22.249,22.3512,22.1567,22.1796,44336.605975255,0
FIVG.US,D,20190528,000000,22.2292,22.2689,21.894,21.894,77911.469084213,0
FIVG.US,D,20190529,000000,21.776,21.9039,21.6916,21.8245,73132.057373706,0
FIVG.US,D,20190530,000000,21.9039,22.0557,21.8285,21.9415,53193.642360295,0
FIVG.US,D,20190531,000000,21.653,21.7075,21.4616,21.4616,89232.826612815,0
FIVG.US,D,20190603,000000,21.4516,21.7015,21.4031,21.5191,84388.882761069,0
FIVG.US,D,20190604,000000,21.7472,22.0259,21.7283,22.0259,99614.434834625,0
FIVG.US,D,20190605,000000,22.2391,22.2689,21.7948,22.0834,72663.191035017,0
FIVG.US,D,20190606,000000,22.2094,22.3045,22.0844,22.249,131481.21283017,0
FIVG.US,D,20190607,000000,22.3819,22.5247,22.3472,22.5148,52606.803200904,0
FIVG.US,D,20190610,000000,22.6209,22.7746,22.5713,22.6109,92905.108775192,0
FIVG.US,D,20190611,000000,22.8123,22.8698,22.6874,22.7349,56431.340884017,0
FIVG.US,D,20190612,000000,22.7251,22.7251,22.5723,22.6209,64055.20838257,0
FIVG.US,D,20190613,000000,22.6874,22.7548,22.6299,22.7072,57555.611782163,0
FIVG.US,D,20190614,000000,22.5049,22.5049,22.254,22.3324,46007.383444518,0
FIVG.US,D,20190617,000000,22.3819,22.5049,22.3234,22.4285,77075.576192228,0
FIVG.US,D,20190618,000000,22.6398,23.0216,22.6398,22.9175,140307.999774,0
FIVG.US,D,20190619,000000,22.9273,22.9928,22.8411,22.9472,67265.682409206,0
FIVG.US,D,20190620,000000,23.3023,23.3588,23.0593,23.2428,51987.697970893,0
FIVG.US,D,20190621,000000,23.2428,23.2428,22.9571,22.975,41228.980048718,0
FIVG.US,D,20190624,000000,23.0136,23.0414,22.8798,22.8986,42061.847996583,0
FIVG.US,D,20190625,000000,22.8599,22.9085,22.5138,22.5138,57512.254249768,0
FIVG.US,D,20190626,000000,22.7538,22.8798,22.7013,22.7151,216353.07833582,0
FIVG.US,D,20190627,000000,22.851,22.9293,22.7836,22.8986,50734.362790269,0
FIVG.US,D,20190628,000000,22.9571,23.0593,22.8748,23.0136,46284.669988904,0
FIVG.US,D,20190701,000000,23.5889,23.6563,23.3132,23.3777,149211.41863556,0
FIVG.US,D,20190702,000000,23.3777,23.4649,23.2834,23.4153,67093.260594333,0
FIVG.US,D,20190703,000000,23.455,23.4947,23.335,23.4947,32858.959667089,0
FIVG.US,D,20190705,000000,23.4252,23.5125,23.214,23.451,40115.800612347,0
FIVG.US,D,20190708,000000,23.3498,23.4252,23.1971,23.215,80814.407125257,0
FIVG.US,D,20190709,000000,23.1277,23.3777,23.1277,23.3498,240059.56540876,0
FIVG.US,D,20190710,000000,23.5125,23.5988,23.3598,23.4748,86377.279362993,0
FIVG.US,D,20190711,000000,23.5512,23.5601,23.3221,23.4054,51698.311650025,0
FIVG.US,D,20190712,000000,23.5035,23.696,23.4947,23.696,62330.990233843,0
FIVG.US,D,20190715,000000,23.7614,23.809,23.689,23.7714,72694.44879093,0
FIVG.US,D,20190716,000000,23.7812,23.8487,23.6444,23.6563,64841.69385392,0
FIVG.US,D,20190717,000000,23.6662,23.6662,23.455,23.5601,68615.815801689,0
FIVG.US,D,20190718,000000,23.5601,23.5799,23.331,23.5601,45857.144553196,0
FIVG.US,D,20190719,000000,23.6563,23.6662,23.4817,23.4847,34024.571468217,0
FIVG.US,D,20190722,000000,23.4947,23.5799,23.455,23.455,46903.775218915,0
FIVG.US,D,20190723,000000,23.5799,23.7614,23.5482,23.7614,71470.354736804,0
FIVG.US,D,20190724,000000,23.7614,24.1551,23.7614,24.1551,75078.104757942,0
FIVG.US,D,20190725,000000,24.1551,24.1551,23.9291,24.0124,65408.366719173,0
FIVG.US,D,20190726,000000,24.1254,24.1453,24.0024,24.1304,79449.149012171,0
FIVG.US,D,20190729,000000,24.1839,24.1938,23.9647,24.1254,78412.601493522,0
FIVG.US,D,20190730,000000,23.9549,24.0511,23.8457,24.0024,66500.371546701,0
FIVG.US,D,20190731,000000,24.1154,24.1154,23.57,23.7714,201214.24132706,0
FIVG.US,D,20190801,000000,23.7714,24.1869,23.4342,23.5512,117945.5962053,0
FIVG.US,D,20190802,000000,23.3777,23.3777,22.975,23.1773,114910.56893766,0
FIVG.US,D,20190805,000000,22.7638,22.7638,22.3244,22.5039,163354.04071394,0
FIVG.US,D,20190806,000000,22.8411,22.851,22.5624,22.8024,75558.062558406,0
FIVG.US,D,20190807,000000,22.6299,22.9859,22.4861,22.9373,55484.533374277,0
FIVG.US,D,20190808,000000,23.1178,23.4649,23.1178,23.445,93850.907970225,0
FIVG.US,D,20190809,000000,23.3498,23.3498,23.0136,23.1475,55288.920321146,0
FIVG.US,D,20190812,000000,23.0593,23.1178,22.7389,22.8321,42405.683311621,0
FIVG.US,D,20190813,000000,22.8024,23.2933,22.6686,23.205,57613.085720454,0
FIVG.US,D,20190814,000000,22.8123,22.8123,22.4474,22.4771,81587.784505417,0
FIVG.US,D,20190815,000000,22.4672,22.4672,22.1162,22.247,59493.592648744,0
FIVG.US,D,20190816,000000,22.4572,22.6864,22.4344,22.6299,50985.433152276,0
FIVG.US,D,20190819,000000,22.975,23.0593,22.8123,22.9085,58379.404897666,0
FIVG.US,D,20190820,000000,22.8986,22.9571,22.7439,22.7538,36068.425379019,0
FIVG.US,D,20190821,000000,22.9472,22.975,22.8828,22.9472,36206.564493858,0
FIVG.US,D,20190822,000000,23.0414,23.1376,22.8788,22.9839,50338.095110473,0
FIVG.US,D,20190823,000000,22.8896,22.9085,22.1489,22.2371,88679.26183875,0
FIVG.US,D,20190826,000000,22.4572,22.4572,22.2589,22.3304,49412.462209578,0
FIVG.US,D,20190827,000000,22.4474,22.4861,22.0814,22.1489,43368.623856671,0
FIVG.US,D,20190828,000000,22.1012,22.3581,21.9723,22.3402,40696.589883497,0
FIVG.US,D,20190829,000000,22.6299,22.7866,22.6101,22.7339,62705.074990087,0
FIVG.US,D,20190830,000000,22.7836,22.8986,22.6487,22.7439,30728.390691498,0
FIVG.US,D,20190903,000000,22.6576,22.6576,22.3304,22.4771,51383.717461485,0
FIVG.US,D,20190904,000000,22.7151,22.8411,22.6963,22.7786,32613.939193323,0
FIVG.US,D,20190905,000000,23.0216,23.3459,23.0216,23.205,84078.321831357,0
FIVG.US,D,20190906,000000,23.2537,23.3865,23.215,23.3221,46072.923900464,0
FIVG.US,D,20190909,000000,23.445,23.5125,23.2933,23.3598,141998.9435374,0
FIVG.US,D,20190910,000000,23.3955,23.6662,23.215,23.6662,43092.345626992,0
FIVG.US,D,20190911,000000,23.7714,24.1492,23.7019,24.1343,93383.049946242,0
FIVG.US,D,20190912,000000,24.3297,24.3416,24.0798,24.2721,87391.643958092,0
FIVG.US,D,20190913,000000,24.2721,24.2911,24.0936,24.0986,63552.059343847,0
FIVG.US,D,20190916,000000,24.0024,24.2573,23.8576,24.2325,75567.137390768,0
FIVG.US,D,20190917,000000,24.1551,24.1551,23.9439,24.1353,35002.636733869,0
FIVG.US,D,20190918,000000,24.1353,24.1551,23.7714,24.0114,51842.500653106,0
FIVG.US,D,20190919,000000,24.0986,24.2325,23.9558,23.9637,100239.58995288,0
FIVG.US,D,20190920,000000,24.1353,24.1551,23.8764,23.934,44037.136507317,0
FIVG.US,D,20190923,000000,23.9439,23.9667,23.7029,23.8566,83369.476592436,0
FIVG.US,D,20190924,000000,23.9925,24.1066,23.443,23.5204,72081.39344916,0
FIVG.US,D,20190925,000000,23.5869,23.9122,23.4332,23.8764,34737.449965966,0
FIVG.US,D,20190926,000000,23.8864,23.8864,23.573,23.7604,30256.499408689,0
FIVG.US,D,20190927,000000,23.808,23.8844,23.3915,23.5115,49130.134091657,0
FIVG.US,D,20190930,000000,23.6255,23.6255,23.5115,23.5592,37036.407497602,0
FIVG.US,D,20191001,000000,23.6057,23.7119,22.9333,22.9849,67758.74830086,0
FIVG.US,D,20191002,000000,22.8183,22.8183,22.5089,22.6923,39314.190420395,0
FIVG.US,D,20191003,000000,22.73,22.9184,22.3929,22.8579,25504.312195267,0
FIVG.US,D,20191004,000000,22.9898,23.222,22.9423,23.212,28957.790066256,0
FIVG.US,D,20191007,000000,23.1643,23.3845,23.1455,23.2805,52790.316477552,0
FIVG.US,D,20191008,000000,23.1842,23.1842,22.7498,22.7498,62641.551163555,0
FIVG.US,D,20191009,000000,22.9621,23.0186,22.8569,22.9046,47661.019563765,0
FIVG.US,D,20191010,000000,22.9799,23.1098,22.8758,22.972,36326.553943975,0
FIVG.US,D,20191011,000000,23.2507,23.5333,23.2507,23.3757,81729.956879085,0
FIVG.US,D,20191014,000000,23.3757,23.3935,23.2268,23.2903,28578.663736477,0
FIVG.US,D,20191015,000000,23.4034,23.6642,23.3637,23.6255,37074.723456463,0
FIVG.US,D,20191016,000000,23.6255,23.6454,23.5204,23.5492,53580.835207729,0
FIVG.US,D,20191017,000000,23.7604,23.9152,23.7129,23.8477,57967.004182561,0
FIVG.US,D,20191018,000000,23.8378,23.8864,23.6841,23.8566,31926.268563245,0
FIVG.US,D,20191021,000000,23.9826,24.1234,23.9756,24.0986,66392.481873067,0
FIVG.US,D,20191022,000000,24.1551,24.1651,24.0351,24.0501,66927.896982409,0
FIVG.US,D,20191023,000000,24.0014,24.0302,23.8031,23.9152,43633.810624574,0
FIVG.US,D,20191024,000000,23.8001,23.8179,23.3945,23.4728,62889.596581442,0
FIVG.US,D,20191025,000000,23.3845,23.6772,23.3845,23.578,80968.679275407,0
FIVG.US,D,20191028,000000,23.7416,23.8764,23.7416,23.7802,64087.474453189,0
FIVG.US,D,20191029,000000,23.7227,23.7704,23.4927,23.568,43173.010803541,0
FIVG.US,D,20191030,000000,23.568,23.6157,23.443,23.6157,48718.74169126,0
FIVG.US,D,20191031,000000,23.6454,23.6454,23.3667,23.6255,44576.584875486,0
FIVG.US,D,20191101,000000,23.7029,23.8566,23.5869,23.8279,71721.425098812,0
FIVG.US,D,20191104,000000,24.0699,24.1839,24.0401,24.1154,98695.860136678,0
FIVG.US,D,20191105,000000,24.1154,24.4338,24.1154,24.2821,80009.771989185,0
FIVG.US,D,20191106,000000,24.2821,24.3476,23.9925,24.0897,48293.232884965,0
FIVG.US,D,20191107,000000,24.2821,24.3763,24.1651,24.2424,76103.560814817,0
FIVG.US,D,20191108,000000,24.2623,24.5221,24.2623,24.5221,107851.35767494,0
FIVG.US,D,20191111,000000,24.4338,24.5023,24.3109,24.4636,42604.321308872,0
FIVG.US,D,20191112,000000,24.542,24.6292,24.4536,24.4923,80071.279186303,0
FIVG.US,D,20191113,000000,24.3853,24.4388,24.2186,24.414,74140.372080564,0
FIVG.US,D,20191114,000000,24.3109,24.3109,24.0381,24.1154,77932.643693057,0
FIVG.US,D,20191115,000000,24.2623,24.3951,24.2375,24.3664,65347.867836762,0
FIVG.US,D,20191118,000000,24.3386,24.4536,24.1274,24.1651,61615.086791974,0
FIVG.US,D,20191119,000000,24.2721,24.3386,23.9737,24.0599,101102.70734195,0
FIVG.US,D,20191120,000000,23.9637,23.9637,23.6255,23.8001,91951.243062504,0
FIVG.US,D,20191121,000000,23.7515,23.7981,23.6543,23.6543,82540.641903398,0
FIVG.US,D,20191122,000000,23.7029,23.7852,23.6642,23.7515,65720.944278299,0
FIVG.US,D,20191125,000000,23.8764,24.0699,23.8656,24.0302,64750.945530302,0
FIVG.US,D,20191126,000000,24.0401,24.0798,23.9052,23.9925,72732.76474979,0
FIVG.US,D,20191127,000000,24.0014,24.1066,24.0014,24.0897,60683.404002836,0
FIVG.US,D,20191129,000000,24.0699,24.0798,23.9637,23.9826,55120.531765101,0
FIVG.US,D,20191202,000000,24.0014,24.0014,23.6355,23.6543,109974.86844759,0
FIVG.US,D,20191203,000000,23.443,23.5492,23.2507,23.5294,152476.34165637,0
FIVG.US,D,20191204,000000,23.5869,23.8001,23.5869,23.5869,41718.012681544,0
FIVG.US,D,20191205,000000,23.6841,23.6841,23.443,23.4629,228343.95682978,0
FIVG.US,D,20191206,000000,23.5869,23.7802,23.5869,23.7416,98892.481504515,0
FIVG.US,D,20191209,000000,23.7704,23.808,23.6255,23.6454,59815.245040232,0
FIVG.US,D,20191210,000000,23.7029,23.7604,23.6057,23.6642,73337.753573905,0
FIVG.US,D,20191211,000000,23.7515,23.9925,23.7515,23.9737,81202.608287397,0
FIVG.US,D,20191212,000000,24.0401,24.4923,24.0213,24.4636,170664.32233866,0
FIVG.US,D,20191213,000000,24.5221,24.664,24.3763,24.4536,106308.63617346,0
FIVG.US,D,20191216,000000,24.6838,24.888,24.6471,24.77,237913.87171257,0
FIVG.US,D,20191217,000000,24.8285,24.8385,24.6788,24.8285,189079.17383002,0
FIVG.US,D,20191218,000000,24.898,24.9267,24.775,24.898,191338.80708809,0
FIVG.US,D,20191219,000000,24.9267,25.0894,24.8782,25.0497,150071.51108051,0
FIVG.US,D,20191220,000000,25.1667,25.2144,25.021,25.1667,171828.92582509,0
FIVG.US,D,20191223,000000,25.2232,25.2827,25.1469,25.2144,210695.42451564,0
FIVG.US,D,20191224,000000,25.3125,25.3125,25.1667,25.2232,159427.66324544,0
FIVG.US,D,20191226,000000,25.2827,25.3314,25.2232,25.3314,106718.01194444,0
FIVG.US,D,20191227,000000,25.4177,25.4643,25.2372,25.2827,117315.39951351,0
FIVG.US,D,20191230,000000,25.2927,25.378,25.137,25.2729,120703.33692856,0
FIVG.US,D,20191231,000000,25.2332,25.3244,25.1569,25.2927,129022.94157485,0
FIVG.US,D,20200102,000000,25.5039,25.6299,25.4276,25.6209,273457.97344401,0
FIVG.US,D,20200103,000000,25.3879,25.4643,25.2827,25.3681,203854.00922961,0
FIVG.US,D,20200106,000000,25.2044,25.3502,25.0983,25.3384,180790.82693964,0
FIVG.US,D,20200107,000000,25.4077,25.5327,25.3502,25.4365,227405.21583769,0
FIVG.US,D,20200108,000000,25.4643,25.6884,25.378,25.5813,259302.24327444,0
FIVG.US,D,20200109,000000,25.8034,25.8333,25.5516,25.6884,218592.54529975,0
FIVG.US,D,20200110,000000,25.7161,25.7449,25.5516,25.5912,169813.30472608,0
FIVG.US,D,20200113,000000,25.735,25.8908,25.6834,25.8808,245728.31069072,0
FIVG.US,D,20200114,000000,25.9006,25.976,25.7548,25.8333,235287.2119012,0
FIVG.US,D,20200115,000000,25.8421,25.8719,25.7261,25.7846,175756.3116083,0
FIVG.US,D,20200116,000000,25.9571,26.21,25.9195,26.21,270239.43289973,0
FIVG.US,D,20200117,000000,26.3053,26.3152,26.2061,26.2865,271301.18828605,0
FIVG.US,D,20200121,000000,26.2577,26.2865,26.1615,26.2378,322101.09153226,0
FIVG.US,D,20200122,000000,26.3242,26.4689,26.2765,26.2953,307814.28045079,0
FIVG.US,D,20200123,000000,26.3152,26.3717,26.102,26.3618,250193.12821268,0
FIVG.US,D,20200124,000000,26.4203,26.4402,25.9195,26.0633,338344.03314504,0
FIVG.US,D,20200127,000000,25.5714,25.7063,25.3879,25.4643,327358.44441382,0
FIVG.US,D,20200128,000000,25.6111,25.7936,25.5863,25.6884,170309.39556186,0
FIVG.US,D,20200129,000000,25.7063,25.7063,25.1003,25.1082,285366.17013201,0
FIVG.US,D,20200130,000000,24.897,24.9952,24.665,24.9555,255717.68449156,0
FIVG.US,D,20200131,000000,24.9555,24.9555,24.412,24.4705,202516.98392832,0
FIVG.US,D,20200203,000000,24.5796,24.6927,24.54,24.6093,205029.7041778,0
FIVG.US,D,20200204,000000,24.9555,25.1469,24.897,25.1182,209733.4922853,0
FIVG.US,D,20200205,000000,25.3979,25.4742,25.2144,25.4365,212652.56336165,0
FIVG.US,D,20200206,000000,25.5327,25.6011,25.3016,25.5426,294672.91487632,0
FIVG.US,D,20200207,000000,25.4941,25.4941,25.2927,25.3314,164468.22846502,0
FIVG.US,D,20200210,000000,25.1945,25.4266,25.1569,25.4177,197391.72027336,0
FIVG.US,D,20200211,000000,25.7746,26.2329,25.7746,26.0633,265227.10049193,0
FIVG.US,D,20200212,000000,26.2676,26.3807,26.2478,26.3618,330802.84745244,0
FIVG.US,D,20200213,000000,26.1416,26.333,26.0435,26.2577,274839.36459241,0
FIVG.US,D,20200214,000000,26.2953,26.2953,26.0147,26.1515,145836.58931171,0
FIVG.US,D,20200218,000000,26.0345,26.0732,25.8908,26.0345,459826.797342,0
FIVG.US,D,20200219,000000,26.21,26.3242,26.1515,26.2765,276627.10656767,0
FIVG.US,D,20200220,000000,26.2676,26.3242,25.9195,26.2577,178047.20262229,0
FIVG.US,D,20200221,000000,26.1714,26.1714,25.8719,25.986,179897.46010937,0
FIVG.US,D,20200224,000000,25.1182,25.3314,24.9654,25.0983,325130.06891166,0
FIVG.US,D,20200225,000000,25.3314,25.3314,24.3931,24.53,307905.0287744,0
FIVG.US,D,20200226,000000,24.6292,24.8772,24.3366,24.4219,308567.49153682,0
FIVG.US,D,20200227,000000,23.9896,24.1701,23.3865,23.3905,366213.85164259,0
FIVG.US,D,20200228,000000,22.6477,23.3905,22.5128,23.324,338615.26980118,0
FIVG.US,D,20200302,000000,23.449,24.0282,23.1098,24.0282,253390.49414813,0
FIVG.US,D,20200303,000000,24.0956,24.4448,23.3052,23.5353,156071.99190102,0
FIVG.US,D,20200304,000000,23.8447,24.4031,23.7059,24.3833,156587.24071623,0
FIVG.US,D,20200305,000000,23.9132,24.1919,23.5879,23.7674,122806.68140706,0
FIVG.US,D,20200306,000000,23.1495,23.4222,22.7736,23.2953,184294.72054597,0
FIVG.US,D,20200309,000000,21.6748,22.4751,21.2294,21.5965,276625.08993826,0
FIVG.US,D,20200310,000000,22.2996,22.5674,21.5548,22.5634,139453.95721729,0
FIVG.US,D,20200311,000000,22.0497,22.0982,21.2116,21.4209,170802.46145351,0
FIVG.US,D,20200312,000000,20.2635,20.5145,19.2985,19.4067,286433.97540657,0
FIVG.US,D,20200313,000000,20.5145,21.0272,19.4454,21.0172,165950.45108411,0
FIVG.US,D,20200316,000000,18.9613,19.9055,18.4883,18.9901,165465.45171011,0
FIVG.US,D,20200317,000000,19.0487,20.0225,18.5993,19.9739,134088.7146621,0
FIVG.US,D,20200318,000000,18.7501,19.5564,18.16,18.8651,187797.6058376,0
FIVG.US,D,20200319,000000,18.6529,19.6556,18.3981,19.3184,126266.20916629,0
FIVG.US,D,20200320,000000,19.7141,19.9214,18.7005,18.7888,178608.833914,0
FIVG.US,D,20200323,000000,18.6906,18.884,18.0072,18.5845,171272.33610691,0
FIVG.US,D,20200324,000000,19.4274,20.1326,19.3352,20.1326,187054.47789864,0
FIVG.US,D,20200325,000000,20.2496,21.0232,19.7171,20.21,150267.12413364,0
FIVG.US,D,20200326,000000,20.453,21.4973,20.3518,21.412,306113.25354032,0
FIVG.US,D,20200327,000000,20.7802,21.1094,20.5005,20.6374,116274.81873604,0
FIVG.US,D,20200330,000000,20.7524,21.4288,20.6275,21.3524,243101.65087935,0
FIVG.US,D,20200331,000000,21.3911,21.5746,21.0034,21.0817,123088.00121028,0
FIVG.US,D,20200401,000000,20.4053,20.7029,20.1703,20.3161,91320.038056012,0
FIVG.US,D,20200402,000000,20.3072,20.9459,20.3072,20.8586,59133.624298396,0
FIVG.US,D,20200403,000000,20.8299,20.9944,20.4073,20.6761,80096.487053975,0
FIVG.US,D,20200406,000000,21.4586,22.131,21.3584,22.0675,239002.85159597,0
FIVG.US,D,20200407,000000,22.6973,22.6973,21.9614,21.9614,186363.78232445,0
FIVG.US,D,20200408,000000,22.244,22.8034,22.0834,22.7072,131000.246715,0
FIVG.US,D,20200409,000000,23.0166,23.1218,22.6437,22.8133,216681.78893026,0
FIVG.US,D,20200413,000000,22.7746,22.7846,22.4196,22.6199,115590.17305009,0
FIVG.US,D,20200414,000000,23.0454,23.4917,23.0454,23.4123,188849.27807686,0
FIVG.US,D,20200415,000000,23.0831,23.0831,22.6923,22.85,113701.59960414,0
FIVG.US,D,20200416,000000,23.0831,23.3757,22.8233,23.326,190735.83489338,0
FIVG.US,D,20200417,000000,23.7129,23.7912,23.3796,23.694,155220.97428843,0
FIVG.US,D,20200420,000000,23.3835,23.7812,23.2883,23.452,176386.50830009,0
FIVG.US,D,20200421,000000,23.2288,23.2288,22.5524,22.6774,139386.40013193,0
FIVG.US,D,20200422,000000,23.2983,23.5105,23.1118,23.3925,131918.82141294,0
FIVG.US,D,20200423,000000,23.5195,23.694,23.2735,23.3558,196527.59456957,0
FIVG.US,D,20200424,000000,23.4619,23.7475,23.2308,23.7227,77910.460769506,0
FIVG.US,D,20200427,000000,23.8676,24.1869,23.8676,24.1472,195959.91338961,0
FIVG.US,D,20200428,000000,24.4963,24.6253,24.0421,24.0521,178694.54066408,0
FIVG.US,D,20200429,000000,24.5261,24.7462,24.3931,24.661,172710.19287888,0
FIVG.US,D,20200430,000000,24.5063,24.6708,24.1164,24.2454,153184.17858057,0
FIVG.US,D,20200501,000000,23.7912,23.8576,23.3568,23.442,139183.72887585,0
FIVG.US,D,20200504,000000,23.336,23.5105,23.1991,23.5105,97650.237785666,0
FIVG.US,D,20200505,000000,23.7714,24.0232,23.7416,23.8011,137665.20692732,0
FIVG.US,D,20200506,000000,24.0719,24.0719,23.7832,23.7832,178231.72421364,0
FIVG.US,D,20200507,000000,24.1006,24.1769,23.8973,24.0322,115009.38377894,0
FIVG.US,D,20200508,000000,24.2454,24.5459,24.1968,24.5261,178269.03185779,0
FIVG.US,D,20200511,000000,24.3326,24.6153,24.294,24.4279,176133.42130867,0
FIVG.US,D,20200512,000000,24.5955,24.6342,23.935,23.935,183683.68183362,0
FIVG.US,D,20200513,000000,23.935,23.9945,23.1317,23.336,229009.4445363,0
FIVG.US,D,20200514,000000,23.1029,23.442,22.7548,23.442,137232.63991809,0
FIVG.US,D,20200515,000000,23.1416,23.326,22.9868,23.2883,135677.81864011,0
FIVG.US,D,20200518,000000,23.8874,24.2881,23.8011,24.2256,136478.42051735,0
FIVG.US,D,20200519,000000,24.2256,24.3604,24.0232,24.0232,133448.43482324,0
FIVG.US,D,20200520,000000,24.3793,24.7065,24.3416,24.652,145707.52502923,0
FIVG.US,D,20200521,000000,24.661,24.6917,24.2306,24.2751,104399.89643337,0
FIVG.US,D,20200522,000000,24.2653,24.5756,24.1373,24.5558,113677.40005117,0
FIVG.US,D,20200526,000000,25.0467,25.135,24.766,24.7859,217613.47171939,0
FIVG.US,D,20200527,000000,24.9625,25.1737,24.4963,25.1737,141943.48622853,0
FIVG.US,D,20200528,000000,25.1737,25.4534,25.01,25.0864,232581.9035427,0
FIVG.US,D,20200529,000000,25.2609,25.5754,25.01,25.5704,118933.74461802,0
FIVG.US,D,20200601,000000,25.6586,25.8808,25.4831,25.7737,142096.75006396,0
FIVG.US,D,20200602,000000,25.8908,26.102,25.7251,26.102,324961.68035562,0
FIVG.US,D,20200603,000000,26.2685,26.6355,26.2299,26.5374,323767.8357427,0
FIVG.US,D,20200604,000000,26.45,26.6067,26.1416,26.3162,257468.11882266,0
FIVG.US,D,20200605,000000,26.7992,26.9628,26.7307,26.8031,311332.29046302,0
FIVG.US,D,20200608,000000,26.9926,27.0411,26.7694,27.0411,385448.46299062,0
FIVG.US,D,20200609,000000,26.8666,26.9449,26.694,26.8567,212580.97301747,0
FIVG.US,D,20200610,000000,26.9926,27.0411,26.694,26.7694,227689.56058502,0
FIVG.US,D,20200611,000000,26.2388,26.2875,25.1162,25.1449,434562.46404697,0
FIVG.US,D,20200612,000000,25.8421,25.9274,25.0973,25.5604,279031.93714353,0
FIVG.US,D,20200615,000000,25.1449,25.9274,24.9773,25.8908,248243.04756962,0
FIVG.US,D,20200616,000000,26.6167,26.7407,25.9373,26.3727,377300.2718445,0
FIVG.US,D,20200617,000000,26.5374,26.6067,26.3539,26.4114,280306.446933,0
FIVG.US,D,20200618,000000,26.3162,26.3915,26.1615,26.2875,161072.22453233,0
FIVG.US,D,20200619,000000,26.5969,26.5969,26.0573,26.2875,147209.91394245,0
FIVG.US,D,20200622,000000,26.2775,26.3915,26.0533,26.3539,217267.61977494,0
FIVG.US,D,20200623,000000,26.5879,26.6554,26.4015,26.4213,239835.71954383,0
FIVG.US,D,20200624,000000,26.3242,26.3242,25.6358,25.8351,240946.8823508,0
FIVG.US,D,20200625,000000,25.7916,26.1505,25.5198,26.1505,214218.47610141,0
FIVG.US,D,20200626,000000,26.1505,26.1505,25.6646,25.7419,276084.63325538,0
FIVG.US,D,20200629,000000,25.9175,26.0038,25.5536,26.0038,203844.93439725,0
FIVG.US,D,20200630,000000,26.0335,26.5453,26.0335,26.4798,284590.77612243,0
FIVG.US,D,20200701,000000,26.5195,26.5879,26.2587,26.2963,195090.74611231,0
FIVG.US,D,20200702,000000,26.6652,26.82,26.4997,26.5482,172774.72502012,0
FIVG.US,D,20200706,000000,27.0044,27.1879,26.9469,27.1215,265435.82163626,0
FIVG.US,D,20200707,000000,26.9757,27.0629,26.6127,26.6365,243500.94350327,0
FIVG.US,D,20200708,000000,26.7039,26.8101,26.5384,26.8101,175257.1958284,0
FIVG.US,D,20200709,000000,26.9083,27.0342,26.45,26.9569,141764.0062107,0
FIVG.US,D,20200710,000000,26.9668,26.9757,26.6554,26.8785,156371.46136896,0
FIVG.US,D,20200713,000000,27.1304,27.2733,26.4114,26.4412,243414.22843847,0
FIVG.US,D,20200714,000000,26.3727,26.8686,26.2488,26.8389,163360.09060219,0
FIVG.US,D,20200715,000000,27.2078,27.2276,26.8012,27.0044,169237.55702847,0
FIVG.US,D,20200716,000000,26.8686,26.9271,26.7229,26.9083,126451.73907236,0
FIVG.US,D,20200717,000000,27.0342,27.4131,27.0342,27.3843,239981.92517633,0
FIVG.US,D,20200720,000000,27.4518,27.8108,27.3645,27.791,344630.87534229,0
FIVG.US,D,20200721,000000,28.025,28.0537,27.6213,27.6848,284862.01277858,0
FIVG.US,D,20200722,000000,27.7235,27.8405,27.6065,27.7423,135269.45118383,0
FIVG.US,D,20200723,000000,27.791,27.909,27.297,27.5202,296152.11255127,0
FIVG.US,D,20200724,000000,27.2771,27.4031,27.1126,27.2176,178804.44696713,0
FIVG.US,D,20200727,000000,27.3943,27.791,27.3188,27.7513,198501.87476561,0
FIVG.US,D,20200728,000000,27.665,27.6749,27.4031,27.4616,214131.76103661,0
FIVG.US,D,20200729,000000,27.5767,27.9467,27.5767,27.899,196581.03524904,0
FIVG.US,D,20200730,000000,27.7711,28.2392,27.672,28.2094,263960.65722013,0
FIVG.US,D,20200731,000000,28.5893,28.5893,27.9278,28.3264,278928.08072872,0
FIVG.US,D,20200803,000000,28.5694,28.7718,28.4504,28.7618,391383.40335519,0
FIVG.US,D,20200804,000000,28.7618,28.9185,28.6746,28.9185,363495.4351929,0
FIVG.US,D,20200805,000000,28.985,29.0048,28.7341,28.8095,300788.3435734,0
FIVG.US,D,20200806,000000,28.8293,28.9473,28.6904,28.9185,269561.84541671,0
FIVG.US,D,20200807,000000,28.859,28.8788,28.5059,28.7529,202921.31812576,0
FIVG.US,D,20200810,000000,28.859,28.8888,28.4554,28.6359,281887.48439335,0
FIVG.US,D,20200811,000000,28.6944,28.87,28.3632,28.4217,232823.89907235,0
FIVG.US,D,20200812,000000,28.6845,29.0058,28.6359,28.9761,169242.598602,0
FIVG.US,D,20200813,000000,29.0445,29.0545,28.7718,28.8571,260989.15377901,0
FIVG.US,D,20200814,000000,28.8293,28.8392,28.6081,28.6944,143512.4239124,0
FIVG.US,D,20200817,000000,28.8193,28.9374,28.7043,28.7618,160369.42918165,0
FIVG.US,D,20200818,000000,28.8392,28.9761,28.5992,28.7043,196717.15773447,0
FIVG.US,D,20200819,000000,28.7529,28.8392,28.5049,28.5397,268443.62440681,0
FIVG.US,D,20200820,000000,28.4316,28.5001,28.2679,28.4406,223821.66536952,0
FIVG.US,D,20200821,000000,28.4217,28.4217,28.2292,28.3929,198490.78330383,0
FIVG.US,D,20200824,000000,28.6845,28.7341,28.4406,28.6081,277125.21403286,0
FIVG.US,D,20200825,000000,28.6458,28.8095,28.5001,28.7241,219625.05955958,0
FIVG.US,D,20200826,000000,28.7906,28.8987,28.7043,28.8788,237878.58069782,0
FIVG.US,D,20200827,000000,28.9761,29.0346,28.5199,28.6458,269264.39257819,0
FIVG.US,D,20200828,000000,28.7241,28.8987,28.6568,28.8987,193260.65491936,0
FIVG.US,D,20200831,000000,28.9374,28.9573,28.6825,28.7995,298467.20311822,0
FIVG.US,D,20200901,000000,28.869,28.995,28.7618,28.995,300308.38577294,0
FIVG.US,D,20200902,000000,29.2478,29.6157,29.109,29.5592,291523.9480468,0
FIVG.US,D,20200903,000000,29.2577,29.2577,27.9655,28.1202,514532.91176258,0
FIVG.US,D,20200904,000000,28.0805,28.2967,27.1979,27.8108,425808.27576203,0
FIVG.US,D,20200908,000000,27.2375,27.4815,26.9469,26.9469,337650.31262672,0
FIVG.US,D,20200909,000000,27.4428,27.8207,27.4031,27.6253,1239643.2752201,0
FIVG.US,D,20200910,000000,27.791,27.9189,27.0629,27.1493,270355.38909101,0
FIVG.US,D,20200911,000000,27.3258,27.4716,26.9946,27.2474,226357.57685727,0
FIVG.US,D,20200914,000000,27.5668,27.665,27.4716,27.5767,203018.11633762,0
FIVG.US,D,20200915,000000,27.8405,28.0537,27.8008,27.9288,226181.12178356,0
FIVG.US,D,20200916,000000,28.0805,28.2263,27.8802,27.899,232621.22781626,0
FIVG.US,D,20200917,000000,27.537,27.8108,27.304,27.7513,167007.16489689,0
FIVG.US,D,20200918,000000,27.899,27.9655,27.297,27.5866,159314.73199828,0
FIVG.US,D,20200921,000000,27.1591,27.2276,26.8776,27.2276,357053.31253079,0
FIVG.US,D,20200922,000000,27.4041,27.548,27.1026,27.5212,212118.15656702,0
FIVG.US,D,20200923,000000,27.5212,27.5212,26.7307,26.7506,163688.80119662,0
FIVG.US,D,20200924,000000,26.6435,27.0927,26.5364,26.8101,181382.70767257,0
FIVG.US,D,20200925,000000,26.7219,27.1126,26.6097,27.0729,119780.72897179,0
FIVG.US,D,20200928,000000,27.424,27.669,27.3645,27.656,197059.9847348,0
FIVG.US,D,20200929,000000,27.7057,27.892,27.548,27.7245,146775.33030379,0
FIVG.US,D,20200930,000000,27.773,27.9873,27.5975,27.7344,170977.9082125,0
FIVG.US,D,20201001,000000,27.9675,28.0815,27.8127,28.0468,148395.69203771,0
FIVG.US,D,20201002,000000,27.548,27.8524,27.4428,27.6362,194538.18965295,0
FIVG.US,D,20201005,000000,27.892,28.2799,27.892,28.2799,126449.72244294,0
FIVG.US,D,20201006,000000,28.3384,28.6587,28.017,28.0934,206480.66904098,0
FIVG.US,D,20201007,000000,28.3761,28.5456,28.3483,28.5238,212413.59277612,0
FIVG.US,D,20201008,000000,28.7281,28.8243,28.6686,28.8045,175486.08326686,0
FIVG.US,D,20201009,000000,29.224,29.4194,29.2141,29.3698,470111.60735195,0
FIVG.US,D,20201012,000000,29.6127,29.7209,29.4392,29.5652,296537.28876929,0
FIVG.US,D,20201013,000000,29.6326,29.6524,29.2448,29.34,166292.26976973,0
FIVG.US,D,20201014,000000,29.459,29.5087,29.1189,29.234,239585.65749654,0
FIVG.US,D,20201015,000000,28.8243,29.2717,28.7281,29.1943,160217.17366091,0
FIVG.US,D,20201016,000000,29.3698,29.4392,29.1575,29.1764,181931.2308731,0
FIVG.US,D,20201019,000000,29.3212,29.4987,28.9711,29.0197,203776.36899718,0
FIVG.US,D,20201020,000000,29.2141,29.2538,28.9612,29.0296,261833.11318865,0
FIVG.US,D,20201021,000000,29.2717,29.4789,29.1387,29.1665,212736.25348232,0
FIVG.US,D,20201022,000000,29.234,29.3312,28.8838,29.1943,135172.65297197,0
FIVG.US,D,20201023,000000,29.224,29.233,29.0028,29.1943,115360.27729692,0
FIVG.US,D,20201026,000000,28.9235,29.0098,28.3384,28.6885,269380.34876948,0
FIVG.US,D,20201027,000000,28.8739,28.8739,28.5734,28.5933,129546.25690771,0
FIVG.US,D,20201028,000000,28.1232,28.1926,27.6412,27.6957,477645.73484159,0
FIVG.US,D,20201029,000000,27.538,28.0835,27.4626,27.8722,181484.54745797,0
FIVG.US,D,20201030,000000,27.7344,27.8008,27.3546,27.5975,399667.71698673,0
FIVG.US,D,20201102,000000,27.892,28.0468,27.4428,27.7245,197521.79287054,0
FIVG.US,D,20201103,000000,28.027,28.3483,27.9972,28.1827,182192.38438218,0
FIVG.US,D,20201104,000000,28.6786,28.9612,28.3483,28.747,1020513.2981816,0
FIVG.US,D,20201105,000000,29.5939,29.9639,29.4987,29.8776,803944.44049851,0
FIVG.US,D,20201106,000000,29.8964,30.2088,29.7992,30.1106,272751.14483452,0
FIVG.US,D,20201109,000000,31.0557,31.1242,30.0323,30.0611,406875.15051136,0
FIVG.US,D,20201110,000000,29.9441,29.9639,29.4154,29.6029,214318.29925738,0
FIVG.US,D,20201111,000000,29.9539,30.3833,29.9153,30.3258,211067.49264247,0
FIVG.US,D,20201112,000000,30.4131,30.559,29.9113,30.0611,252961.96039771,0
FIVG.US,D,20201113,000000,30.2663,30.5193,30.2663,30.4796,195037.30543285,0
FIVG.US,D,20201116,000000,30.8118,30.8981,30.6263,30.8604,378102.89035116,0
FIVG.US,D,20201117,000000,30.8019,30.8604,30.549,30.792,278641.71935197,0
FIVG.US,D,20201118,000000,30.8505,30.9279,30.4796,30.4895,290328.08680446,0
FIVG.US,D,20201119,000000,30.4995,30.7742,30.316,30.7742,167488.13101206,0
FIVG.US,D,20201120,000000,30.8505,30.9269,30.676,30.6858,189385.70150091,0
FIVG.US,D,20201123,000000,30.8217,30.9864,30.5995,30.8604,260848.99803475,0
FIVG.US,D,20201124,000000,31.0657,31.1817,30.7255,31.1341,383922.88283914,0
FIVG.US,D,20201125,000000,31.1817,31.2402,30.9962,31.1341,197474.40207932,0
FIVG.US,D,20201127,000000,31.2987,31.4356,31.269,31.3573,141603.68417231,0
FIVG.US,D,20201130,000000,31.4554,31.4842,31.0756,31.4842,260635.2353169,0
FIVG.US,D,20201201,000000,31.6965,31.8829,31.6201,31.8055,293965.0779521,0
FIVG.US,D,20201202,000000,31.7956,31.8551,31.6786,31.7956,285578.92453516,0
FIVG.US,D,20201203,000000,31.8452,31.991,31.7311,31.7857,509856.34815218,0
FIVG.US,D,20201204,000000,31.9425,32.3699,31.8263,32.3699,292986.00437174,0
FIVG.US,D,20201207,000000,32.5851,32.6217,32.3411,32.5167,405804.32029267,0
FIVG.US,D,20201208,000000,32.5355,32.7309,32.3897,32.711,444029.53082966,0
FIVG.US,D,20201209,000000,32.7507,32.7884,31.865,32,555238.57647844,0
FIVG.US,D,20201210,000000,31.7857,32.1408,31.6201,32.0098,453974.5387834,0
FIVG.US,D,20201211,000000,31.7758,31.7857,31.3573,31.6598,274017.58810632,0
FIVG.US,D,20201214,000000,31.9028,32.1259,31.877,31.9028,284495.99453999,0
FIVG.US,D,20201215,000000,32.0962,32.3391,32.0673,32.3312,200634.46037061,0
FIVG.US,D,20201216,000000,32.468,32.5266,32.1457,32.2825,238064.11060389,0
FIVG.US,D,20201217,000000,32.5355,32.5454,32.3927,32.5454,250092.29674199,0
FIVG.US,D,20201218,000000,32.5851,32.7011,32.4284,32.593,334400.51432652,0
FIVG.US,D,20201221,000000,32.1358,32.2955,31.8055,32.2825,464606.2090525,0
FIVG.US,D,20201222,000000,32.3599,32.4977,32.2429,32.4977,515922.36942863,0
FIVG.US,D,20201223,000000,32.6416,32.6714,32.4284,32.4284,257784.72964062,0
FIVG.US,D,20201224,000000,32.5752,32.6019,32.4324,32.6019,96438.243508022,0
FIVG.US,D,20201228,000000,32.8281,32.9272,32.6515,32.6912,542889.74626355,0
FIVG.US,D,20201229,000000,32.8379,32.8776,32.3401,32.4472,210773.06474807,0
FIVG.US,D,20201230,000000,32.6119,32.6812,32.5582,32.6217,175302.56999021,0
FIVG.US,D,20201231,000000,32.6515,32.8479,32.5157,32.8181,195397.27378319,0
FIVG.US,D,20210104,000000,33.1126,33.1791,32.2132,32.5554,315885.83967919,0
FIVG.US,D,20210105,000000,32.5256,32.9887,32.4274,32.9351,271452.43549208,0
FIVG.US,D,20210106,000000,32.7686,33.3547,32.7507,32.9936,381562.41811038,0
FIVG.US,D,20210107,000000,33.3448,33.7415,33.2426,33.6978,334351.10690588,0
FIVG.US,D,20210108,000000,34.0102,34.0777,33.551,33.8724,400606.45797881,0
FIVG.US,D,20210111,000000,33.6095,33.9804,33.5768,33.8237,374712.9363067,0
FIVG.US,D,20210112,000000,33.8237,34.0271,33.6393,33.8525,262139.64085954,0
FIVG.US,D,20210113,000000,33.8624,33.9904,33.678,33.7265,219719.84114202,0
FIVG.US,D,20210114,000000,33.9219,34.3811,33.9219,34.156,514376.62298302,0
FIVG.US,D,20210115,000000,34.1659,34.1659,33.6492,33.9517,280989.07598954,0
FIVG.US,D,20210119,000000,34.2839,34.5854,34.1976,34.5676,675236.0931122,0
FIVG.US,D,20210120,000000,34.9475,35.0645,34.7233,34.8205,383109.17287071,0
FIVG.US,D,20210121,000000,34.9772,35.0446,34.6151,34.8601,521054.69128654,0
FIVG.US,D,20210122,000000,34.762,34.8205,34.6449,34.762,362254.19978876,0
FIVG.US,D,20210125,000000,35.0645,35.4839,34.7709,35.231,532689.63468898,0
FIVG.US,D,20210126,000000,35.358,35.358,34.9137,35.1627,435720.00933044,0
FIVG.US,D,20210127,000000,34.8105,35.8371,34.3326,34.9573,532233.87644148,0
FIVG.US,D,20210128,000000,34.7808,34.8006,34.2146,34.2344,466789.21039285,0
FIVG.US,D,20210129,000000,34.6449,34.7481,33.7851,33.8436,357784.34069327,0
FIVG.US,D,20210201,000000,34.3226,34.9673,34.1818,34.8988,319254.6191148,0
FIVG.US,D,20210202,000000,35.241,35.2608,34.7104,34.9673,335193.04968611,0
FIVG.US,D,20210203,000000,35.1627,35.1705,34.6846,34.8006,335004.49483593,0
FIVG.US,D,20210204,000000,34.6945,34.8403,34.5378,34.8403,360583.4223195,0
FIVG.US,D,20210205,000000,35,35.0555,34.762,34.879,297414.52256425,0
FIVG.US,D,20210208,000000,35.1627,35.475,35.0853,35.475,299999.84147264,0
FIVG.US,D,20210209,000000,35.4552,35.6297,35.3679,35.5821,361988.00470615,0
FIVG.US,D,20210210,000000,35.6992,35.7191,35.0595,35.3779,311677.13409276,0
FIVG.US,D,20210211,000000,35.5633,35.6307,35.241,35.6119,205562.09434302,0
FIVG.US,D,20210212,000000,35.5336,35.8459,35.3282,35.8371,183285.39752441,0
FIVG.US,D,20210216,000000,36.0899,36.2268,35.5633,35.6892,345287.28821646,0
FIVG.US,D,20210217,000000,35.5236,35.5594,34.99,35.3382,285236.09753483,0
FIVG.US,D,20210218,000000,35.0645,35.0744,34.7233,34.9573,312962.73534401,0
FIVG.US,D,20210219,000000,35.1815,35.3877,35.0843,35.1627,304371.89404157,0
FIVG.US,D,20210222,000000,34.9673,35.006,34.3999,34.4684,306675.89314675,0
FIVG.US,D,20210223,000000,33.9705,34.3127,33.2278,34.1957,510840.46330607,0
FIVG.US,D,20210224,000000,34.0201,34.6846,33.8237,34.6747,249430.8422943,0
FIVG.US,D,20210225,000000,34.6846,34.8105,33.5798,33.7077,316348.65612964,0
FIVG.US,D,20210226,000000,33.8724,34.1174,33.4102,33.7454,238888.9120341,0
FIVG.US,D,20210301,000000,34.2641,34.5279,34.0589,34.4883,197849.49515027,0
FIVG.US,D,20210302,000000,34.5279,34.5478,33.8436,33.8436,169610.63347,0
FIVG.US,D,20210303,000000,33.8049,33.8327,33.0234,33.0234,217581.20564878,0
FIVG.US,D,20210304,000000,32.8876,33.0829,31.6935,32.0555,523193.32677979,0
FIVG.US,D,20210305,000000,32.4274,32.7884,31.4316,32.711,420755.61076596,0
FIVG.US,D,20210308,000000,32.6217,32.8926,32.0753,32.0753,411607.17143064,0
FIVG.US,D,20210309,000000,32.7011,33.4142,32.6961,33.1891,322015.38478218,0
FIVG.US,D,20210310,000000,33.6294,33.6592,33.1553,33.2178,230765.92875565,0
FIVG.US,D,20210311,000000,33.7553,34.2998,33.7553,34.1174,286108.28975626,0
FIVG.US,D,20210312,000000,33.8525,34.2294,33.7504,34.1957,265341.04005381,0
FIVG.US,D,20210315,000000,34.3811,34.8006,34.3811,34.8006,203511.18222928,0
FIVG.US,D,20210316,000000,34.9673,35.2608,34.8006,35.006,191662.47610899,0
FIVG.US,D,20210317,000000,34.7431,35.2886,34.4833,35.2013,192162.60020359,0
FIVG.US,D,20210318,000000,34.7143,34.8691,34.1272,34.1659,201844.43801884,0
FIVG.US,D,20210319,000000,34.1857,34.5378,33.9417,34.3524,171989.24786348,0
FIVG.US,D,20210322,000000,34.5378,34.8592,34.4466,34.6846,148385.60889064,0
FIVG.US,D,20210323,000000,34.753,34.753,33.8822,34.0102,173209.30865878,0
FIVG.US,D,20210324,000000,34.2056,34.2056,33.4132,33.4132,250454.28172175,0
FIVG.US,D,20210325,000000,33.1583,33.7652,33.0611,33.6582,221496.49165551,0
FIVG.US,D,20210326,000000,33.7652,34.7818,33.7652,34.763,179532.45018549,0
FIVG.US,D,20210329,000000,34.636,34.7153,34.1659,34.3534,350156.43993588,0
FIVG.US,D,20210330,000000,34.2056,34.2433,33.8822,34.1957,336046.0839281,0
FIVG.US,D,20210331,000000,34.2939,34.636,34.2939,34.4496,263625.89673745,0
FIVG.US,D,20210401,000000,34.8215,35.115,34.7342,35.115,419565.79941187,0
FIVG.US,D,20210405,000000,35.4869,35.6823,35.3213,35.6823,361496.95544391,0
FIVG.US,D,20210406,000000,35.6149,35.6724,35.2727,35.477,183999.28433687,0
FIVG.US,D,20210407,000000,35.4185,35.4969,35.244,35.3897,149999.92073632,0
FIVG.US,D,20210408,000000,35.6436,35.6436,35.3897,35.6149,136719.4077323,0
FIVG.US,D,20210409,000000,35.5464,35.5851,35.3659,35.5752,181202.21934004,0
FIVG.US,D,20210412,000000,35.5464,35.5464,35.2232,35.4185,175074.69086646,0
FIVG.US,D,20210413,000000,35.5167,35.5424,35.1934,35.4284,136781.92324412,0
FIVG.US,D,20210414,000000,35.4284,35.5534,35.1061,35.1735,145677.27558802,0
FIVG.US,D,20210415,000000,35.4284,35.7141,35.4185,35.7121,254262.68636956,0
FIVG.US,D,20210416,000000,35.8013,35.8489,35.6536,35.8113,345880.1772641,0
FIVG.US,D,20210419,000000,35.7319,35.7418,35.233,35.4284,172668.8519759,0
FIVG.US,D,20210420,000000,35.3213,35.4086,34.9375,35.0268,197859.57829734,0
FIVG.US,D,20210421,000000,35.0665,35.6724,35.0535,35.6436,132013.60299539,0
FIVG.US,D,20210422,000000,35.6049,35.7984,35.243,35.3402,138137.09821013,0
FIVG.US,D,20210423,000000,35.4284,36.079,35.3799,35.9471,166601.82238474,0
FIVG.US,D,20210426,000000,35.9471,36.3686,35.9471,36.3091,181432.11509321,0
FIVG.US,D,20210427,000000,36.3775,36.3775,36.0701,36.1038,238179.05848047,0
FIVG.US,D,20210428,000000,36.0939,36.0939,35.7219,35.7517,127297.71511141,0
FIVG.US,D,20210429,000000,36.1633,36.202,35.6922,36.0939,193603.48191969,0
FIVG.US,D,20210430,000000,35.7616,35.7914,35.233,35.3213,190657.18634625,0
FIVG.US,D,20210503,000000,35.4482,35.4959,35.0565,35.125,128479.45994785,0
FIVG.US,D,20210504,000000,34.8016,34.8016,34.2146,34.6161,350481.11727149,0
FIVG.US,D,20210505,000000,34.7243,35.0178,34.6886,34.7718,96177.089998946,0
FIVG.US,D,20210506,000000,34.7441,35.125,34.5686,35.1061,175542.54889045,0
FIVG.US,D,20210507,000000,35.3402,35.7219,35.3015,35.6337,132409.87067518,0
FIVG.US,D,20210510,000000,35.5067,35.5067,34.7342,34.754,159546.64438085,0
FIVG.US,D,20210511,000000,34.039,34.7342,33.9517,34.6955,283145.86114751,0
FIVG.US,D,20210512,000000,34.2443,34.5636,33.5987,33.677,245054.75646654,0
FIVG.US,D,20210513,000000,33.8337,34.2036,33.677,33.9517,187036.32823392,0
FIVG.US,D,20210514,000000,34.2839,34.871,34.2244,34.7342,125741.88551873,0
FIVG.US,D,20210517,000000,34.5765,34.7153,34.3633,34.6161,82175.631979515,0
FIVG.US,D,20210518,000000,34.5765,34.754,34.3821,34.4009,120900.9666111,0
FIVG.US,D,20210519,000000,33.912,34.6558,33.8139,34.6459,114486.06844608,0
FIVG.US,D,20210520,000000,34.7055,35.4582,34.6856,35.3501,212622.31392045,0
FIVG.US,D,20210521,000000,35.5365,35.5851,35.2033,35.243,127456.02052039,0
FIVG.US,D,20210524,000000,35.4185,35.7219,35.3897,35.5851,127582.05985874,0
FIVG.US,D,20210525,000000,35.6724,35.7369,35.4899,35.5662,106481.05798833,0
FIVG.US,D,20210526,000000,35.6049,35.7319,35.4869,35.6823,140316.06629166,0
FIVG.US,D,20210527,000000,35.7021,35.9858,35.6624,35.8886,173520.8779032,0
FIVG.US,D,20210528,000000,35.9957,36.1633,35.9957,36.0543,102635.34569637,0
FIVG.US,D,20210601,000000,36.1435,36.2595,35.8588,36.0056,141570.40978698,0
FIVG.US,D,20210602,000000,36.0443,36.2695,35.8588,36.2595,87787.911637887,0
FIVG.US,D,20210603,000000,36.0939,36.2695,35.8896,36.1138,101512.08311293,0
FIVG.US,D,20210604,000000,36.2793,36.6612,36.202,36.6413,133968.72521199,0
FIVG.US,D,20210607,000000,36.6512,36.7584,36.562,36.681,151826.98698514,0
FIVG.US,D,20210608,000000,36.8467,36.9161,36.5917,36.8179,342604.16278152,0
FIVG.US,D,20210609,000000,36.9349,36.9349,36.6225,36.6225,135525.56311937,0
FIVG.US,D,20210610,000000,36.681,36.9547,36.6225,36.925,81766.256208532,0
FIVG.US,D,20210611,000000,36.9449,36.9944,36.8119,36.9547,152981.5073245,0
FIVG.US,D,20210614,000000,37.0044,37.0926,36.7594,37.0827,85083.611594095,0
FIVG.US,D,20210615,000000,37.0926,37.1313,36.7643,36.8467,95214.149453897,0
FIVG.US,D,20210616,000000,36.8467,36.9449,36.3963,36.6512,137957.61819232,0
FIVG.US,D,20210617,000000,36.4857,36.925,36.4261,36.6909,104059.08606246,0
FIVG.US,D,20210618,000000,36.4162,36.4559,35.9372,36.0245,110575.82401288,0
FIVG.US,D,20210621,000000,36.0741,36.3041,35.9759,36.2695,148792.96803221,0
FIVG.US,D,20210622,000000,36.2793,36.3953,36.1138,36.3865,76807.364480203,0
FIVG.US,D,20210623,000000,36.3686,36.4857,36.329,36.3587,118482.01962935,0
FIVG.US,D,20210624,000000,36.5253,36.8357,36.4955,36.8089,108462.3963873,0
FIVG.US,D,20210625,000000,36.9081,37.0747,36.8486,36.918,261456.00348829,0
FIVG.US,D,20210628,000000,37.0619,37.2781,37.0619,37.1819,158937.62229791,0
FIVG.US,D,20210629,000000,37.2116,37.3792,37.1621,37.3197,105740.9549935,0
FIVG.US,D,20210630,000000,37.3296,37.3891,37.2216,37.3494,192065.80199173,0
FIVG.US,D,20210701,000000,37.3494,37.3494,37.1234,37.2513,82593.074268155,0
FIVG.US,D,20210702,000000,37.4089,37.4675,37.2414,37.4089,69854.02626171,0
FIVG.US,D,20210706,000000,37.4963,37.5161,36.9756,37.3296,99453.104481528,0
FIVG.US,D,20210707,000000,37.4675,37.4675,36.7732,37.0063,116393.79987145,0
FIVG.US,D,20210708,000000,36.3775,36.799,36.2298,36.672,110909.57618085,0
FIVG.US,D,20210709,000000,36.7891,37.1729,36.6959,37.1531,66959.154738322,0
FIVG.US,D,20210712,000000,37.1918,37.2513,37.0132,37.0946,86978.234928281,0
FIVG.US,D,20210713,000000,37.1819,37.2711,36.9567,37.0063,185860.63328573,0
FIVG.US,D,20210714,000000,37.2314,37.3693,36.918,36.9567,96530.000146346,0
FIVG.US,D,20210715,000000,36.9081,36.9369,36.3706,36.5452,125575.5135921,0
FIVG.US,D,20210716,000000,36.5937,36.6522,36.0533,36.0533,80252.775833538,0
FIVG.US,D,20210719,000000,35.6218,35.8658,35.4849,35.7399,224576.89308495,0
FIVG.US,D,20210720,000000,35.8767,36.4132,35.7646,36.2695,71803.098590067,0
FIVG.US,D,20210721,000000,36.3488,36.7702,36.319,36.7702,71524.803730974,0
FIVG.US,D,20210722,000000,36.6622,36.682,36.432,36.6037,81288.31503748,0
FIVG.US,D,20210723,000000,36.7117,36.8882,36.5253,36.8486,199915.53198462,0
FIVG.US,D,20210726,000000,36.7504,36.9081,36.7217,36.8387,69968.974138293,0
FIVG.US,D,20210727,000000,36.7891,36.7891,36.0433,36.5055,100252.69804407,0
FIVG.US,D,20210728,000000,36.5838,37.1432,36.5491,37.0063,71073.078742302,0
FIVG.US,D,20210729,000000,37.2216,37.772,37.2216,37.5944,183916.6025309,0
FIVG.US,D,20210730,000000,37.3891,37.8503,37.3514,37.7422,162767.20155455,0
FIVG.US,D,20210802,000000,37.9485,38.0952,37.762,37.8215,106644.40497084,0
FIVG.US,D,20210803,000000,37.8215,38.0149,37.4813,38.006,183110.95908013,0
FIVG.US,D,20210804,000000,37.9872,38.0903,37.8701,37.997,80986.82894013,0
FIVG.US,D,20210805,000000,37.997,38.0258,37.7521,37.8503,69188.538555184,0
FIVG.US,D,20210806,000000,37.772,38.0258,37.3197,37.8503,176390.54155892,0
FIVG.US,D,20210809,000000,37.8701,37.9435,37.6926,37.7818,106279.39504695,0
FIVG.US,D,20210810,000000,37.7818,37.9385,37.4387,37.5458,67851.513253891,0
FIVG.US,D,20210811,000000,37.6926,37.6926,37.3098,37.6341,85370.981285549,0
FIVG.US,D,20210812,000000,37.5756,37.6341,37.3891,37.5558,60975.815267825,0
FIVG.US,D,20210813,000000,37.6043,37.6807,37.4586,37.643,153842.60808416,0
FIVG.US,D,20210816,000000,37.5161,37.5161,37.2017,37.3693,98098.937830218,0
FIVG.US,D,20210817,000000,37.2017,37.2017,36.7504,36.9369,96056.092234123,0
FIVG.US,D,20210818,000000,36.8882,37.0459,36.555,36.6037,66923.863723582,0
FIVG.US,D,20210819,000000,36.2893,36.7604,36.2298,36.6037,91115.350170519,0
FIVG.US,D,20210820,000000,36.6423,36.9369,36.6423,36.9369,64208.472218012,0
FIVG.US,D,20210823,000000,37.0846,37.5944,37.0361,37.5656,150047.31152755,0
FIVG.US,D,20210824,000000,37.6827,37.6926,37.523,37.643,62156.551789556,0
FIVG.US,D,20210825,000000,37.6628,37.8116,37.6241,37.643,293397.39677214,0
FIVG.US,D,20210826,000000,37.6241,37.762,37.4675,37.5359,71072.070427595,0
FIVG.US,D,20210827,000000,37.5061,38.0655,37.4675,37.9872,69368.018573005,0
FIVG.US,D,20210830,000000,38.0655,38.1647,37.9287,38.0853,66308.791752398,0
FIVG.US,D,20210831,000000,38.0457,38.0655,37.7125,37.9187,69826.801764626,0
FIVG.US,D,20210901,000000,38.0258,38.0903,37.882,37.9287,84865.815617413,0
FIVG.US,D,20210902,000000,37.997,38.1052,37.9287,38.0853,57848.023047152,0
FIVG.US,D,20210903,000000,38.0555,38.2331,38.0159,38.125,87130.490449016,0
FIVG.US,D,20210907,000000,38.0853,38.0853,37.8116,37.8305,95277.673280429,0
FIVG.US,D,20210908,000000,37.7818,37.7918,37.4089,37.5458,66854.290008808,0
FIVG.US,D,20210909,000000,37.4963,37.7788,37.4089,37.5061,56709.63574311,0
FIVG.US,D,20210910,000000,37.6341,37.7273,37.2314,37.2314,67652.875256639,0
FIVG.US,D,20210913,000000,37.4586,37.5061,37.2811,37.4586,359173.79835931,0
FIVG.US,D,20210914,000000,37.5656,37.6628,37.1432,37.2216,232397.38195134,0
FIVG.US,D,20210915,000000,37.2612,37.2999,37.0063,37.2999,119372.36151551,0
FIVG.US,D,20210916,000000,37.2116,37.4863,37.0063,37.3792,83095.21499217,0
FIVG.US,D,20210917,000000,37.2999,37.2999,36.8099,36.8784,90720.090805431,0
FIVG.US,D,20210920,000000,36.3488,36.3547,35.7696,36.1921,225125.41628549,0
FIVG.US,D,20210921,000000,36.4162,36.4857,36.0433,36.1723,119498.40085386,0
FIVG.US,D,20210922,000000,36.3388,36.8307,36.329,36.6632,79925.073553809,0
FIVG.US,D,20210923,000000,36.8902,37.1947,36.7812,37.0668,165120.60808036,0
FIVG.US,D,20210924,000000,36.8704,37.1006,36.8189,37.0479,91355.329070752,0
FIVG.US,D,20210927,000000,36.9389,37.1649,36.7415,37.0182,72184.241549259,0
FIVG.US,D,20210928,000000,36.683,36.7514,36.0146,36.0433,144200.09454248,0
FIVG.US,D,20210929,000000,36.1028,36.201,35.7834,35.8172,154802.52368508,0
FIVG.US,D,20210930,000000,36.0334,36.2347,35.7389,35.7389,142287.32154356,0
FIVG.US,D,20211001,000000,35.8757,36.0373,35.4037,35.8856,161325.31152375,0
FIVG.US,D,20211004,000000,35.8271,35.8271,35.2667,35.3649,218309.20886712,0
FIVG.US,D,20211005,000000,35.4235,35.7884,35.3649,35.6109,143041.54094429,0
FIVG.US,D,20211006,000000,35.2965,35.7289,35.118,35.6992,164863.48783011,0
FIVG.US,D,20211007,000000,36.0334,36.4767,36.0304,36.1226,77670.481869274,0
FIVG.US,D,20211008,000000,36.2109,36.2109,35.7786,35.8083,72235.665599309,0
FIVG.US,D,20211011,000000,35.6992,35.9848,35.5217,35.5415,117576.55302259,0
FIVG.US,D,20211012,000000,35.6595,35.6595,35.3054,35.3451,143521.49874476,0
FIVG.US,D,20211013,000000,35.5019,35.7786,35.4235,35.6595,152603.38930943,0
FIVG.US,D,20211014,000000,35.9551,36.4073,35.9154,36.4073,98055.580297823,0
FIVG.US,D,20211015,000000,36.5848,36.678,36.4708,36.4965,78116.156969706,0
FIVG.US,D,20211018,000000,36.2992,36.682,36.2397,36.6145,84579.454240666,0
FIVG.US,D,20211019,000000,36.6145,36.9289,36.5947,36.9002,160606.38313776,0
FIVG.US,D,20211020,000000,36.92,37.2244,36.92,37.1749,89728.917448589,0
FIVG.US,D,20211021,000000,37.0966,37.4516,37.0966,37.4218,81035.22804606,0
FIVG.US,D,20211022,000000,37.4615,37.4694,37.0569,37.1154,94822.923347636,0
FIVG.US,D,20211025,000000,37.1451,37.3128,36.9487,37.0866,160890.7278851,0
FIVG.US,D,20211026,000000,37.3226,37.5091,37.0866,37.0966,202354.64526051,0
FIVG.US,D,20211027,000000,37.0281,37.3821,36.9002,36.9101,70582.029480062,0
FIVG.US,D,20211028,000000,37.0866,37.3921,37.0866,37.2929,74993.406322566,0
FIVG.US,D,20211029,000000,37.0668,37.3425,37.0668,37.283,95086.093486126,0
FIVG.US,D,20211101,000000,37.2929,37.766,37.1947,37.7561,892946.36304346,0
FIVG.US,D,20211102,000000,37.7858,38.2966,37.7858,38.248,182102.64437327,0
FIVG.US,D,20211103,000000,38.2877,38.8876,38.2877,38.8281,87396.685531627,0
FIVG.US,D,20211104,000000,39.0553,39.3895,39.0553,39.3895,88532.047891549,0
FIVG.US,D,20211105,000000,39.6742,39.9211,39.4093,39.5561,120862.65065224,0
FIVG.US,D,20211108,000000,39.7039,40.2454,39.683,40.1124,134432.54997714,0
FIVG.US,D,20211109,000000,40.3346,40.3723,39.8487,40.0877,239765.13751436,0
FIVG.US,D,20211110,000000,39.6742,40.0282,39.1921,39.3002,385215.54229333,0
FIVG.US,D,20211111,000000,39.6156,39.9389,39.5075,39.8219,127022.44519644,0
FIVG.US,D,20211112,000000,39.8814,40.1373,39.7832,40.0381,141966.67746678,0
FIVG.US,D,20211115,000000,40.1859,40.1859,39.7742,39.9697,59188.073292566,0
FIVG.US,D,20211116,000000,39.9012,40.5895,39.9012,40.5399,340245.71468217,0
FIVG.US,D,20211117,000000,40.4913,40.6093,40.3148,40.4814,147210.92225716,0
FIVG.US,D,20211118,000000,40.7472,40.777,40.2652,40.6688,82373.26166206,0
FIVG.US,D,20211119,000000,40.659,40.7373,40.4318,40.4814,92257.77073339,0
FIVG.US,D,20211122,000000,40.5498,40.9535,40.0282,40.0381,209140.60323766,0
FIVG.US,D,20211123,000000,39.9211,40.0976,39.4579,39.9984,77491.001851454,0
FIVG.US,D,20211124,000000,39.7634,40.4418,39.6642,40.412,114447.75248721,0
FIVG.US,D,20211126,000000,39.8517,40.0877,39.3697,39.5372,292054.3215826,0
FIVG.US,D,20211129,000000,39.931,40.4041,39.7337,40.3148,569751.25005425,0
FIVG.US,D,20211130,000000,40.1274,40.3148,39.3102,39.5561,103700.12602681,0
FIVG.US,D,20211201,000000,39.8914,40.3346,38.8183,38.848,406436.53361387,0
FIVG.US,D,20211202,000000,38.7201,39.6434,38.6219,39.4192,368397.86129765,0
FIVG.US,D,20211203,000000,39.7237,39.8972,38.966,39.3102,127814.98055603,0
FIVG.US,D,20211206,000000,39.3399,39.4579,38.8569,39.33,229620.48324866,0
FIVG.US,D,20211207,000000,39.9112,40.659,39.8814,40.5796,152121.41487955,0
FIVG.US,D,20211208,000000,40.4715,40.5796,40.3247,40.4715,79031.706723532,0
FIVG.US,D,20211209,000000,40.4219,40.6688,40.0084,40.0381,215540.37668209,0
FIVG.US,D,20211210,000000,40.4021,40.5013,39.9112,40.2256,54685.948126445,0
FIVG.US,D,20211213,000000,40.2354,40.3316,39.812,39.8417,79674.003191801,0
FIVG.US,D,20211214,000000,39.449,39.8616,39.32,39.6345,69760.252993973,0
FIVG.US,D,20211215,000000,39.684,40.767,39.4589,40.7175,111727.31940811,0
FIVG.US,D,20211216,000000,40.9832,41.0427,39.6751,39.8219,115608.32271481,0
FIVG.US,D,20211217,000000,39.5273,40.2949,39.4292,39.9012,65759.260237161,0
FIVG.US,D,20211220,000000,39.3597,39.6493,39.207,39.6255,91117.366799933,0
FIVG.US,D,20211221,000000,39.931,40.3921,39.7733,40.3823,344869.84592782,0
FIVG.US,D,20211222,000000,40.3346,40.7373,40.1918,40.6986,169241.59028729,0
FIVG.US,D,20211223,000000,40.767,41.1409,40.7571,40.9832,63932.193988333,0
FIVG.US,D,20211227,000000,41.0814,41.7509,41.0814,41.7311,155178.62507074,0
FIVG.US,D,20211228,000000,41.8094,41.8094,41.4354,41.5247,74283.552768938,0
FIVG.US,D,20211229,000000,41.5148,41.7121,41.4652,41.5544,106409.46764414,0
FIVG.US,D,20211230,000000,41.4949,41.6725,41.3066,41.3561,176303.82649413,0
FIVG.US,D,20211231,000000,41.3264,41.5446,41.247,41.2569,108067.13702221,0
FIVG.US,D,20220103,000000,41.4057,41.7023,41.2272,41.6626,167819.86655062,0
FIVG.US,D,20220104,000000,41.7716,41.8708,41,41.3164,206798.28817364,0
FIVG.US,D,20220105,000000,41.1489,41.3363,40.288,40.3078,202005.76837194,0
FIVG.US,D,20220106,000000,40.2483,40.5201,39.9022,40.288,109354.75490287,0
FIVG.US,D,20220107,000000,40.2583,40.4556,39.6047,39.7733,400106.33388421,0
FIVG.US,D,20220110,000000,39.4867,39.803,38.9423,39.7535,186791.30776016,0
FIVG.US,D,20220111,000000,39.7535,40.3475,39.5452,40.2801,92806.29393392,0
FIVG.US,D,20220112,000000,40.4656,40.654,40.1839,40.2384,113534.2193628,0
FIVG.US,D,20220113,000000,40.4061,40.4854,39.5452,39.6047,164269.59046778,0
FIVG.US,D,20220114,000000,39.3478,39.7624,39.2586,39.7535,175089.81558707,0
FIVG.US,D,20220118,000000,39.3478,39.3478,38.7241,38.7934,330483.21169037,0
FIVG.US,D,20220119,000000,38.9026,39.0811,38.24,38.2698,343228.30958506,0
FIVG.US,D,20220120,000000,38.3977,38.7141,37.527,37.527,205399.75567522,0
FIVG.US,D,20220121,000000,37.3792,37.9623,36.9686,37.0034,593849.97154815,0
FIVG.US,D,20220124,000000,36.4291,37.3455,35.5286,37.3197,558399.64308444,0
FIVG.US,D,20220125,000000,36.8546,37.2007,36.3597,36.6662,278769.77531974,0
FIVG.US,D,20220126,000000,37.1809,37.4387,36.0235,36.3498,131374.33147124,0
FIVG.US,D,20220127,000000,36.7554,36.9835,35.6179,35.7071,282608.42940876,0
FIVG.US,D,20220128,000000,35.6873,36.6077,35.3015,36.5779,138743.09534896,0
FIVG.US,D,20220131,000000,36.6077,37.9326,36.6077,37.9326,156531.78340735,0
FIVG.US,D,20220201,000000,37.9921,38.0913,37.4288,38.0715,151011.26038729,0
FIVG.US,D,20220202,000000,38.5267,38.606,38.131,38.5267,112501.70510298,0
FIVG.US,D,20220203,000000,37.9425,38.3382,37.6559,37.7253,129739.85333143,0
FIVG.US,D,20220204,000000,37.5964,38.1657,37.3396,37.8642,83866.575742917,0
FIVG.US,D,20220207,000000,37.8543,38.1607,37.7551,37.8146,78861.301538074,0
FIVG.US,D,20220208,000000,37.7154,38.4275,37.7154,38.3779,100918.18575059,0
FIVG.US,D,20220209,000000,38.6854,39.209,38.5762,39.1793,144782.90044303,0
FIVG.US,D,20220210,000000,38.4572,39.1208,37.9723,38.1508,88549.189241565,0
FIVG.US,D,20220211,000000,38.1508,38.2698,36.7257,36.9141,299117.56610414,0
FIVG.US,D,20220214,000000,36.8645,37.2801,36.5382,36.8744,158068.4550206,0
FIVG.US,D,20220215,000000,37.6212,38.3284,37.6212,38.2985,84847.665952689,0
FIVG.US,D,20220216,000000,37.9525,38.2985,37.646,38.2302,111157.62159874,0
FIVG.US,D,20220217,000000,37.8146,37.8374,37.2056,37.2206,79935.156700877,0
FIVG.US,D,20220218,000000,37.2206,37.4288,36.8248,37.0817,80837.598363515,0
FIVG.US,D,20220222,000000,36.8447,37.2999,36.449,36.7852,252770.38060341,0
FIVG.US,D,20220223,000000,36.9835,37.1709,36.0334,36.0631,99603.34337285,0
FIVG.US,D,20220224,000000,34.9841,36.9439,34.9553,36.8942,250489.5727365,0
FIVG.US,D,20220225,000000,36.924,37.5548,36.678,37.527,112437.17296174,0
FIVG.US,D,20220228,000000,37.0817,37.5468,36.8526,37.3594,77785.429745856,0
FIVG.US,D,20220301,000000,37.1511,37.3465,36.2407,36.4688,95952.235819317,0
FIVG.US,D,20220302,000000,36.5382,37.4169,36.5382,37.2801,81439.562243509,0
FIVG.US,D,20220303,000000,37.3693,37.4506,36.6463,36.7653,97213.637517597,0
FIVG.US,D,20220304,000000,36.449,36.6374,35.9431,36.1921,106743.21981211,0
FIVG.US,D,20220307,000000,36.0731,36.1226,35.0734,35.0833,232800.70783409,0
FIVG.US,D,20220308,000000,35.113,36.0136,34.7233,35.0437,119476.21793032,0
FIVG.US,D,20220309,000000,35.7269,36.2218,35.6873,36.0235,73001.984776521,0
FIVG.US,D,20220310,000000,35.598,35.7468,35.1825,35.6674,54996.509056157,0
FIVG.US,D,20220311,000000,35.9838,36.0334,35.1527,35.1725,43502.729712683,0
FIVG.US,D,20220314,000000,35.1329,35.2787,34.3613,34.5101,137456.48578301,0
FIVG.US,D,20220315,000000,34.6479,35.4195,34.6132,35.361,74897.616425414,0
FIVG.US,D,20220316,000000,35.6972,36.4688,35.4691,36.439,113840.74703369,0
FIVG.US,D,20220317,000000,36.1821,36.795,36.0988,36.795,127893.62910316,0
FIVG.US,D,20220318,000000,36.5382,37.2701,36.5382,37.1908,48360.789970325,0
FIVG.US,D,20220321,000000,37.1709,37.4089,36.7832,37.0817,67758.74830086,0
FIVG.US,D,20220322,000000,37.0717,37.5071,37.0717,37.2602,100701.39808861,0
FIVG.US,D,20220323,000000,36.9924,37.3068,36.685,36.685,74102.056121704,0
FIVG.US,D,20220324,000000,36.8635,37.5379,36.8239,37.528,44479.786663628,0
FIVG.US,D,20220325,000000,37.528,37.6548,37.2238,37.5776,61359.983171138,0
FIVG.US,D,20220328,000000,37.3991,37.766,37.2502,37.7561,68526.075792779,0
FIVG.US,D,20220329,000000,38.1032,38.5098,37.999,38.4602,55376.643700643,0
FIVG.US,D,20220330,000000,38.3114,38.47,37.7263,37.8553,34917.938298494,0
FIVG.US,D,20220331,000000,37.7363,37.7858,37.2156,37.2304,58636.525147915,0
FIVG.US,D,20220401,000000,37.3396,37.4278,36.8635,37.2999,42650.703785388,0
FIVG.US,D,20220404,000000,37.3594,37.7461,37.3262,37.7164,39235.54187326,0
FIVG.US,D,20220405,000000,37.5875,37.6371,36.8663,36.9527,92171.0556686,0
FIVG.US,D,20220406,000000,36.5759,36.7544,36.2188,36.447,146579.71725065,0
FIVG.US,D,20220407,000000,36.3478,36.5759,35.9114,36.3577,48710.675173604,0
FIVG.US,D,20220408,000000,36.2486,36.361,35.9662,36.0403,94971.145609544,0
FIVG.US,D,20220411,000000,35.7131,36.0006,35.5494,35.5742,71619.585313419,0
FIVG.US,D,20220412,000000,35.9114,36.209,35.3362,35.4552,74025.424203982,0
FIVG.US,D,20220413,000000,35.4949,36.1891,35.48,36.0998,141238.67424843,0
FIVG.US,D,20220414,000000,36.0701,36.0701,35.4354,35.4452,213744.56818918,0
FIVG.US,D,20220418,000000,35.3461,35.7824,35.3461,35.5643,60030.016072793,0
FIVG.US,D,20220419,000000,35.5047,36.2685,35.4849,36.1891,70966.197383375,0
FIVG.US,D,20220420,000000,36.3973,36.4867,36.1495,36.2288,41658.522113839,0
FIVG.US,D,20220421,000000,36.4767,36.5568,35.5047,35.5643,57206.73489359,0
FIVG.US,D,20220422,000000,35.4949,35.5444,34.7908,34.8105,99488.395496268,0
FIVG.US,D,20220425,000000,34.6618,35.1477,34.4395,35.118,131390.46450654,0
FIVG.US,D,20220426,000000,34.87,34.87,34.037,34.037,107507.52235991,0
FIVG.US,D,20220427,000000,33.918,34.2651,33.6448,33.789,114350.95427535,0
FIVG.US,D,20220428,000000,34.1164,34.88,33.7197,34.7114,79720.385668316,0
FIVG.US,D,20220429,000000,34.3841,34.7107,33.4618,33.4816,106708.93711208,0
FIVG.US,D,20220502,000000,33.4816,34.0271,33.1643,33.9874,253251.34671858,0
FIVG.US,D,20220503,000000,33.9379,34.4915,33.9379,34.2949,59527.875348778,0
FIVG.US,D,20220504,000000,34.3246,35.2072,33.799,35.1874,73976.016783346,0
FIVG.US,D,20220505,000000,34.7213,34.7986,33.5391,33.8684,82914.726659643,0
FIVG.US,D,20220506,000000,33.5907,33.9509,33.2336,33.5907,107595.2457394,0
FIVG.US,D,20220509,000000,33.0551,33.2209,32.222,32.3212,162287.24375409,0
FIVG.US,D,20220510,000000,32.9163,32.9648,32.1229,32.6187,87769.761973164,0
FIVG.US,D,20220511,000000,32.3807,32.956,31.9345,31.9642,157747.81094382,0
FIVG.US,D,20220512,000000,31.7906,32.3627,31.5973,32.1625,116367.58368907,0
FIVG.US,D,20220513,000000,32.47,33.3725,32.47,33.3031,61394.265871171,0
FIVG.US,D,20220516,000000,33.2336,33.4171,33.0056,33.0849,321019.1698518,0
FIVG.US,D,20220517,000000,33.6304,34.1609,33.5936,34.1461,57754.249779414,0
FIVG.US,D,20220518,000000,33.7295,33.9974,32.8964,33.0254,87161.748204928,0
FIVG.US,D,20220519,000000,32.7477,33.3477,32.59,32.9163,123546.7844019,0
FIVG.US,D,20220520,000000,33.2436,33.2436,32.113,32.9758,74925.849237206,0
FIVG.US,D,20220523,000000,33.0651,33.4915,32.9064,33.432,86919.752675282,0
FIVG.US,D,20220524,000000,33.1643,33.323,32.6584,33.194,89038.221874391,0
FIVG.US,D,20220525,000000,33.0254,33.7345,33.0254,33.6205,55630.739006772,0
FIVG.US,D,20220526,000000,33.5808,34.5111,33.5808,34.3048,57856.089564807,0
FIVG.US,D,20220527,000000,34.5825,35.237,34.5825,35.2271,94618.235462143,0
FIVG.US,D,20220531,000000,35.108,35.1924,34.6916,34.9593,63237.465155308,0
FIVG.US,D,20220601,000000,35.0783,35.1874,34.4337,34.7709,71671.009363469,0
FIVG.US,D,20220602,000000,34.6321,35.6139,34.618,35.6139,51507.740170428,0
FIVG.US,D,20220603,000000,35.118,35.333,34.9494,35.0089,37201.771109527,0
FIVG.US,D,20220606,000000,35.3362,35.4552,34.8713,35.0089,37412.50888326,0
FIVG.US,D,20220607,000000,34.8006,35.3221,34.7035,35.2667,181990.7214408,0
FIVG.US,D,20220608,000000,35.118,35.2271,34.6666,34.7313,47785.042272709,0
FIVG.US,D,20220609,000000,34.5329,34.87,34.0667,34.0667,46882.600610071,0
FIVG.US,D,20220610,000000,33.551,33.5808,33.0651,33.1048,78928.858623432,0
FIVG.US,D,20220613,000000,32.2815,32.3963,31.4386,31.5477,119074.90867699,0
FIVG.US,D,20220614,000000,31.6965,31.756,31.1529,31.4089,91956.284636038,0
FIVG.US,D,20220615,000000,31.6965,32.351,31.4486,31.9642,60498.882411482,0
FIVG.US,D,20220616,000000,31.2601,31.2601,30.2881,30.5063,466111.62290985,0
FIVG.US,D,20220617,000000,30.5956,31.0816,30.4603,30.913,77714.847716376,0
FIVG.US,D,20220621,000000,31.4287,31.7956,31.4287,31.6369,56752.993275504,0
FIVG.US,D,20220622,000000,31.2881,31.926,31.2881,31.6369,98978.358307153,0
FIVG.US,D,20220623,000000,31.7665,31.8961,31.4675,31.8662,63686.77524492,0
FIVG.US,D,20220624,000000,32.1353,32.6835,32.1353,32.6736,54282.241042874,0
FIVG.US,D,20220627,000000,32.7732,32.9327,32.554,32.6337,50148.820847394,0
FIVG.US,D,20220628,000000,32.7533,33.0223,31.9459,31.9858,49848.846906023,0
FIVG.US,D,20220629,000000,31.8164,31.8164,31.328,31.627,56830.514658534,0
FIVG.US,D,20220630,000000,31.2781,31.7288,31.019,31.4077,46281.263844099,0
FIVG.US,D,20220701,000000,31.2781,31.4276,30.8595,31.2781,55480.1302937,0
FIVG.US,D,20220705,000000,30.8296,31.3977,30.4907,31.3977,54875.166124313,0
FIVG.US,D,20220706,000000,31.3678,31.6369,31.218,31.4276,50581.224756193,0
FIVG.US,D,20220707,000000,31.6768,32.2169,31.6768,32.1353,53203.739414199,0
FIVG.US,D,20220708,000000,31.936,32.2861,31.8363,32.1951,31667.817589885,0
FIVG.US,D,20220711,000000,31.8662,31.9202,31.5971,31.6369,39875.465798434,0
FIVG.US,D,20220712,000000,31.6669,31.9111,31.4177,31.607,51279.491857177,0
FIVG.US,D,20220713,000000,31.0887,31.8961,31.0887,31.7566,38539.127036206,0
FIVG.US,D,20220714,000000,31.3479,31.7752,31.0788,31.7067,31372.859935159,0
FIVG.US,D,20220715,000000,32.0257,32.3546,31.8317,32.3546,47093.902280589,0
FIVG.US,D,20220718,000000,32.6038,32.6736,32.0355,32.1054,321219.92182723,0
FIVG.US,D,20220719,000000,32.4244,33.2257,32.4244,33.1819,68374.996743337,0
FIVG.US,D,20220720,000000,33.1221,33.6862,33.0623,33.6205,35203.296417281,0
FIVG.US,D,20220721,000000,33.6006,34.079,33.3613,34.079,57380.299674826,0
FIVG.US,D,20220722,000000,33.9694,33.9694,33.2417,33.4809,34551.179153431,0
FIVG.US,D,20220725,000000,33.471,33.471,33.1121,33.3613,31339.752443302,0
FIVG.US,D,20220726,000000,33.2318,33.389,33.0822,33.1819,31260.495114311,0
FIVG.US,D,20220727,000000,33.451,34.2471,33.451,34.0591,27068.885993749,0
FIVG.US,D,20220728,000000,34.0192,34.4578,33.7701,34.398,30325.459283683,0
FIVG.US,D,20220729,000000,34.3681,34.8663,34.301,34.7967,49605.055375076,0
FIVG.US,D,20220801,000000,34.5973,35.0423,34.5674,34.8963,86995.452769577,0
FIVG.US,D,20220802,000000,34.6372,35.0757,34.5574,34.7269,49577.967427193,0
FIVG.US,D,20220803,000000,34.7269,35.3449,34.7269,35.295,96744.10423547,0
FIVG.US,D,20220804,000000,35.2751,35.4844,35.1954,35.4445,93897.863193097,0
FIVG.US,D,20220805,000000,35.0757,35.4545,35.0757,35.3947,162838.69706999,0
FIVG.US,D,20220808,000000,35.3249,35.5741,34.996,35.1954,71426.905538155,0
FIVG.US,D,20220809,000000,34.9163,34.9262,34.3604,34.5176,75378.736157086,0
FIVG.US,D,20220810,000000,35.1156,35.4146,34.9163,35.3748,53231.830619411,0
FIVG.US,D,20220811,000000,35.5741,35.8682,35.1405,35.1655,38641.459283764,0
FIVG.US,D,20220812,000000,35.315,35.8383,35.3019,35.8233,124623.62215105,0
FIVG.US,D,20220815,000000,35.604,35.9828,35.5741,35.933,37764.612378218,0
FIVG.US,D,20220816,000000,35.7934,35.9629,35.5741,35.7834,315790.29316269,0
FIVG.US,D,20220817,000000,35.4346,35.4346,34.9192,35.1655,80887.622150625,0
FIVG.US,D,20220818,000000,35.1655,35.7535,35.1655,35.7037,40025.954397784,0
FIVG.US,D,20220819,000000,35.3748,35.3748,35.0263,35.1655,60542.566775834,0
FIVG.US,D,20220822,000000,34.6671,34.6747,34.1687,34.2385,62150.788274221,0
FIVG.US,D,20220823,000000,34.1986,34.5717,34.1687,34.1787,27066.879479091,0
FIVG.US,D,20220824,000000,34.1089,34.3256,33.9694,34.2086,64141.250814957,0
FIVG.US,D,20220825,000000,34.2983,34.986,34.2983,34.9761,33558.95765505,0
FIVG.US,D,20220826,000000,34.8963,34.9661,33.6105,33.6305,57199.713355606,0
FIVG.US,D,20220829,000000,33.3514,33.5906,33.2916,33.3314,29788.716612668,0
FIVG.US,D,20220830,000000,33.4909,33.4909,32.7633,32.9427,73541.771987687,0
FIVG.US,D,20220831,000000,33.1121,33.1121,32.6753,32.7633,33912.104234858,0
FIVG.US,D,20220901,000000,32.3605,32.3945,31.7566,32.2749,78039.374593594,0
FIVG.US,D,20220902,000000,32.554,32.7134,31.8213,31.9362,125960.96417061,0
FIVG.US,D,20220906,000000,31.9659,31.9659,31.4675,31.5871,46183.947883186,0
FIVG.US,D,20220907,000000,31.607,32.1403,31.5672,32.0356,42263.218241454,0
FIVG.US,D,20220908,000000,31.8762,32.2714,31.6768,32.2549,67401.837134207,0
FIVG.US,D,20220909,000000,32.544,32.925,32.544,32.8729,35016.690554087,0
FIVG.US,D,20220912,000000,32.9925,33.2456,32.9527,33.162,40401.17263883,0
FIVG.US,D,20220913,000000,32.3347,32.494,31.5323,31.607,114715.45276985,0
FIVG.US,D,20220914,000000,31.607,31.8164,31.4276,31.6868,83853.250815149,0
FIVG.US,D,20220915,000000,31.5273,31.7566,31.0987,31.1884,44185.459283818,0
FIVG.US,D,20220916,000000,30.8296,31.1087,30.7199,31.0788,128038.71009897,0
FIVG.US,D,20220919,000000,30.7997,31.1684,30.7399,31.1286,96008.716613313,0
FIVG.US,D,20220920,000000,30.8994,30.9102,30.5605,30.7,43243.400651887,0
FIVG.US,D,20220921,000000,30.78,31.24,30.4,30.4,67566,0
FIVG.US,D,20220922,000000,30.28,30.28,29.78,29.87,108158,0
FIVG.US,D,20220923,000000,29.48,29.49,28.9,29.24,135183,0
FIVG.US,D,20220926,000000,29.13,29.53,28.8,28.87,68782,0
FIVG.US,D,20220927,000000,29.19,29.4891,28.8,28.98,56283,0
FIVG.US,D,20220928,000000,28.91,29.6235,28.9,29.51,68001,0
FIVG.US,D,20220929,000000,29.11,29.12,28.48,28.75,57742,0
FIVG.US,D,20220930,000000,28.65,29.17,28.52,28.5233,42558,0
FIVG.US,D,20221003,000000,28.88,29.54,28.78,29.36,82400,0
FIVG.US,D,20221004,000000,29.97,30.45,29.97,30.45,52727,0
FIVG.US,D,20221005,000000,30.06,30.57,29.78,30.4,59635,0
FIVG.US,D,20221006,000000,30.32,30.57,30.045,30.08,69495,0
FIVG.US,D,20221007,000000,29.59,29.59,28.7801,28.86,52377,0
FIVG.US,D,20221010,000000,28.88,28.88,28.06,28.27,72619,0
FIVG.US,D,20221011,000000,28.1,28.3,27.63,27.82,42704,0
FIVG.US,D,20221012,000000,27.82,27.845,27.59,27.63,82473,0
FIVG.US,D,20221013,000000,26.96,28.38,26.8004,28.28,61184,0
FIVG.US,D,20221014,000000,28.56,28.57,27.576,27.58,70957,0
FIVG.US,D,20221017,000000,28.12,28.45,28.09,28.35,63315,0
FIVG.US,D,20221018,000000,28.94,29.17,28.3999,28.68,68773,0
FIVG.US,D,20221019,000000,28.45,28.734,28.31,28.45,232299,0
FIVG.US,D,20221020,000000,28.34,28.88,28.13,28.27,54413,0
FIVG.US,D,20221021,000000,28.17,28.935,28.17,28.89,45506,0
FIVG.US,D,20221024,000000,28.9,29.0524,28.58,28.98,32081,0
FIVG.US,D,20221025,000000,29.6704,29.8852,29.07,29.84,88595,0
FIVG.US,D,20221026,000000,29.59,30.155,29.53,29.68,73112,0
FIVG.US,D,20221027,000000,29.97,30.12,29.57,29.6,55562,0
FIVG.US,D,20221028,000000,29.64,30.475,29.64,30.44,90230,0
FIVG.US,D,20221031,000000,30.19,30.27,29.95,30.11,44748,0
FIVG.US,D,20221101,000000,30.47,30.6299,30.13,30.25,51994,0
FIVG.US,D,20221102,000000,30.24,30.6366,29.53,29.53,52322,0
FIVG.US,D,20221103,000000,29.06,29.21,28.7907,28.94,49790,0
FIVG.US,D,20221104,000000,29.49,29.65,29.006,29.45,36426,0
FIVG.US,D,20221107,000000,29.59,29.7548,29.33,29.69,48675,0
FIVG.US,D,20221108,000000,29.89,30.29,29.5026,29.86,70491,0
FIVG.US,D,20221109,000000,29.59,29.59,29.1074,29.13,47970,0
FIVG.US,D,20221110,000000,30.26,30.93,30.1067,30.9,48015,0
FIVG.US,D,20221111,000000,30.92,31.55,30.92,31.43,62984,0
FIVG.US,D,20221114,000000,31.28,31.6742,31.22,31.25,29468,0
FIVG.US,D,20221115,000000,31.89,32.0299,31.41,31.71,39282,0
FIVG.US,D,20221116,000000,31.44,31.44,30.92,30.99,40245,0
FIVG.US,D,20221117,000000,30.55,31.1499,30.55,31.09,31730,0
FIVG.US,D,20221118,000000,31.46,31.621,31.245,31.42,26484,0
FIVG.US,D,20221121,000000,31.26,31.31,31.11,31.16,33181,0
FIVG.US,D,20221122,000000,31.29,31.649,31.2,31.64,36286,0
FIVG.US,D,20221123,000000,31.63,32.075,31.63,31.87,42449,0
FIVG.US,D,20221125,000000,31.82,31.965,31.78,31.82,15028,0
FIVG.US,D,20221128,000000,31.57,31.65,31.05,31.13,56849,0
FIVG.US,D,20221129,000000,31.15,31.33,30.9714,31.1123,103945,0
FIVG.US,D,20221130,000000,31.15,32.43,31.07,32.43,125410,0
FIVG.US,D,20221201,000000,32.47,32.7,32.27,32.38,43890,0
FIVG.US,D,20221202,000000,31.86,32.2827,31.78,32.22,24653,0
FIVG.US,D,20221205,000000,31.97,32.05,31.56,31.7,77422,0
FIVG.US,D,20221206,000000,31.63,31.6621,30.98,31.13,85537,0
FIVG.US,D,20221207,000000,30.96,31.1595,30.88,30.92,59365,0
FIVG.US,D,20221208,000000,31.09,31.58,31.04,31.51,46283,0
FIVG.US,D,20221209,000000,31.41,31.67,31.27,31.29,51991,0
FIVG.US,D,20221212,000000,31.25,31.67,31.1768,31.67,52707,0
FIVG.US,D,20221213,000000,32.61,32.805,31.82,32.01,82655,0
FIVG.US,D,20221214,000000,31.95,32.21,31.43,31.65,89322,0
FIVG.US,D,20221215,000000,31.2,31.2,30.5906,30.64,75961,0
FIVG.US,D,20221216,000000,30.35,30.4342,29.99,30.17,67576,0
FIVG.US,D,20221219,000000,30.22,30.23,29.65,29.8,72237,0
FIVG.US,D,20221220,000000,29.64,29.866,29.55,29.74,47491,0
FIVG.US,D,20221221,000000,29.91,30.305,29.85,30.205,438472,0
FIVG.US,D,20221222,000000,29.88,29.88,29.25,29.71,112654,0
FIVG.US,D,20221223,000000,29.58,29.8,29.46,29.8,65110,0
FIVG.US,D,20221227,000000,29.72,29.76,29.47,29.64,86372,0
FIVG.US,D,20221228,000000,29.43,29.62,29.12,29.14,92747,0
FIVG.US,D,20221229,000000,29.4,29.9806,29.3401,29.95,139798,0
FIVG.US,D,20221230,000000,29.64,29.87,29.5042,29.87,62517,0
FIVG.US,D,20230103,000000,30.12,30.31,29.74,29.95,59040,0
FIVG.US,D,20230104,000000,30.27,30.5966,30.1852,30.42,39224,0
FIVG.US,D,20230105,000000,30.22,30.2283,29.97,29.98,32505,0
FIVG.US,D,20230106,000000,30.22,30.94,30.02,30.85,38608,0
FIVG.US,D,20230109,000000,31.1,31.5403,31.07,31.11,108508,0
FIVG.US,D,20230110,000000,31.03,31.38,30.9829,31.38,24924,0
FIVG.US,D,20230111,000000,31.4,31.62,31.32,31.61,38589,0
FIVG.US,D,20230112,000000,31.76,32.12,31.47,32.01,70779,0
FIVG.US,D,20230113,000000,31.78,32.185,31.71,32.15,50914,0
FIVG.US,D,20230117,000000,32.07,32.305,31.945,32.07,39431,0
FIVG.US,D,20230118,000000,32.24,32.3565,31.73,31.74,32293,0
FIVG.US,D,20230119,000000,31.49,31.4935,31.13,31.2,25565,0
FIVG.US,D,20230120,000000,31.29,31.6273,31.04,31.62,56712,0
FIVG.US,D,20230123,000000,31.79,32.5,31.79,32.35,65227,0
FIVG.US,D,20230124,000000,32.05,32.36,31.9496,32.19,27668,0
FIVG.US,D,20230125,000000,31.91,32.41,31.76,32.41,57707,0
FIVG.US,D,20230126,000000,32.67,32.82,32.38,32.8,43379,0
FIVG.US,D,20230127,000000,32.52,32.88,32.52,32.72,49935,0
FIVG.US,D,20230130,000000,32.41,32.65,32.28,32.28,45623,0
FIVG.US,D,20230131,000000,32.27,32.81,32.27,32.81,48977,0
FIVG.US,D,20230201,000000,32.79,33.95,32.77,33.71,66027,0
FIVG.US,D,20230202,000000,33.92,34.46,33.9,34.23,68889,0
FIVG.US,D,20230203,000000,33.65,34.015,33.441,33.56,62033,0
FIVG.US,D,20230206,000000,33.18,33.2862,32.91,32.98,58577,0
FIVG.US,D,20230207,000000,32.97,33.64,32.92,33.55,89652,0
FIVG.US,D,20230208,000000,33.34,33.5268,33.055,33.09,76047,0
FIVG.US,D,20230209,000000,33.43,33.55,32.79,32.91,44327,0
FIVG.US,D,20230210,000000,32.69,32.7976,32.5248,32.7509,45608,0
FIVG.US,D,20230213,000000,32.83,33.1907,32.73,33.13,36043,0
FIVG.US,D,20230214,000000,32.98,33.525,32.98,33.44,58544,0
FIVG.US,D,20230215,000000,33.21,33.63,33.1591,33.63,88986,0
FIVG.US,D,20230216,000000,33.24,33.6517,33.24,33.27,106295,0
FIVG.US,D,20230217,000000,33.08,33.09,32.7469,32.95,46304,0
FIVG.US,D,20230221,000000,32.58,32.64,32.08,32.08,41795,0
FIVG.US,D,20230222,000000,32.1,32.135,31.715,31.86,66899,0
FIVG.US,D,20230223,000000,32.32,32.34,31.84,32.24,49326,0
FIVG.US,D,20230224,000000,31.78,31.82,31.5273,31.64,39281,0
FIVG.US,D,20230227,000000,31.96,32.08,31.7295,31.78,54424,0
FIVG.US,D,20230228,000000,31.68,32,31.635,31.75,28615,0
FIVG.US,D,20230301,000000,31.79,31.9512,31.57,31.63,26462,0
FIVG.US,D,20230302,000000,31.38,31.905,31.28,31.85,40692,0
FIVG.US,D,20230303,000000,31.9,32.26,31.88,32.22,36404,0
FIVG.US,D,20230306,000000,32.33,32.48,31.925,31.99,48303,0
FIVG.US,D,20230307,000000,31.98,32.075,31.5592,31.6208,39537,0
FIVG.US,D,20230308,000000,31.66,32.1,31.66,32.06,48743,0
FIVG.US,D,20230309,000000,32.04,32.31,31.47,31.51,36250,0
FIVG.US,D,20230310,000000,31.51,31.53,30.75,30.91,39180,0
FIVG.US,D,20230313,000000,30.61,31.09,30.46,30.76,43191,0
FIVG.US,D,20230314,000000,31.15,31.5231,31.04,31.35,30038,0
FIVG.US,D,20230315,000000,30.9,31.03,30.59,31.01,40759,0
FIVG.US,D,20230316,000000,30.81,31.72,30.75,31.7,62817,0
FIVG.US,D,20230317,000000,31.54,31.709,31.26,31.36,33701,0
FIVG.US,D,20230320,000000,31.41,31.72,31.325,31.69,38954,0
FIVG.US,D,20230321,000000,31.91,32.14,31.64,31.89,120877,0
FIVG.US,D,20230322,000000,31.88,32.11,31.32,31.32,53613,0
FIVG.US,D,20230323,000000,31.56,32.16,31.34,31.66,249447,0
FIVG.US,D,20230324,000000,31.52,31.67,31.22,31.67,62536,0
FIVG.US,D,20230327,000000,31.79,31.85,31.46,31.54,64393,0
FIVG.US,D,20230328,000000,31.46,31.46,31.19,31.38,90371,0
FIVG.US,D,20230329,000000,31.68,32.05,31.68,32.02,42781,0
FIVG.US,D,20230330,000000,32.31,32.54,32.28,32.415,90226,0
FIVG.US,D,20230331,000000,32.35,32.8,32.35,32.79,69088,0
FIVG.US,D,20230403,000000,32.63,32.68,32.3765,32.58,35169,0
FIVG.US,D,20230404,000000,32.62,32.62,32.17,32.31,42721,0
FIVG.US,D,20230405,000000,32.13,32.21,31.91,32.09,35261,0
FIVG.US,D,20230406,000000,31.82,32.06,31.79,31.97,35808,0
FIVG.US,D,20230410,000000,31.71,32.24,31.71,32.2189,47850,0
FIVG.US,D,20230411,000000,32.31,32.3299,32.0985,32.0985,45831,0
FIVG.US,D,20230412,000000,32.32,32.36,31.8,31.8279,46010,0
FIVG.US,D,20230413,000000,31.94,32.25,31.89,32.171,40313,0
FIVG.US,D,20230414,000000,32.1,32.345,31.81,31.97,35714,0
FIVG.US,D,20230417,000000,31.84,31.98,31.74,31.96,50974,0
FIVG.US,D,20230418,000000,32.08,32.148,31.64,31.77,41877,0
FIVG.US,D,20230419,000000,31.52,31.55,31.39,31.45,88831,0
FIVG.US,D,20230420,000000,30.95,31.1227,30.69,30.85,459616,0
FIVG.US,D,20230421,000000,30.8,30.8375,30.6,30.81,70984,0
FIVG.US,D,20230424,000000,30.77,30.865,30.5,30.66,63824,0
FIVG.US,D,20230425,000000,30.5,30.5,29.97,29.9821,96527,0
FIVG.US,D,20230426,000000,30.16,30.26,29.98,30.0496,59464,0
FIVG.US,D,20230427,000000,30.07,30.35,29.84,30.33,42244,0
FIVG.US,D,20230428,000000,30.29,30.65,30.27,30.65,33572,0
FIVG.US,D,20230501,000000,30.67,30.801,30.67,30.69,194961,0
FIVG.US,D,20230502,000000,30.63,30.64,30.1505,30.29,54896,0
FIVG.US,D,20230503,000000,30.15,30.3,29.9202,29.93,286620,0
FIVG.US,D,20230504,000000,29.82,30.12,29.76,29.87,65746,0
FIVG.US,D,20230505,000000,30.02,30.53,29.9585,30.441,35785,0
FIVG.US,D,20230508,000000,30.44,30.621,30.3605,30.6092,44490,0
FIVG.US,D,20230509,000000,30.24,30.28,30.1555,30.22,83469,0
FIVG.US,D,20230510,000000,30.44,30.59,30.22,30.44,40415,0
FIVG.US,D,20230511,000000,30.34,30.34,29.9807,30.11,79615,0
FIVG.US,D,20230512,000000,30.16,30.23,29.9,30.1217,41245,0
FIVG.US,D,20230515,000000,30.16,30.53,30.1,30.53,84857,0
FIVG.US,D,20230516,000000,30.36,30.56,30.23,30.23,41545,0
FIVG.US,D,20230517,000000,30.43,30.83,30.27,30.78,57514,0
FIVG.US,D,20230518,000000,30.75,31.23,30.7459,31.19,65379,0
FIVG.US,D,20230519,000000,31.21,31.31,31.0899,31.11,43269,0
FIVG.US,D,20230522,000000,31.06,31.48,31.02,31.36,40929,0
FIVG.US,D,20230523,000000,31.18,31.4224,31.05,31.05,58328,0
FIVG.US,D,20230524,000000,30.69,30.7,30.36,30.47,114912,0
FIVG.US,D,20230525,000000,30.94,31.17,30.73,31.1,252025,0
FIVG.US,D,20230526,000000,31.44,32.62,31.44,32.58,262837,0
FIVG.US,D,20230530,000000,32.94,33.02,32.47,32.57,66648,0
FIVG.US,D,20230531,000000,32.24,32.4298,32.04,32.08,54072,0
FIVG.US,D,20230601,000000,32.11,32.598,32.03,32.3696,38428,0
FIVG.US,D,20230602,000000,32.43,32.52,32.09,32.4343,55052,0
FIVG.US,D,20230605,000000,32.31,32.31,31.923,31.99,40651,0
FIVG.US,D,20230606,000000,31.88,32.36,31.79,32.2602,58343,0
FIVG.US,D,20230607,000000,32.44,32.78,32.32,32.37,73218,0
FIVG.US,D,20230608,000000,32.36,32.571,32.24,32.53,39925,0
FIVG.US,D,20230609,000000,32.71,32.8712,32.51,32.56,44043,0
FIVG.US,D,20230612,000000,32.73,33.22,32.72,33.22,37030,0
FIVG.US,D,20230613,000000,33.49,33.69,33.38,33.48,48065,0
FIVG.US,D,20230614,000000,33.54,33.8351,33.4101,33.74,41581,0
FIVG.US,D,20230615,000000,33.52,33.99,33.5,33.86,36535,0
FIVG.US,D,20230616,000000,34.05,34.09,33.67,33.6956,39842,0
FIVG.US,D,20230620,000000,33.51,33.58,33.28,33.32,28849,0
FIVG.US,D,20230621,000000,32.95,32.95,32.55,32.55,42505,0
FIVG.US,D,20230622,000000,32.4,32.5211,32.3298,32.51,28521,0
FIVG.US,D,20230623,000000,32.22,32.31,32.05,32.08,59341,0
FIVG.US,D,20230626,000000,32.16,32.51,32.16,32.27,48661,0
FIVG.US,D,20230627,000000,32.32,33.018,32.24,32.95,39720,0
FIVG.US,D,20230628,000000,32.7,33.05,32.7,32.99,33547,0
FIVG.US,D,20230629,000000,32.99,33.2599,32.99,33.24,25970,0
FIVG.US,D,20230630,000000,33.52,33.72,33.514,33.6628,34107,0
FIVG.US,D,20230703,000000,33.67,33.85,33.67,33.84,16911,0
FIVG.US,D,20230705,000000,33.59,33.6799,33.47,33.49,39928,0
FIVG.US,D,20230706,000000,33.07,33.17,32.9031,33.16,25645,0
FIVG.US,D,20230707,000000,33.11,33.561,33.11,33.24,30504,0
FIVG.US,D,20230710,000000,33.17,33.5739,33.16,33.53,51404,0
FIVG.US,D,20230711,000000,33.61,33.73,33.43,33.7134,37606,0
FIVG.US,D,20230712,000000,34.04,34.13,33.9,34.044,77267,0
FIVG.US,D,20230713,000000,34.21,34.49,34.19,34.46,41042,0
FIVG.US,D,20230714,000000,34.08,34.08,33.545,33.59,68421,0
FIVG.US,D,20230717,000000,33.43,33.74,33.41,33.6,43448,0
FIVG.US,D,20230718,000000,33.54,33.78,33.5,33.72,50601,0
FIVG.US,D,20230719,000000,34.03,34.1624,33.97,34.05,139056,0
FIVG.US,D,20230720,000000,33.71,33.8,33.3,33.37,44349,0
FIVG.US,D,20230721,000000,33.62,33.62,33.42,33.48,20035,0
FIVG.US,D,20230724,000000,33.51,33.71,33.48,33.58,37451,0
FIVG.US,D,20230725,000000,33.73,33.95,33.73,33.86,81530,0
FIVG.US,D,20230726,000000,33.6,33.81,33.55,33.72,50137,0
FIVG.US,D,20230727,000000,34.02,34.12,33.48,33.55,44764,0
FIVG.US,D,20230728,000000,33.86,33.86,33.671,33.7,93472,0
FIVG.US,D,20230731,000000,33.69,33.8698,33.6699,33.79,44929,0
FIVG.US,D,20230801,000000,33.73,33.92,33.635,33.89,36663,0
FIVG.US,D,20230802,000000,33.52,33.52,33.051,33.12,29418,0
FIVG.US,D,20230803,000000,32.91,33.03,32.66,32.877,33085,0
FIVG.US,D,20230804,000000,32.83,33.28,32.82,32.8519,33329,0
FIVG.US,D,20230807,000000,32.99,33.04,32.85,33.0398,42206,0
FIVG.US,D,20230808,000000,32.66,32.845,32.47,32.83,29493,0
FIVG.US,D,20230809,000000,32.84,32.86,32.56,32.61,40919,0
FIVG.US,D,20230810,000000,32.82,33.1598,32.561,32.631,27018,0
FIVG.US,D,20230811,000000,32.35,32.49,32.26,32.38,41981,0
FIVG.US,D,20230814,000000,32.24,32.63,32.2,32.63,41105,0
FIVG.US,D,20230815,000000,32.47,32.4894,32.21,32.24,32941,0
FIVG.US,D,20230816,000000,32.1,32.11,31.66,31.67,42653,0
FIVG.US,D,20230817,000000,31.78,31.83,31.475,31.49,39158,0
FIVG.US,D,20230818,000000,31.12,31.56,31.12,31.49,40897,0
FIVG.US,D,20230821,000000,31.49,31.77,31.4128,31.7,63013,0
FIVG.US,D,20230822,000000,31.89,31.89,31.65,31.7,29686,0
FIVG.US,D,20230823,000000,31.59,32.19,31.59,32.12,52398,0
FIVG.US,D,20230824,000000,32.3,32.3,31.47,31.47,46050,0
FIVG.US,D,20230825,000000,31.42,31.67,31.23,31.56,44007,0
FIVG.US,D,20230828,000000,31.71,31.9253,31.71,31.89,266663,0
FIVG.US,D,20230829,000000,31.88,32.545,31.88,32.53,36871,0
FIVG.US,D,20230830,000000,32.5,32.74,32.48,32.67,32524,0
FIVG.US,D,20230831,000000,32.75,32.99,32.75,32.9089,32605,0
FIVG.US,D,20230901,000000,33.08,33.17,32.9606,33.06,27562,0
FIVG.US,D,20230905,000000,32.9,32.99,32.81,32.8454,43761,0
FIVG.US,D,20230906,000000,32.76,32.87,32.58,32.69,31959,0
FIVG.US,D,20230907,000000,32.3,32.36,32.23,32.2778,32278,0
FIVG.US,D,20230908,000000,32.23,32.312,32.13,32.17,19439,0
FIVG.US,D,20230911,000000,32.41,32.41,32.04,32.2207,30214,0
FIVG.US,D,20230912,000000,32.06,32.26,32.03,32.03,34356,0
FIVG.US,D,20230913,000000,32.02,32.205,31.97,32.08,40881,0
FIVG.US,D,20230914,000000,32.26,32.5,32.23,32.46,45289,0
FIVG.US,D,20230915,000000,32.3,32.345,32,32.0347,33070,0
FIVG.US,D,20230918,000000,31.87,32.1274,31.87,32.01,31352,0
FIVG.US,D,20230919,000000,31.95,32.01,31.76,31.895,92169,0
FIVG.US,D,20230920,000000,31.9,31.93,31.45,31.45,57740,0
FIVG.US,D,20230921,000000,31.09,31.14,30.85,30.85,45852,0
FIVG.US,D,20230922,000000,30.98,31.25,30.98,31.0062,51027,0
FIVG.US,D,20230925,000000,30.88,31.17,30.87,31.12,74942,0
FIVG.US,D,20230926,000000,30.89,30.96,30.6023,30.65,51758,0
FIVG.US,D,20230927,000000,30.79,30.95,30.4866,30.78,34873,0
FIVG.US,D,20230928,000000,30.76,31.4055,30.76,31.2474,39844,0
FIVG.US,D,20230929,000000,31.52,31.5504,31.2,31.2553,30532,0
FIVG.US,D,20231002,000000,31.25,31.46,31.1412,31.31,24237,0
FIVG.US,D,20231003,000000,31.12,31.35,30.73,30.85,48070,0
FIVG.US,D,20231004,000000,30.81,30.865,30.57,30.81,73644,0
FIVG.US,D,20231005,000000,30.76,30.76,30.47,30.68,24467,0
FIVG.US,D,20231006,000000,30.49,31.2599,30.4437,31.15,34499,0
FIVG.US,D,20231009,000000,30.93,31.3,30.91,31.2601,42261,0
FIVG.US,D,20231010,000000,31.3,31.7099,31.3,31.48,37962,0
FIVG.US,D,20231011,000000,31.56,31.61,31.32,31.54,42105,0
FIVG.US,D,20231012,000000,31.63,31.7411,31.18,31.44,141989,0
FIVG.US,D,20231013,000000,31.46,31.46,30.81,30.86,30965,0
FIVG.US,D,20231016,000000,30.95,31.44,30.95,31.34,40900,0
FIVG.US,D,20231017,000000,30.68,31.2055,30.6021,31.03,31449,0
FIVG.US,D,20231018,000000,30.75,30.85,30.49,30.54,33399,0
FIVG.US,D,20231019,000000,30.59,30.69,30.18,30.2,53356,0
FIVG.US,D,20231020,000000,30.19,30.2,29.7527,29.7606,45679,0
FIVG.US,D,20231023,000000,29.63,29.9748,29.4851,29.63,54720,0
FIVG.US,D,20231024,000000,29.72,29.935,29.59,29.91,142612,0
FIVG.US,D,20231025,000000,29.71,29.71,29.1,29.15,100406,0
FIVG.US,D,20231026,000000,29.02,29.17,28.75,28.82,126898,0
FIVG.US,D,20231027,000000,29.09,29.245,28.92,29.01,64226,0
FIVG.US,D,20231030,000000,29.11,29.14,28.815,29.02,45242,0
FIVG.US,D,20231031,000000,29.05,29.43,28.94,29.4,52980,0
FIVG.US,D,20231101,000000,29.34,29.75,29.34,29.73,34467,0
FIVG.US,D,20231102,000000,30.1,30.35,30.0601,30.31,117544,0
FIVG.US,D,20231103,000000,30.44,30.9701,30.44,30.85,45104,0
FIVG.US,D,20231106,000000,30.85,30.86,30.67,30.85,37575,0
FIVG.US,D,20231107,000000,30.92,31.26,30.9,31.1,58350,0
FIVG.US,D,20231108,000000,31.18,31.36,31.05,31.18,34996,0
FIVG.US,D,20231109,000000,31.24,31.4305,30.97,31,54015,0
FIVG.US,D,20231110,000000,31.16,31.71,31.16,31.6741,48883,0
FIVG.US,D,20231113,000000,31.52,31.63,31.41,31.55,46355,0
FIVG.US,D,20231114,000000,32.12,32.5453,32.12,32.489,96220,0
FIVG.US,D,20231115,000000,32.54,32.8301,32.53,32.63,71703,0
FIVG.US,D,20231116,000000,32.26,32.41,32.14,32.39,63556,0
FIVG.US,D,20231117,000000,32.42,32.615,32.42,32.59,41632,0
FIVG.US,D,20231120,000000,32.55,33.04,32.55,32.95,51086,0
FIVG.US,D,20231121,000000,32.73,32.78,32.56,32.63,61564,0
FIVG.US,D,20231122,000000,32.76,33,32.6301,32.73,105705,0
FIVG.US,D,20231124,000000,32.85,32.96,32.85,32.96,32328,0
FIVG.US,D,20231127,000000,32.87,33.0795,32.86,32.9,91084,0
FIVG.US,D,20231128,000000,32.78,32.99,32.74,32.8623,107552,0
FIVG.US,D,20231129,000000,33.19,33.56,33.19,33.26,84579,0
FIVG.US,D,20231130,000000,33.31,33.31,32.9912,33.21,42424,0
FIVG.US,D,20231201,000000,33.03,33.4485,32.9801,33.42,46214,0
FIVG.US,D,20231204,000000,33.1,33.2347,32.9623,33.2,38532,0
FIVG.US,D,20231205,000000,33.01,33.2107,32.9601,33.1295,41648,0
FIVG.US,D,20231206,000000,33.36,33.43,32.94,32.94,115765,0
FIVG.US,D,20231207,000000,33.11,33.5419,33.1085,33.5,48126,0
FIVG.US,D,20231208,000000,33.43,33.8401,33.43,33.771,87460,0
FIVG.US,D,20231211,000000,33.86,34.36,33.86,34.33,66533,0
FIVG.US,D,20231212,000000,34.14,34.3314,34.04,34.29,65597,0
FIVG.US,D,20231213,000000,34.28,34.84,34.1711,34.75,62743,0
FIVG.US,D,20231214,000000,34.94,35.42,34.94,35.28,79389,0
FIVG.US,D,20231215,000000,35.27,35.59,35.27,35.37,83962,0
FIVG.US,D,20231218,000000,35.41,35.53,35.23,35.47,58344,0
FIVG.US,D,20231219,000000,35.49,35.7,35.49,35.67,160921,0
FIVG.US,D,20231220,000000,35.56,35.75,35.03,35.03,91730,0
FIVG.US,D,20231221,000000,35.43,35.61,35.32,35.61,78262,0
FIVG.US,D,20231222,000000,35.71,35.9,35.6,35.74,30995,0
FIVG.US,D,20231226,000000,35.83,36.21,35.78,36.11,72160,0
FIVG.US,D,20231227,000000,36.03,36.101,35.96,36.06,48767,0
FIVG.US,D,20231228,000000,36.07,36.19,36.065,36.1,52515,0
FIVG.US,D,20231229,000000,36.06,36.12,35.74,35.8465,29642,0
FIVG.US,D,20240102,000000,35.51,35.51,34.9201,35.13,56904,0
FIVG.US,D,20240103,000000,34.75,34.8599,34.5401,34.5596,54082,0
FIVG.US,D,20240104,000000,34.29,34.5807,34.29,34.4,57866,0
FIVG.US,D,20240105,000000,34.39,34.75,34.39,34.52,23383,0
FIVG.US,D,20240108,000000,34.66,35.46,34.66,35.46,38145,0
FIVG.US,D,20240109,000000,35.22,35.5736,35.22,35.44,31622,0
FIVG.US,D,20240110,000000,35.45,35.6459,35.22,35.5688,35938,0
FIVG.US,D,20240111,000000,35.57,35.71,35.19,35.62,53356,0
FIVG.US,D,20240112,000000,35.76,35.9,35.575,35.665,32011,0
FIVG.US,D,20240116,000000,35.59,36.03,35.54,35.89,339570,0
FIVG.US,D,20240117,000000,35.6,35.605,35.28,35.57,39198,0
FIVG.US,D,20240118,000000,36.06,36.3,35.88,36.27,40890,0
FIVG.US,D,20240119,000000,36.47,37.13,36.4443,37.11,50688,0
FIVG.US,D,20240122,000000,37.34,37.52,37.14,37.28,55915,0
FIVG.US,D,20240123,000000,37.3,37.44,37.23,37.41,44467,0
FIVG.US,D,20240124,000000,37.63,37.94,37.49,37.525,113294,0
FIVG.US,D,20240125,000000,38,38.12,37.6,37.74,62371,0
FIVG.US,D,20240126,000000,37.34,37.55,37.13,37.16,29569,0
FIVG.US,D,20240129,000000,37.17,37.5,37.06,37.49,51228,0
FIVG.US,D,20240130,000000,37.31,37.36,37,37.01,307938,0
FIVG.US,D,20240131,000000,36.57,36.92,36.34,36.34,62496,0
FIVG.US,D,20240201,000000,36.4,36.71,36.2801,36.67,99132,0
FIVG.US,D,20240202,000000,36.66,36.959,36.5657,36.86,39735,0
FIVG.US,D,20240205,000000,36.92,36.99,36.6079,36.85,29347,0
FIVG.US,D,20240206,000000,37.07,37.13,36.6112,36.82,75765,0
FIVG.US,D,20240207,000000,37.04,37.2,36.83,37.15,65914,0
FIVG.US,D,20240208,000000,37.11,37.5204,37.1,37.37,68242,0
FIVG.US,D,20240209,000000,37.45,37.8277,37.44,37.74,29749,0
FIVG.US,D,20240212,000000,37.84,38.2659,37.76,37.88,50938,0
FIVG.US,D,20240213,000000,36.96,37.32,36.76,37.07,30361,0
FIVG.US,D,20240214,000000,37.37,37.6099,37.22,37.58,52781,0
FIVG.US,D,20240215,000000,37.7,37.808,37.48,37.59,38279,0
FIVG.US,D,20240216,000000,37.56,37.6,37.205,37.22,34022,0
FIVG.US,D,20240220,000000,36.94,36.9569,36.44,36.72,45038,0
FIVG.US,D,20240221,000000,36.44,36.55,36.22,36.54,46200,0
FIVG.US,D,20240222,000000,37.44,37.89,37.43,37.79,86981,0
FIVG.US,D,20240223,000000,37.95,38.0799,37.58,37.71,32885,0
FIVG.US,D,20240226,000000,37.85,37.95,37.73,37.73,109398,0
FIVG.US,D,20240227,000000,37.84,37.86,37.68,37.77,57562,0
FIVG.US,D,20240228,000000,37.52,37.785,37.47,37.64,28974,0
FIVG.US,D,20240229,000000,37.92,38.32,37.92,38.23,52436,0
FIVG.US,D,20240301,000000,38.77,39.635,38.77,39.58,372746,0
FIVG.US,D,20240304,000000,39.73,40.245,39.73,39.96,46145,0
FIVG.US,D,20240305,000000,39.6,39.66,39.06,39.31,34996,0
FIVG.US,D,20240306,000000,39.91,40.24,39.7,39.8903,42247,0
FIVG.US,D,20240307,000000,40.15,40.46,40.1,40.37,22844,0
FIVG.US,D,20240308,000000,40.49,40.69,39.49,39.49,72398,0
FIVG.US,D,20240311,000000,39.19,39.49,39.07,39.3425,31163,0
FIVG.US,D,20240312,000000,39.77,39.93,39.42,39.9194,31764,0
FIVG.US,D,20240313,000000,39.71,39.71,39.19,39.24,32156,0
FIVG.US,D,20240314,000000,39.2,39.25,38.49,38.7044,36197,0
FIVG.US,D,20240315,000000,38.44,38.7349,38.43,38.47,25903,0
FIVG.US,D,20240318,000000,38.84,38.84,38.51,38.51,298104,0
FIVG.US,D,20240319,000000,38.22,38.52,37.903,38.4204,30426,0
FIVG.US,D,20240320,000000,38.38,38.88,38.23,38.8,28986,0
FIVG.US,D,20240321,000000,39.27,39.5301,39.1783,39.1783,45064,0
FIVG.US,D,20240322,000000,39.1,39.24,38.985,39.1291,22415,0
FIVG.US,D,20240325,000000,38.77,39.1,38.77,38.91,18204,0
FIVG.US,D,20240326,000000,39.02,39.16,38.68,38.68,20190,0
FIVG.US,D,20240327,000000,38.94,39.03,38.63,39.02,55742,0
FIVG.US,D,20240328,000000,38.95,39.21,38.95,39.08,38728,0
FIVG.US,D,20240401,000000,39,39.375,38.97,39.04,24694,0
FIVG.US,D,20240402,000000,38.57,38.7412,38.34,38.7412,30180,0
FIVG.US,D,20240403,000000,38.45,39.05,38.45,38.8947,27748,0
FIVG.US,D,20240404,000000,39.29,39.4606,38.22,38.2231,17989,0
FIVG.US,D,20240405,000000,38.27,38.67,38.2462,38.49,24370,0
FIVG.US,D,20240408,000000,38.56,38.6901,38.46,38.5284,21279,0
FIVG.US,D,20240409,000000,38.72,38.83,38.36,38.78,24398,0
FIVG.US,D,20240410,000000,38.16,38.26,37.91,38.02,28916,0
FIVG.US,D,20240411,000000,38.21,38.68,38.12,38.64,16946,0
FIVG.US,D,20240412,000000,38.11,38.1509,37.5424,37.59,20055,0
FIVG.US,D,20240415,000000,37.97,38,36.978,37.0674,27570,0
FIVG.US,D,20240416,000000,37.03,37.2101,36.96,37.1104,27627,0
FIVG.US,D,20240417,000000,37.22,37.2942,36.4494,36.4494,19672,0
FIVG.US,D,20240418,000000,36.46,36.6,36.14,36.1841,13742,0
FIVG.US,D,20240419,000000,36,36.14,35.325,35.39,21587,0
FIVG.US,D,20240422,000000,35.68,35.9912,35.45,35.77,16364,0
FIVG.US,D,20240423,000000,35.89,36.5501,35.89,36.41,38379,0
FIVG.US,D,20240424,000000,36.79,36.95,36.43,36.6791,21522,0
FIVG.US,D,20240425,000000,36.46,37.0317,36.46,36.9062,24041,0
FIVG.US,D,20240426,000000,36.98,37.37,36.98,37.2897,17845,0
FIVG.US,D,20240429,000000,37.37,37.5417,37.29,37.49,19517,0
FIVG.US,D,20240430,000000,37.27,37.41,36.78,36.78,19181,0
FIVG.US,D,20240501,000000,36.43,36.9651,36.13,36.19,27635,0
FIVG.US,D,20240502,000000,36.6,36.6343,36.14,36.5191,8232,0
FIVG.US,D,20240503,000000,37.25,37.37,37.05,37.1145,22736,0
FIVG.US,D,20240506,000000,37.3,37.585,37.3,37.585,32867,0
FIVG.US,D,20240507,000000,37.58,37.63,37.43,37.4396,24047,0
FIVG.US,D,20240508,000000,37.24,37.71,37.24,37.69,23749,0
FIVG.US,D,20240509,000000,37.71,37.71,37.47,37.66,46892,0
FIVG.US,D,20240510,000000,37.86,38.01,37.74,37.82,17391,0
FIVG.US,D,20240513,000000,38.02,38.1502,38,38.03,21268,0
FIVG.US,D,20240514,000000,38.12,38.585,38.12,38.565,13313,0
FIVG.US,D,20240515,000000,38.94,39.3527,38.82,39.3527,83141,0
FIVG.US,D,20240516,000000,39.46,39.626,39.3579,39.3702,20694,0
FIVG.US,D,20240517,000000,39.44,39.48,39.122,39.27,23435,0
FIVG.US,D,20240520,000000,39.35,39.65,39.35,39.4858,19033,0
FIVG.US,D,20240521,000000,39.22,39.4702,39.17,39.4602,22174,0
FIVG.US,D,20240522,000000,39.59,39.7979,39.42,39.67,29761,0
FIVG.US,D,20240523,000000,40.16,40.16,39.237,39.41,50995,0
FIVG.US,D,20240524,000000,39.59,39.99,39.59,39.91,36673,0
FIVG.US,D,20240528,000000,40.16,40.5114,40.12,40.36,29907,0
FIVG.US,D,20240529,000000,39.88,40.0801,39.8611,39.97,44887,0
FIVG.US,D,20240530,000000,40.02,40.13,39.77,39.93,40045,0
FIVG.US,D,20240531,000000,39.78,39.84,38.93,39.7,19195,0
FIVG.US,D,20240603,000000,40.05,40.05,39.32,39.656,22431,0
FIVG.US,D,20240604,000000,39.6,39.685,39.3521,39.6,39324,0
FIVG.US,D,20240605,000000,39.99,40.49,39.99,40.49,44011,0
FIVG.US,D,20240606,000000,40.45,40.45,40.21,40.25,22225,0
FIVG.US,D,20240607,000000,40.09,40.27,40.05,40.1688,14064,0
FIVG.US,D,20240610,000000,39.89,40.397,39.89,40.32,9935,0
FIVG.US,D,20240611,000000,40.16,40.57,40.11,40.55,13255,0
FIVG.US,D,20240612,000000,41.11,41.6,41.11,41.4863,39602,0
FIVG.US,D,20240613,000000,41.79,41.95,41.4743,41.84,20070,0
FIVG.US,D,20240614,000000,41.64,41.74,41.4301,41.7,217870,0
FIVG.US,D,20240617,000000,41.78,42.2482,41.58,42.18,304666,0
FIVG.US,D,20240618,000000,42.21,42.6,42.21,42.4781,25778,0
FIVG.US,D,20240620,000000,42.63,42.67,41.86,41.92,38728,0
FIVG.US,D,20240621,000000,41.76,41.965,41.425,41.75,19334,0
