<TICKER>,<PER>,<DATE>,<TIME>,<OPEN>,<HIGH>,<LOW>,<CLOSE>,<VOL>,<OPENINT>
FXED.US,D,20230404,000000,17.31,17.435,17.31,17.435,1670,0
FXED.US,D,20230405,000000,17.45,17.53,17.3601,17.45,2328,0
FXED.US,D,20230406,000000,17.46,17.48,17.38,17.475,9801,0
FXED.US,D,20230410,000000,17.3767,17.455,17.33,17.4548,2049,0
FXED.US,D,20230411,000000,17.32,17.388,17.3,17.37,1334,0
FXED.US,D,20230412,000000,17.5,17.5,17.435,17.435,4529,0
FXED.US,D,20230413,000000,17.45,17.54,17.39,17.54,715,0
FXED.US,D,20230414,000000,17.62,17.62,17.46,17.5,3263,0
FXED.US,D,20230417,000000,17.43,17.59,17.43,17.59,3103,0
FXED.US,D,20230418,000000,17.49,17.66,17.48,17.575,3425,0
FXED.US,D,20230419,000000,17.51,17.56,17.45,17.535,7311,0
FXED.US,D,20230420,000000,17.46,17.54,17.46,17.54,409,0
FXED.US,D,20230421,000000,17.4,17.5699,17.4,17.48,6530,0
FXED.US,D,20230424,000000,17.54,17.554,17.47,17.535,2320,0
FXED.US,D,20230425,000000,17.47,17.55,17.47,17.55,1333,0
FXED.US,D,20230426,000000,17.4,17.51,17.37,17.45,3476,0
FXED.US,D,20230427,000000,17.45,17.46,17.2701,17.46,4502,0
FXED.US,D,20230428,000000,17.51,17.64,17.485,17.555,13201,0
FXED.US,D,20230501,000000,17.57,17.6399,17.48,17.56,6143,0
FXED.US,D,20230502,000000,17.39,17.52,17.25,17.395,4715,0
FXED.US,D,20230503,000000,17.33,17.33,17.12,17.225,4462,0
FXED.US,D,20230504,000000,17.17,17.29,16.97,16.99,3999,0
FXED.US,D,20230505,000000,16.955,17.16,16.955,17.105,8621,0
FXED.US,D,20230508,000000,17.26,17.28,17.19,17.19,14039,0
FXED.US,D,20230509,000000,17.11,17.189,17.1001,17.189,764,0
FXED.US,D,20230510,000000,17.2,17.22,17.13,17.22,9336,0
FXED.US,D,20230511,000000,17.25,17.28,17.1,17.2015,8017,0
FXED.US,D,20230512,000000,17.15,17.2,17.1066,17.1066,3929,0
FXED.US,D,20230515,000000,17.08,17.18,17.08,17.11,5141,0
FXED.US,D,20230516,000000,17.15,17.15,17,17.015,2844,0
FXED.US,D,20230517,000000,16.96,17.08,16.88,17.08,8443,0
FXED.US,D,20230518,000000,17.14,17.14,17.14,17.14,2202,0
FXED.US,D,20230519,000000,17.12,17.23,17.12,17.14,6443,0
FXED.US,D,20230522,000000,17.09,17.178,17.07,17.07,5427,0
FXED.US,D,20230523,000000,17.158,17.158,17.07,17.14,693,0
FXED.US,D,20230524,000000,17.12,17.16,17.0653,17.12,4957,0
FXED.US,D,20230525,000000,16.94,17.038,16.9318,17.02,4531,0
FXED.US,D,20230526,000000,17.05,17.07,16.89,16.98,6964,0
FXED.US,D,20230530,000000,17,17.19,17,17.19,5953,0
FXED.US,D,20230531,000000,17.17,17.19,17.115,17.19,1746,0
FXED.US,D,20230601,000000,17.21,17.31,17.2001,17.2511,7840,0
FXED.US,D,20230602,000000,17.36,17.42,17.33,17.4009,3517,0
FXED.US,D,20230605,000000,17.435,17.51,17.35,17.48,5451,0
FXED.US,D,20230606,000000,17.45,17.47,17.4101,17.47,1043,0
FXED.US,D,20230607,000000,17.57,17.58,17.4001,17.4784,10674,0
FXED.US,D,20230608,000000,17.59,17.6,17.44,17.52,2968,0
FXED.US,D,20230609,000000,17.41,17.58,17.41,17.505,11454,0
FXED.US,D,20230612,000000,17.5,17.5,17.445,17.445,1532,0
FXED.US,D,20230613,000000,17.5,17.5299,17.43,17.43,5457,0
FXED.US,D,20230614,000000,17.51,17.5182,17.165,17.43,6358,0
FXED.US,D,20230615,000000,17.34,17.47,17.34,17.3911,4450,0
FXED.US,D,20230616,000000,17.44,17.4982,17.4315,17.465,9781,0
FXED.US,D,20230620,000000,17.37,17.45,17.37,17.45,591,0
FXED.US,D,20230621,000000,17.43,17.43,17.3,17.37,3777,0
FXED.US,D,20230622,000000,17.28,17.34,17.28,17.34,1536,0
FXED.US,D,20230623,000000,17.2,17.35,17.2,17.305,5559,0
FXED.US,D,20230626,000000,17.19,17.32,17.16,17.24,4923,0
FXED.US,D,20230627,000000,17.295,17.3199,17.29,17.305,1140,0
FXED.US,D,20230628,000000,17.29,17.33,17.2,17.28,4938,0
FXED.US,D,20230629,000000,17.3798,17.42,17.35,17.35,4183,0
FXED.US,D,20230630,000000,17.43,17.46,17.37,17.46,4842,0
FXED.US,D,20230703,000000,17.42,17.54,17.42,17.4714,4760,0
FXED.US,D,20230705,000000,17.53,17.59,17.48,17.54,1955,0
FXED.US,D,20230706,000000,17.43,17.43,17.29,17.33,3230,0
FXED.US,D,20230707,000000,17.34,17.45,17.27,17.36,5800,0
FXED.US,D,20230710,000000,17.31,17.395,17.31,17.395,1352,0
FXED.US,D,20230711,000000,17.44,17.445,17.38,17.445,2957,0
FXED.US,D,20230712,000000,17.57,17.65,17.57,17.65,16287,0
FXED.US,D,20230713,000000,17.62,17.7799,17.61,17.69,2050,0
FXED.US,D,20230714,000000,17.69,17.69,17.58,17.625,10286,0
FXED.US,D,20230717,000000,17.55,17.63,17.5001,17.59,4111,0
FXED.US,D,20230718,000000,17.52,17.52,17.52,17.52,688,0
FXED.US,D,20230719,000000,17.69,17.7,17.545,17.61,4942,0
FXED.US,D,20230720,000000,17.59,17.72,17.59,17.62,5897,0
FXED.US,D,20230721,000000,17.61,17.69,17.61,17.61,1060,0
FXED.US,D,20230724,000000,17.77,17.77,17.616,17.635,3567,0
FXED.US,D,20230725,000000,17.68,17.75,17.65,17.715,11124,0
FXED.US,D,20230726,000000,17.71,17.71,17.71,17.71,242,0
FXED.US,D,20230727,000000,17.79,17.8,17.62,17.62,14349,0
FXED.US,D,20230728,000000,17.655,17.7,17.61,17.61,546,0
FXED.US,D,20230731,000000,17.65,17.76,17.58,17.75,9212,0
FXED.US,D,20230801,000000,17.73,17.73,17.71,17.71,255,0
FXED.US,D,20230802,000000,17.67,17.7699,17.67,17.68,11339,0
FXED.US,D,20230803,000000,17.71,17.71,17.53,17.615,1047,0
FXED.US,D,20230804,000000,17.49,17.73,17.49,17.7009,17356,0
FXED.US,D,20230807,000000,17.76,17.76,17.726,17.755,26972,0
FXED.US,D,20230808,000000,17.63,17.76,17.63,17.7472,2824,0
FXED.US,D,20230809,000000,17.7,17.73,17.66,17.6609,14888,0
FXED.US,D,20230810,000000,17.73,17.73,17.65,17.66,1859,0
FXED.US,D,20230811,000000,17.64,17.64,17.58,17.625,8972,0
FXED.US,D,20230814,000000,17.615,17.615,17.58,17.594,1230,0
FXED.US,D,20230815,000000,17.56,17.59,17.5,17.5555,14121,0
FXED.US,D,20230816,000000,17.4011,17.4275,17.4,17.4,2437,0
FXED.US,D,20230817,000000,17.39,17.39,17.2,17.3834,1435,0
FXED.US,D,20230818,000000,17.25,17.33,17.24,17.29,14612,0
FXED.US,D,20230821,000000,17.35,17.35,17.165,17.27,4257,0
FXED.US,D,20230822,000000,17.22,17.22,17.17,17.17,5039,0
FXED.US,D,20230823,000000,17.11,17.33,17.11,17.325,3253,0
FXED.US,D,20230824,000000,17.3,17.48,17.3,17.41,11995,0
FXED.US,D,20230825,000000,17.38,17.38,17.38,17.38,128,0
FXED.US,D,20230828,000000,17.34,17.4,17.2701,17.34,4909,0
FXED.US,D,20230829,000000,17.42,17.48,17.39,17.48,865,0
FXED.US,D,20230830,000000,17.705,17.71,17.69,17.69,1347,0
FXED.US,D,20230831,000000,17.62,17.77,17.59,17.59,8069,0
FXED.US,D,20230901,000000,17.61,17.62,17.58,17.59,1526,0
FXED.US,D,20230905,000000,17.57,17.615,17.51,17.5673,1624,0
FXED.US,D,20230906,000000,17.405,17.405,17.405,17.405,17,0
FXED.US,D,20230907,000000,17.32,17.4999,17.32,17.38,5463,0
FXED.US,D,20230908,000000,17.35,17.4003,17.35,17.4003,1027,0
FXED.US,D,20230911,000000,17.49,17.5782,17.41,17.4822,1030,0
FXED.US,D,20230912,000000,17.46,17.46,17.38,17.46,2606,0
FXED.US,D,20230913,000000,17.41,17.45,17.35,17.45,11747,0
FXED.US,D,20230914,000000,17.55,17.55,17.5,17.5,571,0
FXED.US,D,20230915,000000,17.57,17.64,17.49,17.57,2136,0
FXED.US,D,20230918,000000,17.49,17.6399,17.49,17.56,3451,0
FXED.US,D,20230919,000000,17.49,17.545,17.49,17.545,219,0
FXED.US,D,20230920,000000,17.575,17.575,17.49,17.49,504,0
FXED.US,D,20230921,000000,17.43,17.58,17.31,17.348,15078,0
FXED.US,D,20230922,000000,17.23,17.245,17.1201,17.245,1217,0
FXED.US,D,20230925,000000,17.14,17.225,17.14,17.225,246,0
FXED.US,D,20230926,000000,17.2,17.2,17.08,17.08,332,0
FXED.US,D,20230927,000000,16.97,17.12,16.97,17.105,10005,0
FXED.US,D,20230928,000000,17.07,17.14,17.07,17.12,3011,0
FXED.US,D,20230929,000000,17.23,17.26,17.14,17.225,6914,0
FXED.US,D,20231002,000000,17.19,17.19,16.49,16.96,20742,0
FXED.US,D,20231003,000000,16.79,16.79,16.71,16.71,1462,0
FXED.US,D,20231004,000000,17.9,17.9,16.685,16.685,4254,0
FXED.US,D,20231005,000000,16.78,16.78,16.76,16.76,510,0
FXED.US,D,20231006,000000,16.69,16.82,16.6816,16.765,2308,0
FXED.US,D,20231009,000000,16.79,16.85,16.79,16.83,2404,0
FXED.US,D,20231010,000000,16.973,16.973,16.84,16.8961,614,0
FXED.US,D,20231011,000000,16.96,16.985,16.9553,16.985,4860,0
FXED.US,D,20231012,000000,16.99,16.99,16.83,16.88,10811,0
FXED.US,D,20231013,000000,16.94,16.95,16.88,16.885,2151,0
FXED.US,D,20231016,000000,16.84,16.841,16.7501,16.841,1228,0
FXED.US,D,20231017,000000,16.97,16.97,16.84,16.9253,5439,0
FXED.US,D,20231018,000000,16.79,16.87,16.69,16.7,2368,0
FXED.US,D,20231019,000000,16.66,16.66,16.55,16.55,805,0
FXED.US,D,20231020,000000,16.47,16.55,16.47,16.505,7908,0
FXED.US,D,20231023,000000,16.47,16.48,16.47,16.48,1125,0
FXED.US,D,20231024,000000,16.55,16.61,16.54,16.56,3214,0
FXED.US,D,20231025,000000,16.63,16.73,16.59,16.645,4613,0
FXED.US,D,20231026,000000,16.52,16.52,16.52,16.52,184,0
FXED.US,D,20231027,000000,16.6,16.6,16.4701,16.555,4724,0
FXED.US,D,20231030,000000,16.545,16.57,16.4,16.42,5588,0
FXED.US,D,20231031,000000,16.52,16.85,16.52,16.61,14080,0
FXED.US,D,20231101,000000,16.68,16.815,16.68,16.815,2050,0
FXED.US,D,20231102,000000,17.01,17.16,16.9713,17.145,7299,0
FXED.US,D,20231103,000000,17.38,17.46,17.34,17.42,2422,0
FXED.US,D,20231106,000000,17.37,17.5,17.37,17.446,8819,0
FXED.US,D,20231107,000000,17.45,17.45,17.365,17.365,3641,0
FXED.US,D,20231108,000000,17.3,17.46,17.3,17.38,6270,0
FXED.US,D,20231109,000000,17.3,17.42,17.3,17.325,1196,0
FXED.US,D,20231110,000000,17.28,17.3099,17.27,17.3099,3467,0
FXED.US,D,20231113,000000,17.33,17.3984,17.1103,17.1103,11784,0
FXED.US,D,20231114,000000,17.63,17.63,17.47,17.5072,440,0
FXED.US,D,20231115,000000,17.51,17.6,17.51,17.57,3666,0
FXED.US,D,20231116,000000,17.66,17.66,17.5774,17.585,1554,0
FXED.US,D,20231117,000000,17.64,17.7,17.61,17.61,9067,0
FXED.US,D,20231120,000000,17.6,17.72,17.6,17.715,6286,0
FXED.US,D,20231121,000000,17.645,17.72,17.535,17.535,1787,0
FXED.US,D,20231122,000000,17.68,17.68,17.4701,17.56,15154,0
FXED.US,D,20231124,000000,17.52,17.585,17.52,17.585,110,0
FXED.US,D,20231127,000000,17.64,17.64,17.51,17.59,7666,0
FXED.US,D,20231128,000000,17.59,17.655,17.59,17.655,1705,0
FXED.US,D,20231129,000000,17.71,17.96,17.6735,17.72,9591,0
FXED.US,D,20231130,000000,17.8244,17.899,17.72,17.81,1936,0
FXED.US,D,20231201,000000,17.84,17.9799,17.84,17.915,4315,0
FXED.US,D,20231204,000000,17.91,18.03,17.91,17.91,10530,0
FXED.US,D,20231205,000000,17.91,17.925,17.83,17.83,3067,0
FXED.US,D,20231206,000000,18.12,18.12,17.7917,17.885,5051,0
FXED.US,D,20231207,000000,17.97,17.99,17.81,17.885,3765,0
FXED.US,D,20231208,000000,17.86,18.02,17.85,17.945,4418,0
FXED.US,D,20231211,000000,17.83,17.91,17.62,17.885,7383,0
FXED.US,D,20231212,000000,17.7913,17.8717,17.7913,17.865,3403,0
FXED.US,D,20231213,000000,17.86,18.09,17.86,18.09,2396,0
FXED.US,D,20231214,000000,18.33,18.36,18.19,18.2584,4128,0
FXED.US,D,20231215,000000,18.385,18.385,18.24,18.33,4793,0
FXED.US,D,20231218,000000,18.29,18.32,18.29,18.32,592,0
FXED.US,D,20231219,000000,18.25,18.335,18.25,18.33,8992,0
FXED.US,D,20231220,000000,18.27,18.305,18.27,18.305,428,0
FXED.US,D,20231221,000000,18.37,18.37,18.1801,18.275,4772,0
FXED.US,D,20231222,000000,18.43,18.43,18.2404,18.335,1138,0
FXED.US,D,20231226,000000,18.24,18.365,18.1401,18.365,8057,0
FXED.US,D,20231227,000000,18.39,18.42,18.38,18.38,13900,0
FXED.US,D,20231228,000000,18.39,18.5,18.38,18.42,3672,0
FXED.US,D,20231229,000000,18.44,18.44,18.34,18.415,2199,0
FXED.US,D,20240102,000000,18.34,18.36,18.22,18.29,7314,0
FXED.US,D,20240103,000000,18.32,18.34,18.17,18.265,8485,0
FXED.US,D,20240104,000000,18.31,18.31,18.15,18.27,1616,0
FXED.US,D,20240105,000000,18.24,18.355,18.24,18.355,32940,0
FXED.US,D,20240108,000000,18.28,18.44,18.21,18.3782,8189,0
FXED.US,D,20240109,000000,18.44,18.44,18.36,18.368,862,0
FXED.US,D,20240110,000000,18.63,18.63,18.42,18.42,1729,0
FXED.US,D,20240111,000000,18.38,18.43,18.32,18.3366,19387,0
FXED.US,D,20240112,000000,18.405,18.5,18.33,18.33,8362,0
FXED.US,D,20240116,000000,18.52,18.52,18.36,18.36,4046,0
FXED.US,D,20240117,000000,18.36,18.36,18.2201,18.3189,11449,0
FXED.US,D,20240118,000000,18.2285,18.285,18.2285,18.285,756,0
FXED.US,D,20240119,000000,18.13,18.25,18.13,18.25,5454,0
FXED.US,D,20240122,000000,18.37,18.37,18.2605,18.305,4650,0
FXED.US,D,20240123,000000,18.33,18.4699,18.29,18.37,1851,0
FXED.US,D,20240124,000000,18.35,18.54,18.2612,18.345,15864,0
FXED.US,D,20240125,000000,18.27,18.36,18.1803,18.36,23745,0
FXED.US,D,20240126,000000,18.38,18.43,18.28,18.345,12911,0
FXED.US,D,20240129,000000,18.44,18.44,18.29,18.355,1326,0
FXED.US,D,20240130,000000,18.34,18.44,18.31,18.43,7507,0
FXED.US,D,20240131,000000,18.34,18.4005,18.3115,18.34,2984,0
FXED.US,D,20240201,000000,18.31,18.44,18.31,18.44,3025,0
FXED.US,D,20240202,000000,18.36,18.42,18.36,18.4,12132,0
FXED.US,D,20240205,000000,18.41,18.41,18.1801,18.24,3171,0
FXED.US,D,20240206,000000,18.1634,18.185,18.13,18.185,1566,0
FXED.US,D,20240207,000000,18.16,18.27,18.1305,18.22,6929,0
FXED.US,D,20240208,000000,18.3199,18.3199,18.15,18.2359,2250,0
FXED.US,D,20240209,000000,18.27,18.3499,18.2599,18.265,4902,0
FXED.US,D,20240212,000000,18.31,18.41,18.24,18.325,2788,0
FXED.US,D,20240213,000000,18.31,18.405,18.0975,18.25,16974,0
FXED.US,D,20240214,000000,18.2397,18.24,18.12,18.195,1277,0
FXED.US,D,20240215,000000,18.31,18.31,18.14,18.31,7648,0
FXED.US,D,20240216,000000,18.325,18.375,18.325,18.375,2287,0
FXED.US,D,20240220,000000,18.45,18.45,18.35,18.385,2474,0
FXED.US,D,20240221,000000,18.37,18.4393,18.26,18.345,7884,0
FXED.US,D,20240222,000000,18.3544,18.3544,18.2101,18.34,2021,0
FXED.US,D,20240223,000000,18.38,18.45,18.33,18.415,3492,0
FXED.US,D,20240226,000000,18.4999,18.4999,18.28,18.37,3167,0
FXED.US,D,20240227,000000,18.325,18.4199,18.24,18.325,2610,0
FXED.US,D,20240228,000000,18.2,18.38,18.2,18.27,1335,0
FXED.US,D,20240229,000000,18.44,18.44,18.28,18.295,13384,0
FXED.US,D,20240301,000000,18.42,18.43,18.3,18.41,7613,0
FXED.US,D,20240304,000000,18.42,18.42,18.3466,18.36,3374,0
FXED.US,D,20240305,000000,18.3559,18.39,18.3013,18.39,625,0
FXED.US,D,20240306,000000,18.39,18.43,18.36,18.43,10370,0
FXED.US,D,20240307,000000,18.4063,18.416,18.3201,18.41,1705,0
FXED.US,D,20240308,000000,18.4174,18.43,18.4174,18.43,1055,0
FXED.US,D,20240311,000000,18.46,18.67,18.46,18.5,33227,0
FXED.US,D,20240312,000000,18.48,18.56,18.48,18.495,2435,0
FXED.US,D,20240313,000000,18.525,18.64,18.525,18.525,1480,0
FXED.US,D,20240314,000000,18.46,18.63,18.39,18.39,9717,0
FXED.US,D,20240315,000000,18.2601,18.52,18.2601,18.39,5186,0
FXED.US,D,20240318,000000,18.36,18.53,18.36,18.41,12084,0
FXED.US,D,20240319,000000,18.33,18.5399,18.29,18.41,11874,0
FXED.US,D,20240320,000000,18.29,18.51,18.27,18.43,7931,0
FXED.US,D,20240321,000000,18.52,18.65,18.31,18.48,3178,0
FXED.US,D,20240322,000000,18.41,18.71,18.41,18.51,17127,0
FXED.US,D,20240325,000000,18.35,18.69,18.35,18.525,11493,0
FXED.US,D,20240326,000000,18.475,18.6399,18.3133,18.475,5878,0
FXED.US,D,20240327,000000,18.71,18.71,18.5,18.54,16844,0
FXED.US,D,20240328,000000,18.53,18.759,18.43,18.6892,14941,0
FXED.US,D,20240401,000000,18.54,18.64,18.54,18.6395,4605,0
FXED.US,D,20240402,000000,18.54,18.6599,18.44,18.44,7557,0
FXED.US,D,20240403,000000,18.4406,18.59,18.44,18.515,13102,0
FXED.US,D,20240404,000000,18.61,18.61,18.44,18.525,5784,0
FXED.US,D,20240405,000000,18.61,18.6199,18.43,18.51,7977,0
FXED.US,D,20240408,000000,18.45,18.64,18.45,18.4804,5663,0
FXED.US,D,20240409,000000,18.4737,18.66,18.4737,18.5,9573,0
FXED.US,D,20240410,000000,18.37,18.4999,18.36,18.415,4332,0
FXED.US,D,20240411,000000,18.36,18.36,18.23,18.295,18425,0
FXED.US,D,20240412,000000,18.2302,18.32,18.21,18.21,20971,0
FXED.US,D,20240415,000000,18.34,18.34,18,18.1084,7693,0
FXED.US,D,20240416,000000,17.95,17.95,17.81,17.93,6376,0
FXED.US,D,20240417,000000,17.9,18.07,17.9,17.91,13640,0
FXED.US,D,20240418,000000,17.97,18.1399,17.97,17.97,2148,0
FXED.US,D,20240419,000000,17.97,18.1,17.965,17.965,8710,0
FXED.US,D,20240422,000000,18.0778,18.21,17.89,18.165,3822,0
FXED.US,D,20240423,000000,18.1994,18.37,18.1856,18.34,19039,0
FXED.US,D,20240424,000000,18.26,18.42,18.26,18.42,6260,0
FXED.US,D,20240425,000000,18.265,18.34,18.08,18.27,10929,0
FXED.US,D,20240426,000000,18.18,18.27,18.0819,18.165,8270,0
FXED.US,D,20240429,000000,18.13,18.33,18.13,18.33,7562,0
FXED.US,D,20240430,000000,18.33,18.33,18.17,18.2,5043,0
FXED.US,D,20240501,000000,18.2,18.33,18,18.2,13675,0
FXED.US,D,20240502,000000,18.2,18.24,18.18,18.195,5859,0
FXED.US,D,20240503,000000,18.2324,18.33,18.11,18.33,4018,0
FXED.US,D,20240506,000000,18.37,18.43,18.262,18.3201,7398,0
FXED.US,D,20240507,000000,18.3944,18.415,18.32,18.38,3573,0
FXED.US,D,20240508,000000,18.3762,18.5199,18.31,18.43,15069,0
FXED.US,D,20240509,000000,18.37,18.42,18.22,18.2945,10947,0
FXED.US,D,20240510,000000,18.39,18.39,18.25,18.2976,8983,0
FXED.US,D,20240513,000000,18.38,18.42,18.31,18.36,2143,0
FXED.US,D,20240514,000000,18.45,18.45,18.25,18.3066,7000,0
FXED.US,D,20240515,000000,18.36,18.43,18.2301,18.345,2289,0
FXED.US,D,20240516,000000,18.37,18.51,18.37,18.417,32464,0
FXED.US,D,20240517,000000,18.5,18.51,18.46,18.46,1872,0
FXED.US,D,20240520,000000,18.45,18.46,18.29,18.46,7313,0
FXED.US,D,20240521,000000,18.46,18.51,18.3017,18.51,4355,0
FXED.US,D,20240522,000000,18.42,18.5,18.3101,18.42,9607,0
FXED.US,D,20240523,000000,18.3482,18.4699,18.27,18.365,3657,0
FXED.US,D,20240524,000000,18.23,18.35,18.23,18.35,12922,0
FXED.US,D,20240528,000000,18.32,18.3329,18.315,18.3198,3290,0
FXED.US,D,20240529,000000,18.0701,18.3,18.0701,18.2212,6830,0
FXED.US,D,20240530,000000,18.22,18.26,18.0101,18.185,5723,0
FXED.US,D,20240531,000000,18.34,18.42,18.24,18.42,19414,0
FXED.US,D,20240603,000000,18.45,18.48,18.445,18.445,1808,0
FXED.US,D,20240604,000000,18.46,18.51,18.435,18.455,11528,0
FXED.US,D,20240605,000000,18.465,18.465,18.46,18.465,864,0
FXED.US,D,20240606,000000,18.53,18.53,18.36,18.485,7797,0
FXED.US,D,20240607,000000,18.42,18.58,18.3601,18.475,6260,0
FXED.US,D,20240610,000000,18.46,18.46,18.3221,18.43,5526,0
FXED.US,D,20240611,000000,18.3,18.44,18.25,18.35,4252,0
FXED.US,D,20240612,000000,18.41,18.56,18.2,18.305,32580,0
FXED.US,D,20240613,000000,18.367,18.4899,18.367,18.43,1161,0
FXED.US,D,20240614,000000,18.38,18.4699,18.31,18.39,8958,0
FXED.US,D,20240617,000000,18.3,18.37,18.27,18.345,4393,0
FXED.US,D,20240618,000000,18.31,18.3846,18.27,18.27,2274,0
FXED.US,D,20240620,000000,18.4,18.42,18.315,18.3901,7754,0
FXED.US,D,20240621,000000,18.34,18.42,18.32,18.3505,2581,0
