<TICKER>,<PER>,<DATE>,<TIME>,<OPEN>,<HIGH>,<LOW>,<CLOSE>,<VOL>,<OPENINT>
GAPR.US,D,20230425,000000,31.1,31.1,29.4401,29.5,760163,0
GAPR.US,D,20230426,000000,29.54,29.57,29.3817,29.45,224915,0
GAPR.US,D,20230427,000000,29.58,29.78,29.5044,29.77,173541,0
GAPR.US,D,20230428,000000,29.76,29.88,29.69,29.88,141286,0
GAPR.US,D,20230501,000000,29.88,29.95,29.8192,29.88,144909,0
GAPR.US,D,20230502,000000,29.7544,29.81,29.5515,29.72,117654,0
GAPR.US,D,20230503,000000,29.88,29.88,29.5461,29.62,335873,0
GAPR.US,D,20230504,000000,29.57,29.57,29.4281,29.5,106681,0
GAPR.US,D,20230505,000000,29.67,29.833,29.635,29.775,98760,0
GAPR.US,D,20230508,000000,29.81,29.81,29.7213,29.7706,78675,0
GAPR.US,D,20230509,000000,29.74,29.77,29.66,29.74,889905,0
GAPR.US,D,20230510,000000,29.87,29.87,29.6229,29.7701,208965,0
GAPR.US,D,20230511,000000,29.79,29.79,29.6661,29.79,96704,0
GAPR.US,D,20230512,000000,29.87,29.89,29.6293,29.745,151397,0
GAPR.US,D,20230515,000000,29.81,29.83,29.74,29.82,44561,0
GAPR.US,D,20230516,000000,29.8,29.8,29.7125,29.72,196666,0
GAPR.US,D,20230517,000000,29.82,29.93,29.68,29.93,106292,0
GAPR.US,D,20230518,000000,29.9,30.07,29.84,30.0295,56589,0
GAPR.US,D,20230519,000000,30.1,30.11,29.9648,30.05,56845,0
GAPR.US,D,20230522,000000,29.96,30.07,29.96,29.995,59728,0
GAPR.US,D,20230523,000000,29.961,30,29.8279,29.8279,57043,0
GAPR.US,D,20230524,000000,29.76,29.76,29.63,29.73,27815,0
GAPR.US,D,20230525,000000,29.81,30.22,29.78,29.88,170445,0
GAPR.US,D,20230526,000000,29.9,30.1,29.9,30.09,36304,0
GAPR.US,D,20230530,000000,30.17,30.17,30.025,30.1,5370,0
GAPR.US,D,20230531,000000,30.03,30.05,29.9,29.95,22865,0
GAPR.US,D,20230601,000000,30.05,30.23,29.9582,30.2,31508,0
GAPR.US,D,20230602,000000,30.3189,30.43,30.31,30.41,210431,0
GAPR.US,D,20230605,000000,30.41,30.41,30.3377,30.3525,13442,0
GAPR.US,D,20230606,000000,30.3,30.43,30.3,30.4158,28360,0
GAPR.US,D,20230607,000000,30.43,30.45,30.3,30.3389,13399,0
GAPR.US,D,20230608,000000,30.36,30.51,30.36,30.458,16482,0
GAPR.US,D,20230609,000000,30.55,30.5526,30.4659,30.4659,7249,0
GAPR.US,D,20230612,000000,30.47,30.64,30.4593,30.5922,115391,0
GAPR.US,D,20230613,000000,30.6301,30.74,30.6301,30.72,15583,0
GAPR.US,D,20230614,000000,30.695,30.78,30.6,30.71,22883,0
GAPR.US,D,20230615,000000,30.74,30.92,30.74,30.88,8490,0
GAPR.US,D,20230616,000000,30.87,30.89,30.8,30.84,29271,0
GAPR.US,D,20230620,000000,30.711,30.8,30.661,30.8,12962,0
GAPR.US,D,20230621,000000,30.69,30.7686,30.69,30.74,8365,0
GAPR.US,D,20230622,000000,30.72,30.79,30.6501,30.79,10337,0
GAPR.US,D,20230623,000000,30.73,30.74,30.62,30.6834,7661,0
GAPR.US,D,20230626,000000,30.69,30.71,30.6282,30.6282,5776,0
GAPR.US,D,20230627,000000,30.7442,30.8119,30.7442,30.8119,3178,0
GAPR.US,D,20230628,000000,30.7558,30.8299,30.7558,30.7743,2394,0
GAPR.US,D,20230629,000000,30.82,30.9,30.82,30.9,3056,0
GAPR.US,D,20230630,000000,31.03,31.0899,30.995,31.07,9949,0
GAPR.US,D,20230703,000000,31.0636,31.0636,31.0287,31.046,564,0
GAPR.US,D,20230705,000000,30.9816,31.07,30.9752,31.06,13045,0
GAPR.US,D,20230706,000000,30.8,30.94,30.7926,30.86,293316,0
GAPR.US,D,20230707,000000,30.82,31.04,30.82,30.8808,18386,0
GAPR.US,D,20230710,000000,30.9199,30.94,30.8401,30.9159,2507,0
GAPR.US,D,20230711,000000,30.91,31.0202,30.91,31.0202,135985,0
GAPR.US,D,20230712,000000,31.1301,31.185,31.12,31.13,39818,0
GAPR.US,D,20230713,000000,31.23,31.2554,31.17,31.2554,16407,0
GAPR.US,D,20230714,000000,31.2616,31.32,31.2353,31.24,2313,0
GAPR.US,D,20230717,000000,31.2252,31.2982,31.2252,31.292,8913,0
GAPR.US,D,20230718,000000,31.2952,31.3876,31.2952,31.3655,3934,0
GAPR.US,D,20230719,000000,31.43,31.43,31.34,31.3739,8453,0
GAPR.US,D,20230720,000000,31.3001,31.335,31.27,31.2901,1351,0
GAPR.US,D,20230721,000000,31.39,31.39,31.27,31.27,2048,0
GAPR.US,D,20230724,000000,31.3,31.41,31.3,31.3634,894966,0
GAPR.US,D,20230725,000000,31.34,31.42,31.34,31.4013,15093,0
GAPR.US,D,20230726,000000,31.43,31.43,31.3101,31.36,25836,0
GAPR.US,D,20230727,000000,31.45,31.455,31.28,31.28,8556,0
GAPR.US,D,20230728,000000,31.38,31.4627,31.38,31.4,8856,0
GAPR.US,D,20230731,000000,31.4235,31.4799,31.4,31.4,4616,0
GAPR.US,D,20230801,000000,31.41,31.449,31.35,31.4166,10312,0
GAPR.US,D,20230802,000000,31.36,31.36,31.171,31.248,4069,0
GAPR.US,D,20230803,000000,31.13,31.2599,31.13,31.18,18774,0
GAPR.US,D,20230804,000000,31.24,31.305,31.1484,31.1484,2118,0
GAPR.US,D,20230807,000000,31.181,31.29,31.181,31.29,4594,0
GAPR.US,D,20230808,000000,31.18,31.2302,31.1,31.2302,8885,0
GAPR.US,D,20230809,000000,31.18,31.22,31.1254,31.1682,20612,0
GAPR.US,D,20230810,000000,31.22,31.2385,31.091,31.12,17725,0
GAPR.US,D,20230811,000000,31.1392,31.1655,31.125,31.1655,3437,0
GAPR.US,D,20230814,000000,31.194,31.24,31.16,31.2143,18275,0
GAPR.US,D,20230815,000000,31.2,31.2,31.0684,31.0684,9169,0
GAPR.US,D,20230816,000000,31.07,31.11,30.941,30.9796,4691,0
GAPR.US,D,20230817,000000,30.97,30.97,30.8713,30.8713,104238,0
GAPR.US,D,20230818,000000,30.9008,30.9008,30.8672,30.8672,260,0
GAPR.US,D,20230821,000000,30.861,30.91,30.847,30.91,570,0
GAPR.US,D,20230822,000000,30.9379,30.99,30.8963,30.9268,22286,0
GAPR.US,D,20230823,000000,30.97,31.1127,30.97,31.0807,9890,0
GAPR.US,D,20230824,000000,31.04,31.04,30.9102,30.9102,2051,0
GAPR.US,D,20230825,000000,30.87,31.035,30.87,31.0108,49048,0
GAPR.US,D,20230828,000000,31.15,31.15,31.02,31.1146,9480,0
GAPR.US,D,20230829,000000,31.3013,31.3013,31.3013,31.3013,10,0
GAPR.US,D,20230830,000000,31.28,31.4,31.28,31.3488,8500,0
GAPR.US,D,20230831,000000,31.32,31.3886,31.32,31.3348,7727,0
GAPR.US,D,20230901,000000,31.44,31.4653,31.3301,31.3843,3525,0
GAPR.US,D,20230905,000000,31.34,31.4,31.328,31.3342,4442,0
GAPR.US,D,20230906,000000,31.29,31.29,31.1861,31.22,10135,0
GAPR.US,D,20230907,000000,31.125,31.197,31.125,31.197,327,0
GAPR.US,D,20230908,000000,31.24,31.29,31.2,31.21,6723,0
GAPR.US,D,20230911,000000,31.27,31.37,31.27,31.3294,6999,0
GAPR.US,D,20230912,000000,31.2905,31.34,31.23,31.2658,25665,0
GAPR.US,D,20230913,000000,31.35,31.35,31.26,31.2932,1884,0
GAPR.US,D,20230914,000000,31.42,31.4599,31.33,31.4244,4831,0
GAPR.US,D,20230915,000000,31.32,31.34,31.219,31.2464,5671,0
GAPR.US,D,20230918,000000,31.3,31.32,31.2618,31.2618,2516,0
GAPR.US,D,20230919,000000,31.21,31.2439,31.11,31.2439,1649,0
GAPR.US,D,20230920,000000,31.2944,31.32,31.09,31.14,323521,0
GAPR.US,D,20230921,000000,30.94,30.97,30.8,30.8,6789,0
GAPR.US,D,20230922,000000,30.88,30.88,30.7977,30.7977,1570,0
GAPR.US,D,20230925,000000,30.75,30.8577,30.74,30.8577,39015,0
GAPR.US,D,20230926,000000,30.7,30.7,30.5843,30.5843,13277,0
GAPR.US,D,20230927,000000,30.6337,30.66,30.51,30.5823,37166,0
GAPR.US,D,20230928,000000,30.56,30.75,30.56,30.7016,6476,0
GAPR.US,D,20230929,000000,30.7899,30.7899,30.619,30.672,392,0
GAPR.US,D,20231002,000000,30.65,30.68,30.5524,30.64,40219,0
GAPR.US,D,20231003,000000,30.5,30.5,30.39,30.47,206776,0
GAPR.US,D,20231004,000000,30.52,30.59,30.47,30.57,9304,0
GAPR.US,D,20231005,000000,30.49,30.59,30.49,30.56,4548,0
GAPR.US,D,20231006,000000,30.41,30.8299,30.41,30.77,6244,0
GAPR.US,D,20231009,000000,30.7599,30.9098,30.7599,30.8666,3127,0
GAPR.US,D,20231010,000000,30.995,31.0699,30.9642,30.9642,984,0
GAPR.US,D,20231011,000000,31.0253,31.0398,30.92,31.0398,11879,0
GAPR.US,D,20231012,000000,31.01,31.09,30.885,30.9467,12437,0
GAPR.US,D,20231013,000000,30.87,30.89,30.83,30.853,81337,0
GAPR.US,D,20231016,000000,31.065,31.12,31.05,31.0747,4867,0
GAPR.US,D,20231017,000000,31,31.1035,30.9701,31.0396,18093,0
GAPR.US,D,20231018,000000,30.9751,30.9751,30.8204,30.8204,6930,0
GAPR.US,D,20231019,000000,30.83,30.86,30.69,30.7191,16375,0
GAPR.US,D,20231020,000000,30.49,30.5999,30.48,30.4948,9198,0
GAPR.US,D,20231023,000000,30.4548,30.5751,30.43,30.4367,41673,0
GAPR.US,D,20231024,000000,30.58,30.69,30.5,30.5779,156521,0
GAPR.US,D,20231025,000000,30.4199,30.49,30.3,30.3252,5807,0
GAPR.US,D,20231026,000000,30.24,30.26,30.08,30.1391,118361,0
GAPR.US,D,20231027,000000,30.14,30.18,29.93,29.99,35678,0
GAPR.US,D,20231030,000000,30.1999,30.3,30.0909,30.25,21402,0
GAPR.US,D,20231031,000000,30.27,30.4,30.22,30.3536,17533,0
GAPR.US,D,20231101,000000,30.41,30.58,30.375,30.5702,16855,0
GAPR.US,D,20231102,000000,30.75,30.8999,30.75,30.8906,3692,0
GAPR.US,D,20231103,000000,31.0899,31.12,31.03,31.0869,2358,0
GAPR.US,D,20231106,000000,31.1683,31.1683,31.0418,31.1392,4729,0
GAPR.US,D,20231107,000000,31.185,31.22,31.17,31.1936,120602,0
GAPR.US,D,20231108,000000,31.28,31.28,31.155,31.2233,3382,0
GAPR.US,D,20231109,000000,31.23,31.27,31.0602,31.0602,9354,0
GAPR.US,D,20231110,000000,31.1534,31.37,31.1534,31.3672,6752,0
GAPR.US,D,20231113,000000,31.27,31.42,31.27,31.3555,5385,0
GAPR.US,D,20231114,000000,31.66,31.6999,31.66,31.6799,5748,0
GAPR.US,D,20231115,000000,31.71,31.78,31.7,31.76,48676,0
GAPR.US,D,20231116,000000,31.6706,31.7401,31.6618,31.7401,4322,0
GAPR.US,D,20231117,000000,31.72,31.81,31.7001,31.81,456253,0
GAPR.US,D,20231120,000000,31.7901,31.92,31.79,31.87,8354,0
GAPR.US,D,20231121,000000,31.845,31.91,31.84,31.8743,54078,0
GAPR.US,D,20231122,000000,31.9,31.98,31.9,31.9481,4192,0
GAPR.US,D,20231124,000000,31.955,31.9666,31.9207,31.9587,2213,0
GAPR.US,D,20231127,000000,31.95,32,31.93,31.9474,12746,0
GAPR.US,D,20231128,000000,31.97,32.01,31.92,31.95,6336,0
GAPR.US,D,20231129,000000,32.01,32.065,31.92,31.92,46565,0
GAPR.US,D,20231130,000000,31.95,32.0217,31.9,32.0217,14266,0
GAPR.US,D,20231201,000000,32.02,32.1261,32.02,32.08,14176,0
GAPR.US,D,20231204,000000,32.0274,32.0307,31.97,32.02,1396,0
GAPR.US,D,20231205,000000,31.975,32.06,31.975,32.0223,2638,0
GAPR.US,D,20231206,000000,32.09,32.09,31.97,31.9742,4053,0
GAPR.US,D,20231207,000000,32.01,32.08,32.01,32.07,16203,0
GAPR.US,D,20231208,000000,32.11,32.1758,32.11,32.1758,1798,0
GAPR.US,D,20231211,000000,32.14,32.2644,32.14,32.2644,4693,0
GAPR.US,D,20231212,000000,32.23,32.32,32.23,32.32,3299,0
GAPR.US,D,20231213,000000,32.3695,32.4907,32.32,32.4907,11406,0
GAPR.US,D,20231214,000000,32.5,32.5327,32.48,32.49,44427,0
GAPR.US,D,20231215,000000,32.54,32.58,32.47,32.5358,292491,0
GAPR.US,D,20231218,000000,32.56,32.61,32.53,32.55,47698,0
GAPR.US,D,20231219,000000,32.57,32.6148,32.57,32.6148,2756,0
GAPR.US,D,20231220,000000,32.635,32.6799,32.48,32.4826,9734,0
GAPR.US,D,20231221,000000,32.545,32.5748,32.48,32.5748,10610,0
GAPR.US,D,20231222,000000,32.64,32.6699,32.59,32.595,3273,0
GAPR.US,D,20231226,000000,32.69,32.69,32.61,32.6752,7981,0
GAPR.US,D,20231227,000000,32.65,32.72,32.65,32.6962,24274,0
GAPR.US,D,20231228,000000,32.6906,32.7433,32.6906,32.7214,4528,0
GAPR.US,D,20231229,000000,32.68,32.74,32.67,32.7348,18018,0
GAPR.US,D,20240102,000000,32.66,32.7,32.63,32.6605,12484,0
GAPR.US,D,20240103,000000,32.58,32.61,32.5702,32.5702,3513,0
GAPR.US,D,20240104,000000,32.56,32.5881,32.545,32.545,7565,0
GAPR.US,D,20240105,000000,32.55,32.67,32.55,32.57,10582,0
GAPR.US,D,20240108,000000,32.6589,32.76,32.65,32.76,168961,0
GAPR.US,D,20240109,000000,32.71,32.765,32.68,32.73,373024,0
GAPR.US,D,20240110,000000,32.74,32.831,32.74,32.831,21418,0
GAPR.US,D,20240111,000000,32.82,32.855,32.75,32.8507,5623,0
GAPR.US,D,20240112,000000,32.8288,32.91,32.82,32.8748,18186,0
GAPR.US,D,20240116,000000,32.82,32.83,32.76,32.8157,3353,0
GAPR.US,D,20240117,000000,32.71,32.74,32.7,32.73,8147,0
GAPR.US,D,20240118,000000,32.77,32.8568,32.7201,32.8568,22787,0
GAPR.US,D,20240119,000000,32.93,33.0141,32.87,32.9956,2559,0
GAPR.US,D,20240122,000000,33.0302,33.0396,32.98,33.0396,55732,0
GAPR.US,D,20240123,000000,33.02,33.07,33.01,33.04,21842,0
GAPR.US,D,20240124,000000,33.09,33.098,33.0305,33.05,12118,0
GAPR.US,D,20240125,000000,33.08,33.13,33.06,33.08,9515,0
GAPR.US,D,20240126,000000,33.1,33.135,33.09,33.1296,4915,0
GAPR.US,D,20240129,000000,33.15,33.15,33.1,33.1451,5153,0
GAPR.US,D,20240130,000000,33.14,33.1775,33.14,33.1775,2154,0
GAPR.US,D,20240131,000000,33.14,33.14,33.04,33.0694,2607,0
GAPR.US,D,20240201,000000,33.12,33.1358,33.12,33.1358,874,0
GAPR.US,D,20240202,000000,33.12,33.2352,33.12,33.2352,5347,0
GAPR.US,D,20240205,000000,33.19,33.2395,33.16,33.2395,114529,0
GAPR.US,D,20240206,000000,33.235,33.2797,33.235,33.255,629,0
GAPR.US,D,20240207,000000,33.25,33.3002,33.2301,33.3002,18186,0
GAPR.US,D,20240208,000000,33.3062,33.3399,33.27,33.3028,1625,0
GAPR.US,D,20240209,000000,33.29,33.35,33.2801,33.3348,1670,0
GAPR.US,D,20240212,000000,33.32,33.35,33.3001,33.33,7496,0
GAPR.US,D,20240213,000000,33.2699,33.2699,33.18,33.2247,8059,0
GAPR.US,D,20240214,000000,33.29,33.32,33.27,33.2954,913,0
GAPR.US,D,20240215,000000,33.3,33.338,33.2801,33.3353,13344,0
GAPR.US,D,20240216,000000,33.31,33.355,33.31,33.3501,17060,0
GAPR.US,D,20240220,000000,33.3273,33.3273,33.28,33.3205,21802,0
GAPR.US,D,20240221,000000,33.325,33.38,33.16,33.3,110502,0
GAPR.US,D,20240222,000000,33.39,33.46,33.361,33.39,27855,0
GAPR.US,D,20240223,000000,33.43,33.48,33.42,33.43,6845,0
GAPR.US,D,20240226,000000,33.46,33.46,33.43,33.43,77923,0
GAPR.US,D,20240227,000000,33.49,33.51,33.44,33.4677,2699,0
GAPR.US,D,20240228,000000,33.45,33.4788,33.45,33.47,999,0
GAPR.US,D,20240229,000000,33.46,33.4899,33.45,33.4899,14499,0
GAPR.US,D,20240301,000000,33.5355,33.5355,33.49,33.5102,1373,0
GAPR.US,D,20240304,000000,33.5,33.53,33.5,33.5,8924,0
GAPR.US,D,20240305,000000,33.53,33.53,33.4501,33.4948,7620,0
GAPR.US,D,20240306,000000,33.5129,33.53,33.5,33.5201,35589,0
GAPR.US,D,20240307,000000,33.51,33.54,33.51,33.5396,1231,0
GAPR.US,D,20240308,000000,33.53,33.55,33.5002,33.5398,22665,0
GAPR.US,D,20240311,000000,33.5551,33.5551,33.527,33.527,1792,0
GAPR.US,D,20240312,000000,33.541,33.5981,33.541,33.5852,14057,0
GAPR.US,D,20240313,000000,33.58,33.61,33.56,33.59,73624,0
GAPR.US,D,20240314,000000,33.5372,33.57,33.5372,33.5652,2349,0
GAPR.US,D,20240315,000000,33.56,33.6,33.56,33.56,2587,0
GAPR.US,D,20240318,000000,33.42,33.61,33.42,33.5947,5051,0
GAPR.US,D,20240319,000000,33.5602,33.61,33.5602,33.59,2769,0
GAPR.US,D,20240320,000000,33.6,33.65,33.6,33.6198,29934,0
GAPR.US,D,20240321,000000,33.61,33.6448,33.5902,33.6448,6601,0
GAPR.US,D,20240322,000000,33.66,33.66,33.6548,33.6548,187,0
GAPR.US,D,20240325,000000,33.66,33.66,33.62,33.66,10659,0
GAPR.US,D,20240326,000000,33.64,33.6639,33.64,33.6639,1380,0
GAPR.US,D,20240327,000000,33.6623,33.72,33.63,33.6693,13843,0
GAPR.US,D,20240328,000000,33.65,33.684,33.65,33.684,2758,0
GAPR.US,D,20240401,000000,33.64,33.72,33.64,33.7002,17539,0
GAPR.US,D,20240402,000000,33.67,33.714,33.67,33.6995,1771,0
GAPR.US,D,20240403,000000,33.6674,33.74,33.6674,33.73,41649,0
GAPR.US,D,20240404,000000,33.69,33.74,33.68,33.7192,5228,0
GAPR.US,D,20240405,000000,33.6703,33.75,33.6703,33.72,19724,0
GAPR.US,D,20240408,000000,33.71,33.7401,33.69,33.735,2384,0
GAPR.US,D,20240409,000000,33.745,33.779,33.7,33.7348,151945,0
GAPR.US,D,20240410,000000,33.7465,33.76,33.7401,33.76,24388,0
GAPR.US,D,20240411,000000,33.76,33.79,33.74,33.77,13179,0
GAPR.US,D,20240412,000000,33.81,33.81,33.73,33.7701,13156,0
GAPR.US,D,20240415,000000,33.78,33.8,33.75,33.7599,19064,0
GAPR.US,D,20240416,000000,33.79,33.8099,33.74,33.7649,88048,0
GAPR.US,D,20240417,000000,33.8,33.8194,33.73,33.7751,34205,0
GAPR.US,D,20240418,000000,33.81,33.8299,33.74,33.81,154602,0
GAPR.US,D,20240419,000000,33.86,33.8696,33.7992,33.83,1501245,0
GAPR.US,D,20240422,000000,33.95,34.1093,33.83,34.01,633771,0
GAPR.US,D,20240423,000000,34.09,34.23,34.08,34.2,170449,0
GAPR.US,D,20240424,000000,34.25,34.261,34.1215,34.22,177515,0
GAPR.US,D,20240425,000000,34.2,34.22,33.91,34.13,465643,0
GAPR.US,D,20240426,000000,34.26,34.37,34.25,34.33,94941,0
GAPR.US,D,20240429,000000,34.39,34.41,34.29,34.41,131114,0
GAPR.US,D,20240430,000000,34.325,34.3564,34.1153,34.1153,39592,0
GAPR.US,D,20240501,000000,34.09,34.31,33.99,33.99,37076,0
GAPR.US,D,20240502,000000,34.19,34.245,34.05,34.18,38269,0
GAPR.US,D,20240503,000000,34.46,34.4799,34.3512,34.45,119451,0
GAPR.US,D,20240506,000000,34.56,34.63,34.52,34.63,26841,0
GAPR.US,D,20240507,000000,34.6,34.69,34.5867,34.67,31646,0
GAPR.US,D,20240508,000000,34.58,34.67,34.58,34.67,31513,0
GAPR.US,D,20240509,000000,34.66,34.75,34.6309,34.75,31153,0
GAPR.US,D,20240510,000000,34.785,34.7895,34.7001,34.76,19014,0
GAPR.US,D,20240513,000000,34.85,34.85,34.73,34.78,20478,0
GAPR.US,D,20240514,000000,34.79,34.88,34.7316,34.85,24803,0
GAPR.US,D,20240515,000000,34.96,35.09,34.9218,35.07,10396,0
GAPR.US,D,20240516,000000,35.04,35.09,34.9901,35.0269,5063,0
GAPR.US,D,20240517,000000,35.04,35.08,34.99,35.03,12679,0
GAPR.US,D,20240520,000000,35.08,35.14,35.03,35.11,14326,0
GAPR.US,D,20240521,000000,35.08,35.16,35.0212,35.16,8644,0
GAPR.US,D,20240522,000000,35.14,35.16,35.0169,35.07,53526,0
GAPR.US,D,20240523,000000,35.1285,35.1285,34.97,34.9706,7243,0
GAPR.US,D,20240524,000000,35.1399,35.1399,35.0711,35.0999,4908,0
GAPR.US,D,20240528,000000,35.14,35.16,35.0551,35.0922,5600,0
GAPR.US,D,20240529,000000,35.0096,35.05,35,35.0247,3477,0
GAPR.US,D,20240530,000000,34.9805,35.01,34.9171,34.9171,3912,0
GAPR.US,D,20240531,000000,34.92,35.01,34.8012,35.01,16750,0
GAPR.US,D,20240603,000000,35.13,35.14,34.96,35.0511,3556,0
GAPR.US,D,20240604,000000,35.0999,35.0999,34.99,35.0901,3133,0
GAPR.US,D,20240605,000000,35.2099,35.2637,35.1879,35.2637,6472,0
GAPR.US,D,20240606,000000,35.3,35.32,35.24,35.2772,58937,0
GAPR.US,D,20240607,000000,35.29,35.31,35.29,35.3045,378,0
GAPR.US,D,20240610,000000,35.22,35.3052,35.22,35.3052,2047,0
GAPR.US,D,20240611,000000,35.29,35.37,35.286,35.3414,1387,0
GAPR.US,D,20240612,000000,35.63,35.63,35.42,35.4911,11827,0
GAPR.US,D,20240613,000000,35.49,35.5144,35.43,35.5144,3559,0
GAPR.US,D,20240614,000000,35.45,35.53,35.45,35.5052,4119,0
GAPR.US,D,20240617,000000,35.53,35.65,35.505,35.6161,1793,0
GAPR.US,D,20240618,000000,35.59,35.6503,35.59,35.6503,3761,0
GAPR.US,D,20240620,000000,35.65,35.69,35.56,35.6232,129609,0
GAPR.US,D,20240621,000000,35.57,35.6581,35.57,35.6048,3708,0
