<TICKER>,<PER>,<DATE>,<TIME>,<OPEN>,<HIGH>,<LOW>,<CLOSE>,<VOL>,<OPENINT>
GAUG.US,D,20230822,000000,29.89,29.89,29.76,29.7799,144536,0
GAUG.US,D,20230823,000000,29.87,29.99,29.85,29.9683,101207,0
GAUG.US,D,20230824,000000,30.07,30.07,29.75,29.77,722938,0
GAUG.US,D,20230825,000000,29.98,29.98,29.685,29.838,194978,0
GAUG.US,D,20230828,000000,29.94,29.99,29.84,29.9358,131919,0
GAUG.US,D,20230829,000000,30.07,30.22,29.95,30.215,224741,0
GAUG.US,D,20230830,000000,30.28,30.3098,30.2166,30.27,143757,0
GAUG.US,D,20230831,000000,30.33,30.34,30.26,30.26,75416,0
GAUG.US,D,20230901,000000,30.38,30.38,30.258,30.2973,32000,0
GAUG.US,D,20230905,000000,30.24,30.29,30.23,30.245,175061,0
GAUG.US,D,20230906,000000,30.21,30.21,30.03,30.11,48333,0
GAUG.US,D,20230907,000000,30.03,30.1185,29.995,30.1,264360,0
GAUG.US,D,20230908,000000,30.15,30.186,30.0901,30.11,39616,0
GAUG.US,D,20230911,000000,30.22,30.23,30.1545,30.2182,12479,0
GAUG.US,D,20230912,000000,30.19,30.21,30.12,30.1311,72068,0
GAUG.US,D,20230913,000000,30.18,30.2,30.11,30.1617,28418,0
GAUG.US,D,20230914,000000,30.24,30.33,30.22,30.31,15565,0
GAUG.US,D,20230915,000000,30.26,30.26,30.07,30.11,11882,0
GAUG.US,D,20230918,000000,30.116,30.17,30.085,30.13,67746,0
GAUG.US,D,20230919,000000,30.09,30.11,29.9603,30.09,8590,0
GAUG.US,D,20230920,000000,30.08,30.14,29.8907,29.93,6353,0
GAUG.US,D,20230921,000000,29.84,29.84,29.65,29.65,29321,0
GAUG.US,D,20230922,000000,29.72,29.75,29.5883,29.5883,27446,0
GAUG.US,D,20230925,000000,29.55,29.69,29.55,29.69,5116,0
GAUG.US,D,20230926,000000,29.59,29.59,29.37,29.45,33303,0
GAUG.US,D,20230927,000000,29.47,29.47,29.31,29.38,10831,0
GAUG.US,D,20230928,000000,29.41,29.6,29.41,29.5239,31564,0
GAUG.US,D,20230929,000000,29.7,29.71,29.41,29.45,26243,0
GAUG.US,D,20231002,000000,29.495,29.51,29.37,29.45,31598,0
GAUG.US,D,20231003,000000,29.44,29.49,29.2,29.31,364500,0
GAUG.US,D,20231004,000000,29.24,29.44,29.24,29.37,33214,0
GAUG.US,D,20231005,000000,29.37,29.43,29.24,29.38,37155,0
GAUG.US,D,20231006,000000,29.293,29.67,29.293,29.58,18395,0
GAUG.US,D,20231009,000000,29.59,29.73,29.54,29.73,13835,0
GAUG.US,D,20231010,000000,29.77,29.92,29.735,29.82,131025,0
GAUG.US,D,20231011,000000,29.8699,29.9,29.78,29.87,75623,0
GAUG.US,D,20231012,000000,29.85,29.93,29.715,29.77,10295,0
GAUG.US,D,20231013,000000,29.86,29.87,29.68,29.68,10227,0
GAUG.US,D,20231016,000000,29.9,29.93,29.86,29.86,27308,0
GAUG.US,D,20231017,000000,29.93,29.9301,29.82,29.89,9553,0
GAUG.US,D,20231018,000000,29.82,29.82,29.57,29.58,20749,0
GAUG.US,D,20231019,000000,29.65,29.695,29.45,29.45,29760,0
GAUG.US,D,20231020,000000,29.375,29.42,29.31,29.31,127567,0
GAUG.US,D,20231023,000000,29.2341,29.43,29.2334,29.29,18931,0
GAUG.US,D,20231024,000000,29.355,29.46,29.2936,29.43,14380,0
GAUG.US,D,20231025,000000,29.2014,29.2599,29.09,29.1,5560,0
GAUG.US,D,20231026,000000,29,29.09,28.9,28.9,17891,0
GAUG.US,D,20231027,000000,28.96,29.038,28.78,28.83,5092,0
GAUG.US,D,20231030,000000,28.94,29.145,28.94,29.0898,12102,0
GAUG.US,D,20231031,000000,29.098,29.22,29.098,29.16,24595,0
GAUG.US,D,20231101,000000,29.26,29.395,29.18,29.35,8751,0
GAUG.US,D,20231102,000000,29.585,29.75,29.55,29.75,7487,0
GAUG.US,D,20231103,000000,29.77,29.9493,29.77,29.86,35010,0
GAUG.US,D,20231106,000000,29.91,29.95,29.84,29.9,39890,0
GAUG.US,D,20231107,000000,29.9,30.04,29.9,29.94,28550,0
GAUG.US,D,20231108,000000,30.04,30.04,29.9011,29.97,12479,0
GAUG.US,D,20231109,000000,30.01,30.04,29.8,29.88,10838,0
GAUG.US,D,20231110,000000,29.9,30.174,29.9,30.17,13029,0
GAUG.US,D,20231113,000000,30.12,30.17,30.105,30.16,5904,0
GAUG.US,D,20231114,000000,30.34,30.5074,30.34,30.49,9058,0
GAUG.US,D,20231115,000000,30.54,30.57,30.4792,30.4792,4106,0
GAUG.US,D,20231116,000000,30.47,30.535,30.43,30.5048,10791,0
GAUG.US,D,20231117,000000,30.54,30.585,30.5,30.545,25095,0
GAUG.US,D,20231120,000000,30.55,30.73,30.55,30.71,19116,0
GAUG.US,D,20231121,000000,30.63,30.6899,30.568,30.61,5203,0
GAUG.US,D,20231122,000000,30.73,30.73,30.68,30.68,651,0
GAUG.US,D,20231124,000000,30.71,30.71,30.7,30.7,415,0
GAUG.US,D,20231127,000000,30.68,30.759,30.67,30.67,4548,0
GAUG.US,D,20231128,000000,30.8,30.8,30.65,30.7,69811,0
GAUG.US,D,20231129,000000,30.77,30.78,30.71,30.74,11954,0
GAUG.US,D,20231130,000000,30.69,30.82,30.69,30.82,17563,0
GAUG.US,D,20231201,000000,30.78,30.93,30.78,30.9022,4507,0
GAUG.US,D,20231204,000000,30.7503,30.8,30.7002,30.7997,22620,0
GAUG.US,D,20231205,000000,30.71,30.7999,30.71,30.787,3595,0
GAUG.US,D,20231206,000000,30.81,30.81,30.7,30.7,10282,0
GAUG.US,D,20231207,000000,30.8101,30.87,30.8101,30.83,3687,0
GAUG.US,D,20231208,000000,30.87,30.955,30.87,30.955,5468,0
GAUG.US,D,20231211,000000,30.95,31.0033,30.95,31.0033,621,0
GAUG.US,D,20231212,000000,31.06,31.08,31.03,31.0657,2795,0
GAUG.US,D,20231213,000000,31.119,31.3098,31.0801,31.3098,12142,0
GAUG.US,D,20231214,000000,31.395,31.405,31.34,31.3581,2765,0
GAUG.US,D,20231215,000000,31.37,31.3846,31.3381,31.3846,3656,0
GAUG.US,D,20231218,000000,31.425,31.48,31.4,31.4101,5519,0
GAUG.US,D,20231219,000000,31.454,31.51,31.45,31.4766,108818,0
GAUG.US,D,20231220,000000,31.42,31.54,31.2942,31.2942,3690,0
GAUG.US,D,20231221,000000,31.3201,31.4246,31.31,31.4246,9818,0
GAUG.US,D,20231222,000000,31.51,31.51,31.4319,31.4656,2061,0
GAUG.US,D,20231226,000000,31.4954,31.54,31.4954,31.5251,617,0
GAUG.US,D,20231227,000000,31.5,31.5581,31.5,31.5581,664,0
GAUG.US,D,20231228,000000,31.59,31.6,31.5758,31.5758,17400,0
GAUG.US,D,20231229,000000,31.515,31.5622,31.515,31.5601,1186,0
GAUG.US,D,20240102,000000,31.4501,31.4934,31.41,31.473,5368,0
GAUG.US,D,20240103,000000,31.37,31.445,31.33,31.3593,9492,0
GAUG.US,D,20240104,000000,31.395,31.4,31.3152,31.3152,23872,0
GAUG.US,D,20240105,000000,31.38,31.415,31.32,31.39,4047,0
GAUG.US,D,20240108,000000,31.535,31.5775,31.535,31.5775,612,0
GAUG.US,D,20240109,000000,31.5331,31.565,31.5331,31.5642,7595,0
GAUG.US,D,20240110,000000,31.63,31.6552,31.63,31.6552,695,0
GAUG.US,D,20240111,000000,31.66,31.66,31.6249,31.6511,2398,0
GAUG.US,D,20240112,000000,31.69,31.69,31.6573,31.6702,640,0
GAUG.US,D,20240116,000000,31.61,31.6301,31.57,31.6092,4306,0
GAUG.US,D,20240117,000000,31.49,31.5393,31.43,31.5393,1379,0
GAUG.US,D,20240118,000000,31.55,31.6734,31.53,31.6734,3984,0
GAUG.US,D,20240119,000000,31.68,31.8999,31.68,31.8732,189304,0
GAUG.US,D,20240122,000000,31.91,31.94,31.86,31.892,84934,0
GAUG.US,D,20240123,000000,31.88,31.9438,31.88,31.9399,8040,0
GAUG.US,D,20240124,000000,32.03,32.0334,31.9487,31.9487,7236,0
GAUG.US,D,20240125,000000,32.04,32.04,31.95,32.0157,19559,0
GAUG.US,D,20240126,000000,31.97,32.02,31.97,31.99,3854,0
GAUG.US,D,20240129,000000,32,32.11,31.99,32.101,4317,0
GAUG.US,D,20240130,000000,32.05,32.1019,32.05,32.083,4053,0
GAUG.US,D,20240131,000000,32.05,32.05,31.8866,31.8866,15211,0
GAUG.US,D,20240201,000000,31.93,32.05,31.92,32.038,51790,0
GAUG.US,D,20240202,000000,32.1564,32.203,32.1564,32.203,517,0
GAUG.US,D,20240205,000000,32.09,32.1728,32.09,32.1728,2967,0
GAUG.US,D,20240206,000000,32.1789,32.1789,32.14,32.1749,9835,0
GAUG.US,D,20240207,000000,32.255,32.2902,32.25,32.2902,7852,0
GAUG.US,D,20240208,000000,32.2501,32.305,32.2501,32.3034,18345,0
GAUG.US,D,20240209,000000,32.29,32.37,32.2789,32.33,15694,0
GAUG.US,D,20240212,000000,32.3348,32.39,32.31,32.3498,15257,0
GAUG.US,D,20240213,000000,32.15,32.1599,32.0885,32.1599,48886,0
GAUG.US,D,20240214,000000,32.26,32.3055,32.21,32.3055,2767,0
GAUG.US,D,20240215,000000,32.28,32.3532,32.28,32.33,6298,0
GAUG.US,D,20240216,000000,32.33,32.385,32.29,32.29,3885,0
GAUG.US,D,20240220,000000,32.25,32.265,32.21,32.2568,25303,0
GAUG.US,D,20240221,000000,32.2,32.31,32.2,32.31,150602,0
GAUG.US,D,20240222,000000,32.46,32.53,32.45,32.53,14976,0
GAUG.US,D,20240223,000000,32.56,32.56,32.51,32.5236,543,0
GAUG.US,D,20240226,000000,32.51,32.53,32.48,32.503,25284,0
GAUG.US,D,20240227,000000,32.49,32.5336,32.47,32.5336,6961,0
GAUG.US,D,20240228,000000,32.49,32.54,32.49,32.5083,36637,0
GAUG.US,D,20240229,000000,32.53,32.5889,32.51,32.5853,199058,0
GAUG.US,D,20240301,000000,32.61,32.6495,32.61,32.6495,2285,0
GAUG.US,D,20240304,000000,32.6469,32.6999,32.6218,32.6356,14196,0
GAUG.US,D,20240305,000000,32.5265,32.555,32.4501,32.5098,4181,0
GAUG.US,D,20240306,000000,32.5817,32.6199,32.53,32.6199,13669,0
GAUG.US,D,20240307,000000,32.66,32.68,32.62,32.675,14368,0
GAUG.US,D,20240308,000000,32.69,32.6999,32.576,32.59,18351,0
GAUG.US,D,20240311,000000,32.55,32.605,32.55,32.59,3012,0
GAUG.US,D,20240312,000000,32.69,32.7241,32.69,32.7241,36201,0
GAUG.US,D,20240313,000000,32.69,32.7448,32.6701,32.7132,34497,0
GAUG.US,D,20240314,000000,32.69,32.7163,32.61,32.6711,17425,0
GAUG.US,D,20240315,000000,32.62,32.645,32.6,32.6257,13888,0
GAUG.US,D,20240318,000000,32.69,32.7454,32.68,32.685,14764,0
GAUG.US,D,20240319,000000,32.66,32.78,32.66,32.78,136544,0
GAUG.US,D,20240320,000000,32.73,32.9,32.73,32.9,678018,0
GAUG.US,D,20240321,000000,32.85,32.9216,32.85,32.86,8802,0
GAUG.US,D,20240322,000000,32.85,32.93,32.85,32.8949,12678,0
GAUG.US,D,20240325,000000,32.85,32.8697,32.8401,32.8697,69167,0
GAUG.US,D,20240326,000000,32.84,32.9295,32.84,32.8718,10364,0
GAUG.US,D,20240327,000000,32.86,32.94,32.85,32.9294,155082,0
GAUG.US,D,20240328,000000,32.91,32.96,32.91,32.9551,3918,0
GAUG.US,D,20240401,000000,32.95,32.95,32.925,32.9353,3767,0
GAUG.US,D,20240402,000000,32.85,32.879,32.8219,32.879,7186,0
GAUG.US,D,20240403,000000,32.9052,32.9099,32.8501,32.8929,4104,0
GAUG.US,D,20240404,000000,32.92,32.9767,32.775,32.78,7798,0
GAUG.US,D,20240405,000000,32.89,32.91,32.855,32.8745,3752,0
GAUG.US,D,20240408,000000,32.85,32.92,32.8419,32.8848,11878,0
GAUG.US,D,20240409,000000,32.87,32.9399,32.8,32.9056,14723,0
GAUG.US,D,20240410,000000,32.77,32.8408,32.75,32.8,6183,0
GAUG.US,D,20240411,000000,32.82,32.93,32.78,32.89,5427,0
GAUG.US,D,20240412,000000,32.81,32.81,32.69,32.71,5750,0
GAUG.US,D,20240415,000000,32.73,32.81,32.59,32.617,8829,0
GAUG.US,D,20240416,000000,32.6,32.651,32.58,32.6,19247,0
GAUG.US,D,20240417,000000,32.557,32.62,32.54,32.56,8123,0
GAUG.US,D,20240418,000000,32.635,32.635,32.51,32.5476,1667,0
GAUG.US,D,20240419,000000,32.54,32.54,32.418,32.42,5035,0
GAUG.US,D,20240422,000000,32.4502,32.67,32.4502,32.6013,168922,0
GAUG.US,D,20240423,000000,32.735,32.79,32.735,32.74,37738,0
GAUG.US,D,20240424,000000,32.7508,32.7911,32.71,32.7911,6623,0
GAUG.US,D,20240425,000000,32.63,32.7699,32.63,32.73,25335,0
GAUG.US,D,20240426,000000,32.82,32.8908,32.82,32.8748,8912,0
GAUG.US,D,20240429,000000,32.9212,32.9212,32.84,32.9085,2285,0
GAUG.US,D,20240430,000000,32.93,32.93,32.7621,32.7621,5772,0
GAUG.US,D,20240501,000000,32.72,32.9,32.705,32.7239,14404,0
GAUG.US,D,20240502,000000,32.77,32.84,32.75,32.8148,3666,0
GAUG.US,D,20240503,000000,32.9644,33.01,32.95,32.9949,13366,0
GAUG.US,D,20240506,000000,33.0832,33.09,33.03,33.09,2918,0
GAUG.US,D,20240507,000000,33.1,33.1499,33.0854,33.1,14309,0
GAUG.US,D,20240508,000000,33.115,33.1399,33.115,33.1284,4449,0
GAUG.US,D,20240509,000000,33.14,33.2,33.125,33.1651,17636,0
GAUG.US,D,20240510,000000,33.23,33.23,33.17,33.208,6839,0
GAUG.US,D,20240513,000000,33.2,33.25,33.19,33.2049,27412,0
GAUG.US,D,20240514,000000,33.25,33.26,33.1904,33.26,3648,0
GAUG.US,D,20240515,000000,33.315,33.3499,33.31,33.3253,1929,0
GAUG.US,D,20240516,000000,33.35,33.3644,33.31,33.33,34594,0
GAUG.US,D,20240517,000000,33.34,33.38,33.34,33.3503,54067,0
GAUG.US,D,20240520,000000,33.35,33.38,33.35,33.3748,154423,0
GAUG.US,D,20240521,000000,33.38,33.42,33.3501,33.4,2979,0
GAUG.US,D,20240522,000000,33.39,33.42,33.36,33.3699,18336,0
GAUG.US,D,20240523,000000,33.39,33.41,33.3,33.3352,182780,0
GAUG.US,D,20240524,000000,33.34,33.4299,33.34,33.39,11355,0
GAUG.US,D,20240528,000000,33.4373,33.4373,33.36,33.4056,5811,0
GAUG.US,D,20240529,000000,33.3407,33.38,33.3401,33.3654,2620,0
GAUG.US,D,20240530,000000,33.32,33.3764,33.32,33.3348,8052,0
GAUG.US,D,20240531,000000,33.4,33.413,33.3001,33.413,6057,0
GAUG.US,D,20240603,000000,33.37,33.425,33.3501,33.425,7477,0
GAUG.US,D,20240604,000000,33.4899,33.4899,33.38,33.4445,7588,0
GAUG.US,D,20240605,000000,33.4999,33.4999,33.45,33.475,1394,0
GAUG.US,D,20240606,000000,33.48,33.49,33.47,33.475,5758,0
GAUG.US,D,20240607,000000,33.48,33.5614,33.48,33.515,5413,0
GAUG.US,D,20240610,000000,33.49,33.53,33.4801,33.53,1700,0
GAUG.US,D,20240611,000000,33.5,33.543,33.5,33.5352,5628,0
GAUG.US,D,20240612,000000,33.55,33.61,33.51,33.5798,4277,0
GAUG.US,D,20240613,000000,33.57,33.629,33.53,33.5811,3470,0
GAUG.US,D,20240614,000000,33.56,33.6171,33.56,33.5809,1475,0
GAUG.US,D,20240617,000000,33.54,33.615,33.54,33.61,9683,0
GAUG.US,D,20240618,000000,33.622,33.643,33.6,33.6251,3205,0
GAUG.US,D,20240620,000000,33.641,33.68,33.59,33.62,7450,0
GAUG.US,D,20240621,000000,33.6437,33.6443,33.5906,33.6351,11784,0
