<TICKER>,<PER>,<DATE>,<TIME>,<OPEN>,<HIGH>,<LOW>,<CLOSE>,<VOL>,<OPENINT>
GDEF.US,D,20230125,000000,42.29,42.5,42.29,42.495,4244,0
GDEF.US,D,20230126,000000,42.5203,42.5203,42.5203,42.5203,21,0
GDEF.US,D,20230127,000000,42.79,42.8,42.4852,42.4852,2510,0
GDEF.US,D,20230130,000000,42.5,42.5,42.4,42.4441,503,0
GDEF.US,D,20230131,000000,42.75,42.8856,42.75,42.8856,122,0
GDEF.US,D,20230201,000000,43.0833,43.0833,43.0833,43.0833,6,0
GDEF.US,D,20230202,000000,43.1107,43.1107,43.1107,43.1107,1,0
GDEF.US,D,20230203,000000,43.01,43.01,42.9954,42.9954,101,0
GDEF.US,D,20230206,000000,42.9154,42.9154,42.9154,42.9154,3,0
GDEF.US,D,20230207,000000,43.1014,43.1014,43.1014,43.1014,3,0
GDEF.US,D,20230208,000000,42.9107,42.9107,42.9107,42.9107,3,0
GDEF.US,D,20230209,000000,42.91,42.91,42.794,42.794,101,0
GDEF.US,D,20230210,000000,42.9348,42.9348,42.9348,42.9348,20,0
GDEF.US,D,20230213,000000,43.1691,43.1691,43.1691,43.1691,1,0
GDEF.US,D,20230214,000000,43.21,43.21,43.1657,43.1657,250,0
GDEF.US,D,20230215,000000,43.2219,43.2219,43.2219,43.2219,5,0
GDEF.US,D,20230216,000000,43.0347,43.0347,43.0347,43.0347,4,0
GDEF.US,D,20230217,000000,43.0853,43.0853,43.0853,43.0853,41,0
GDEF.US,D,20230221,000000,42.74,42.74,42.5733,42.5733,616,0
GDEF.US,D,20230222,000000,42.4901,42.5512,42.49,42.5271,1109,0
GDEF.US,D,20230223,000000,42.4621,42.4621,42.4621,42.4621,55,0
GDEF.US,D,20230224,000000,42.1767,42.1767,42.113,42.113,360,0
GDEF.US,D,20230227,000000,42.24,42.24,42.1251,42.1251,150,0
GDEF.US,D,20230228,000000,42.15,42.15,42.051,42.051,506,0
GDEF.US,D,20230301,000000,42.15,42.15,42.0449,42.0449,43,0
GDEF.US,D,20230302,000000,42.1551,42.1551,42.1551,42.1551,55,0
GDEF.US,D,20230303,000000,42.3627,42.3627,42.3627,42.3627,9,0
GDEF.US,D,20230306,000000,42.4649,42.4649,42.4649,42.4649,5,0
GDEF.US,D,20230307,000000,42.2067,42.2067,42.2067,42.2067,45,0
GDEF.US,D,20230308,000000,42.44,42.44,42.2547,42.2547,441,0
GDEF.US,D,20230309,000000,41.9774,41.9774,41.9774,41.9774,7,0
GDEF.US,D,20230310,000000,41.671,41.671,41.671,41.671,1,0
GDEF.US,D,20230313,000000,42.44,42.44,41.7687,41.7687,31,0
GDEF.US,D,20230314,000000,41.985,41.985,41.985,41.985,10,0
GDEF.US,D,20230315,000000,41.45,41.8507,41.45,41.8507,114,0
GDEF.US,D,20230316,000000,42.1645,42.1645,42.1645,42.1645,1,0
GDEF.US,D,20230317,000000,41.8884,41.8884,41.8884,41.8884,4,0
GDEF.US,D,20230320,000000,42.299,42.299,42.2532,42.2532,210,0
GDEF.US,D,20230321,000000,42.42,42.47,42.355,42.4367,775,0
GDEF.US,D,20230322,000000,42.54,42.54,42.0972,42.0972,4125,0
GDEF.US,D,20230323,000000,42.0848,42.0848,42.0848,42.0848,10,0
GDEF.US,D,20230324,000000,42.2777,42.2777,42.2777,42.2777,50,0
GDEF.US,D,20230327,000000,42.49,42.49,42.2839,42.2839,200,0
GDEF.US,D,20230328,000000,42.2017,42.2017,42.2017,42.2017,50,0
GDEF.US,D,20230329,000000,42.7124,42.7124,42.7124,42.7124,1,0
GDEF.US,D,20230330,000000,42.9081,42.9081,42.9081,42.9081,50,0
GDEF.US,D,20230331,000000,43.1432,43.1432,43.1432,43.1432,1,0
GDEF.US,D,20230403,000000,42.61,43.2702,42.6,43.2702,1101,0
GDEF.US,D,20230404,000000,43.17,43.17,43.17,43.17,50,0
GDEF.US,D,20230405,000000,43.225,43.225,43.225,43.225,50,0
GDEF.US,D,20230406,000000,43.2301,43.2301,43.2301,43.2301,50,0
GDEF.US,D,20230410,000000,43.2706,43.2706,43.2706,43.2706,20,0
GDEF.US,D,20230411,000000,43.3605,43.3605,43.3605,43.3605,20,0
GDEF.US,D,20230412,000000,43.26,43.3209,43.25,43.3209,1010,0
GDEF.US,D,20230413,000000,43.6101,43.6101,43.6101,43.6101,20,0
GDEF.US,D,20230414,000000,43.6081,43.6081,43.6081,43.6081,20,0
GDEF.US,D,20230417,000000,43.6751,43.6751,43.6751,43.6751,20,0
GDEF.US,D,20230418,000000,43.7099,43.7099,43.7099,43.7099,2,0
GDEF.US,D,20230419,000000,43.7047,43.7047,43.7047,43.7047,20,0
GDEF.US,D,20230420,000000,43.7425,43.7425,43.7425,43.7425,20,0
GDEF.US,D,20230421,000000,43.8737,43.8737,43.8737,43.8737,20,0
GDEF.US,D,20230424,000000,43.9521,43.9521,43.9521,43.9521,20,0
GDEF.US,D,20230425,000000,43.5934,43.5934,43.5934,43.5934,20,0
GDEF.US,D,20230426,000000,43.2452,43.2452,43.2452,43.2452,4,0
GDEF.US,D,20230427,000000,43.8289,43.8289,43.8289,43.8289,20,0
GDEF.US,D,20230428,000000,43.9054,43.9054,43.9054,43.9054,20,0
GDEF.US,D,20230501,000000,43.9759,43.9759,43.9759,43.9759,250,0
GDEF.US,D,20230502,000000,43.9399,43.9399,43.9399,43.9399,4,0
GDEF.US,D,20230503,000000,43.849,43.849,43.849,43.849,20,0
GDEF.US,D,20230504,000000,43.768,43.768,43.768,43.768,50,0
GDEF.US,D,20230505,000000,44.0503,44.0503,44.0503,44.0503,50,0
GDEF.US,D,20230508,000000,44.0709,44.0709,44.0709,44.0709,50,0
GDEF.US,D,20230509,000000,44.0179,44.0179,44.0179,44.0179,12,0
GDEF.US,D,20230510,000000,44.14,44.14,44.14,44.14,50,0
GDEF.US,D,20230511,000000,44.1387,44.1387,44.1387,44.1387,24,0
GDEF.US,D,20230512,000000,44.1701,44.1701,44.1701,44.1701,50,0
GDEF.US,D,20230515,000000,44.1818,44.1818,44.1818,44.1818,50,0
GDEF.US,D,20230516,000000,44.0192,44.0192,44.0192,44.0192,15,0
GDEF.US,D,20230517,000000,44.1192,44.1192,44.1192,44.1192,30,0
GDEF.US,D,20230518,000000,44.219,44.219,44.219,44.219,1,0
GDEF.US,D,20230519,000000,44.27,44.27,44.27,44.27,30,0
GDEF.US,D,20230522,000000,44.15,44.15,44.15,44.15,4,0
GDEF.US,D,20230523,000000,43.8537,43.8537,43.8537,43.8537,10,0
GDEF.US,D,20230524,000000,43.6752,43.6752,43.6752,43.6752,20,0
GDEF.US,D,20230525,000000,43.6598,43.6598,43.6598,43.6598,20,0
GDEF.US,D,20230526,000000,43.7701,43.7701,43.7701,43.7701,62,0
GDEF.US,D,20230530,000000,43.7852,43.7852,43.7852,43.7852,5,0
GDEF.US,D,20230531,000000,43.7922,43.7922,43.7922,43.7922,10,0
GDEF.US,D,20230601,000000,44.1017,44.1017,44.1017,44.1017,1,0
GDEF.US,D,20230602,000000,44.2151,44.2151,44.2151,44.2151,2,0
GDEF.US,D,20230605,000000,44.2501,44.2501,44.2501,44.2501,1,0
GDEF.US,D,20230606,000000,44.1568,44.1568,44.1568,44.1568,20,0
GDEF.US,D,20230607,000000,44.0802,44.0802,44.0802,44.0802,20,0
GDEF.US,D,20230608,000000,44.16,44.16,44.16,44.16,1,0
GDEF.US,D,20230609,000000,44.1298,44.1298,44.1298,44.1298,20,0
GDEF.US,D,20230612,000000,44.1599,44.1599,44.1599,44.1599,2,0
GDEF.US,D,20230613,000000,44.1999,44.1999,44.1999,44.1999,20,0
GDEF.US,D,20230614,000000,44.24,44.24,44.24,44.24,20,0
GDEF.US,D,20230615,000000,44.3702,44.3702,44.3702,44.3702,20,0
GDEF.US,D,20230616,000000,44.4224,44.4224,44.4224,44.4224,20,0
GDEF.US,D,20230620,000000,44.4101,44.4101,44.4101,44.4101,20,0
GDEF.US,D,20230621,000000,44.49,44.5202,44.43,44.5202,1450,0
GDEF.US,D,20230622,000000,44.5402,44.5402,44.5402,44.5402,20,0
GDEF.US,D,20230623,000000,44.5452,44.5452,44.5452,44.5452,20,0
GDEF.US,D,20230626,000000,44.5,44.5,44.5,44.5,1,0
GDEF.US,D,20230627,000000,44.48,44.48,44.48,44.48,1,0
GDEF.US,D,20230628,000000,44.4593,44.4593,44.4593,44.4593,1,0
GDEF.US,D,20230629,000000,44.4998,44.4998,44.4998,44.4998,3,0
GDEF.US,D,20230630,000000,44.7021,44.7021,44.7021,44.7021,1,0
GDEF.US,D,20230703,000000,44.4652,44.4652,44.4652,44.4652,4,0
GDEF.US,D,20230705,000000,44.647,44.7252,44.647,44.7252,226,0
GDEF.US,D,20230706,000000,44.5744,44.5744,44.5744,44.5744,1,0
GDEF.US,D,20230707,000000,44.4199,44.4199,44.4199,44.4199,75,0
GDEF.US,D,20230710,000000,44.6062,44.6062,44.6062,44.6062,1,0
GDEF.US,D,20230711,000000,44.751,44.751,44.751,44.751,1,0
GDEF.US,D,20230712,000000,44.8366,44.8366,44.8366,44.8366,1,0
GDEF.US,D,20230713,000000,44.8901,44.8901,44.8901,44.8901,1,0
GDEF.US,D,20230714,000000,44.9553,45.0103,44.9553,45.0103,107,0
GDEF.US,D,20230717,000000,45.0695,45.0695,45.0695,45.0695,40,0
GDEF.US,D,20230718,000000,45.0201,45.0201,45.0201,45.0201,2,0
GDEF.US,D,20230719,000000,44.9639,44.9639,44.9639,44.9639,34,0
GDEF.US,D,20230720,000000,45.1596,45.1596,45.1596,45.1596,1,0
GDEF.US,D,20230721,000000,45.3089,45.3089,45.3089,45.3089,1,0
GDEF.US,D,20230724,000000,44.94,45.2312,44.94,45.2312,300,0
GDEF.US,D,20230725,000000,45.2208,45.2208,45.2208,45.2208,40,0
GDEF.US,D,20230726,000000,45.3422,45.3422,45.3422,45.3422,1,0
GDEF.US,D,20230727,000000,45.257,45.257,45.257,45.257,40,0
GDEF.US,D,20230728,000000,45.38,45.38,45.2098,45.2098,200,0
GDEF.US,D,20230731,000000,45.1355,45.1355,45.1355,45.1355,40,0
GDEF.US,D,20230801,000000,45.1367,45.1367,45.1062,45.1062,140,0
GDEF.US,D,20230802,000000,44.81,44.89,44.81,44.8263,3036,0
GDEF.US,D,20230803,000000,44.7065,44.7065,44.7065,44.7065,40,0
GDEF.US,D,20230804,000000,44.3851,44.3851,44.3851,44.3851,2,0
GDEF.US,D,20230807,000000,44.52,44.66,44.51,44.6255,2312,0
GDEF.US,D,20230808,000000,44.45,44.5213,44.45,44.5213,220,0
GDEF.US,D,20230809,000000,44.5408,44.5408,44.4338,44.4338,131,0
GDEF.US,D,20230810,000000,44.4588,44.4588,44.4588,44.4588,28,0
GDEF.US,D,20230811,000000,44.4493,44.4493,44.4493,44.4493,25,0
GDEF.US,D,20230814,000000,44.5596,44.5596,44.5596,44.5596,11,0
GDEF.US,D,20230815,000000,44.4119,44.4119,44.4119,44.4119,22,0
GDEF.US,D,20230816,000000,44.3442,44.3442,44.3442,44.3442,20,0
GDEF.US,D,20230817,000000,44.1797,44.1797,44.1797,44.1797,20,0
GDEF.US,D,20230818,000000,44.3703,44.3703,44.3703,44.3703,36,0
GDEF.US,D,20230821,000000,44.2853,44.2853,44.2853,44.2853,14,0
GDEF.US,D,20230822,000000,44.14,44.14,44.14,44.14,13,0
GDEF.US,D,20230823,000000,44.4001,44.4001,44.4001,44.4001,10,0
GDEF.US,D,20230824,000000,44.3299,44.3299,44.3299,44.3299,14,0
GDEF.US,D,20230825,000000,44.4201,44.4201,44.4201,44.4201,10,0
GDEF.US,D,20230828,000000,44.4304,44.4304,44.4304,44.4304,20,0
GDEF.US,D,20230829,000000,44.5379,44.5379,44.5379,44.5379,13,0
GDEF.US,D,20230830,000000,44.6323,44.6323,44.6323,44.6323,11,0
GDEF.US,D,20230831,000000,44.52,44.57,44.52,44.5341,1780,0
GDEF.US,D,20230901,000000,44.64,44.7797,44.64,44.7797,408,0
GDEF.US,D,20230905,000000,44.26,44.26,44.21,44.2469,808,0
GDEF.US,D,20230906,000000,44.14,44.1973,44.13,44.1973,729,0
GDEF.US,D,20230907,000000,44.2214,44.2214,44.2214,44.2214,10,0
GDEF.US,D,20230908,000000,44.1795,44.1795,44.1795,44.1795,1,0
GDEF.US,D,20230911,000000,44.2917,44.2917,44.2917,44.2917,3,0
GDEF.US,D,20230912,000000,44.1725,44.1725,44.1725,44.1725,1,0
GDEF.US,D,20230913,000000,44.0985,44.0985,44.0985,44.0985,45,0
GDEF.US,D,20230914,000000,44.3513,44.3513,44.3513,44.3513,40,0
GDEF.US,D,20230915,000000,44.06,44.06,43.9368,43.9368,105,0
GDEF.US,D,20230918,000000,44.1155,44.1155,44.1155,44.1155,1,0
GDEF.US,D,20230919,000000,44.0696,44.0696,44.0696,44.0696,2,0
GDEF.US,D,20230920,000000,43.9239,43.9239,43.9239,43.9239,1,0
GDEF.US,D,20230921,000000,43.6257,43.6257,43.6257,43.6257,1,0
GDEF.US,D,20230922,000000,43.71,43.71,43.689,43.689,300,0
GDEF.US,D,20230925,000000,43.4801,43.4801,43.4801,43.4801,2,0
GDEF.US,D,20230926,000000,43.4895,43.4895,43.4895,43.4895,1,0
GDEF.US,D,20230927,000000,43.5002,43.5002,43.5002,43.5002,11,0
GDEF.US,D,20230928,000000,43.62,43.62,43.5798,43.5798,316,0
GDEF.US,D,20230929,000000,43.4903,43.4903,43.4903,43.4903,2,0
GDEF.US,D,20231002,000000,43.3969,43.3969,43.3969,43.3969,4,0
GDEF.US,D,20231003,000000,43.1502,43.1502,43.1502,43.1502,1,0
GDEF.US,D,20231004,000000,43.4397,43.4397,43.4397,43.4397,1,0
GDEF.US,D,20231005,000000,43.3601,43.3601,43.3601,43.3601,3,0
GDEF.US,D,20231006,000000,43.6502,43.6502,43.6502,43.6502,1,0
GDEF.US,D,20231009,000000,43.7906,43.7906,43.7906,43.7906,1,0
GDEF.US,D,20231010,000000,43.9215,43.9215,43.9215,43.9215,3,0
GDEF.US,D,20231011,000000,43.9906,43.9906,43.9906,43.9906,1,0
GDEF.US,D,20231012,000000,43.79,43.79,43.79,43.79,1,0
GDEF.US,D,20231013,000000,43.8267,43.8267,43.7402,43.7402,300,0
GDEF.US,D,20231016,000000,44.0274,44.0274,44.0274,44.0274,1,0
GDEF.US,D,20231017,000000,44.034,44.034,44.034,44.034,1,0
GDEF.US,D,20231018,000000,43.7712,43.7712,43.7712,43.7712,1,0
GDEF.US,D,20231019,000000,43.6094,43.6094,43.6094,43.6094,23,0
GDEF.US,D,20231020,000000,43.2874,43.2874,43.2874,43.2874,5,0
GDEF.US,D,20231023,000000,43.1519,43.1519,43.1519,43.1519,5,0
GDEF.US,D,20231024,000000,43.3519,43.3519,43.3519,43.3519,1,0
GDEF.US,D,20231025,000000,43.0377,43.0377,43.0377,43.0377,23,0
GDEF.US,D,20231026,000000,42.95,42.95,42.804,42.804,100,0
GDEF.US,D,20231027,000000,42.6447,42.6447,42.6447,42.6447,45,0
GDEF.US,D,20231030,000000,42.7116,42.7116,42.7116,42.7116,23,0
GDEF.US,D,20231031,000000,42.87,42.897,42.87,42.897,300,0
GDEF.US,D,20231101,000000,42.84,42.84,42.84,42.84,23,0
GDEF.US,D,20231102,000000,43.212,43.212,43.212,43.212,1,0
GDEF.US,D,20231103,000000,43.29,43.29,43.19,43.2751,295,0
GDEF.US,D,20231106,000000,43.3701,43.3701,43.3701,43.3701,36,0
GDEF.US,D,20231107,000000,43.41,43.41,43.41,43.41,25,0
GDEF.US,D,20231108,000000,43.5,43.5,43.5,43.5,52,0
GDEF.US,D,20231109,000000,43.4363,43.4363,43.4363,43.4363,25,0
GDEF.US,D,20231110,000000,43.5251,43.5251,43.5251,43.5251,25,0
GDEF.US,D,20231113,000000,43.53,43.53,43.53,43.53,25,0
GDEF.US,D,20231114,000000,43.4712,43.4712,43.4712,43.4712,25,0
GDEF.US,D,20231115,000000,43.4249,43.4249,43.4249,43.4249,25,0
GDEF.US,D,20231116,000000,43.4699,43.4699,43.4699,43.4699,25,0
GDEF.US,D,20231117,000000,43.4251,43.4251,43.4251,43.4251,21,0
GDEF.US,D,20231120,000000,43.4051,43.4051,43.4051,43.4051,1,0
GDEF.US,D,20231121,000000,43.5093,43.5093,43.5093,43.5093,1,0
GDEF.US,D,20231122,000000,43.5701,43.5701,43.5701,43.5701,1,0
GDEF.US,D,20231124,000000,43.586,43.586,43.586,43.586,1,0
GDEF.US,D,20231127,000000,43.58,43.58,43.58,43.58,1,0
GDEF.US,D,20231128,000000,43.6,43.6,43.5749,43.5749,114,0
GDEF.US,D,20231129,000000,43.5598,43.5598,43.5598,43.5598,1,0
GDEF.US,D,20231130,000000,43.5195,43.5195,43.5195,43.5195,1,0
GDEF.US,D,20231201,000000,44.1768,44.1768,44.1768,44.1768,1,0
GDEF.US,D,20231204,000000,43.89,43.89,43.89,43.89,5,0
GDEF.US,D,20231205,000000,43.8454,43.8454,43.8454,43.8454,3,0
GDEF.US,D,20231206,000000,43.8403,43.8403,43.8403,43.8403,2,0
GDEF.US,D,20231207,000000,43.9448,43.9448,43.9448,43.9448,3,0
GDEF.US,D,20231208,000000,43.9999,43.9999,43.9999,43.9999,3,0
GDEF.US,D,20231211,000000,44.0976,44.0976,44.0976,44.0976,3,0
GDEF.US,D,20231212,000000,44.2612,44.2612,44.2612,44.2612,3,0
GDEF.US,D,20231213,000000,44.4528,44.4528,44.4528,44.4528,3,0
GDEF.US,D,20231214,000000,44.2299,44.2299,44.2299,44.2299,3,0
GDEF.US,D,20231215,000000,44.1961,44.1961,44.1961,44.1961,1,0
GDEF.US,D,20231218,000000,44.2799,44.2799,44.2799,44.2799,2,0
GDEF.US,D,20231219,000000,44.2499,44.2499,44.2499,44.2499,3,0
GDEF.US,D,20231220,000000,44.2224,44.2224,44.2224,44.2224,3,0
GDEF.US,D,20231221,000000,44.2649,44.2649,44.2649,44.2649,3,0
GDEF.US,D,20231222,000000,44.3265,44.3265,44.3265,44.3265,3,0
GDEF.US,D,20231226,000000,44.0201,44.0201,44.0201,44.0201,3,0
GDEF.US,D,20231227,000000,44.154,44.154,44.154,44.154,1,0
GDEF.US,D,20231228,000000,44.2347,44.2347,44.2347,44.2347,1,0
GDEF.US,D,20231229,000000,44.1597,44.1597,44.1597,44.1597,5,0
GDEF.US,D,20240102,000000,44.0888,44.0888,44.0888,44.0888,1,0
GDEF.US,D,20240103,000000,43.9609,43.9609,43.9609,43.9609,1,0
GDEF.US,D,20240104,000000,43.9802,43.9802,43.9802,43.9802,3,0
GDEF.US,D,20240105,000000,43.967,43.967,43.967,43.967,10,0
GDEF.US,D,20240108,000000,44.3198,44.3198,44.3198,44.3198,1,0
GDEF.US,D,20240109,000000,44.3281,44.3281,44.3281,44.3281,1,0
GDEF.US,D,20240110,000000,44.5237,44.5237,44.5237,44.5237,2,0
GDEF.US,D,20240111,000000,44.5675,44.5675,44.5675,44.5675,1,0
GDEF.US,D,20240112,000000,44.69,44.69,44.69,44.69,1,0
GDEF.US,D,20240116,000000,44.6283,44.6283,44.6283,44.6283,1,0
GDEF.US,D,20240117,000000,44.57,44.57,44.5674,44.5674,725,0
GDEF.US,D,20240118,000000,44.95,44.96,44.811,44.811,784,0
GDEF.US,D,20240119,000000,45.0535,45.0535,45.0535,45.0535,7,0
GDEF.US,D,20240122,000000,45.1897,45.1897,45.1897,45.1897,2,0
GDEF.US,D,20240123,000000,45.2685,45.2685,45.2685,45.2685,27,0
GDEF.US,D,20240124,000000,45.1813,45.1813,45.1813,45.1813,6,0
GDEF.US,D,20240125,000000,45.2851,45.2851,45.2851,45.2851,22,0
GDEF.US,D,20240126,000000,45.3701,45.3701,45.3701,45.3701,10,0
GDEF.US,D,20240129,000000,45.5107,45.5107,45.5107,45.5107,2,0
GDEF.US,D,20240130,000000,45.59,45.59,45.59,45.59,1,0
GDEF.US,D,20240131,000000,45.1829,45.1829,45.1829,45.1829,7,0
GDEF.US,D,20240201,000000,45.5417,45.5417,45.5417,45.5417,5,0
GDEF.US,D,20240202,000000,45.8277,45.8277,45.8277,45.8277,13,0
GDEF.US,D,20240205,000000,45.639,45.639,45.639,45.639,42,0
GDEF.US,D,20240206,000000,45.7524,45.7524,45.7524,45.7524,26,0
GDEF.US,D,20240207,000000,45.9746,45.9746,45.9746,45.9746,128,0
GDEF.US,D,20240208,000000,46.0831,46.0831,46.0831,46.0831,1,0
GDEF.US,D,20240209,000000,46.23,46.27,46.1747,46.2182,1893,0
GDEF.US,D,20240212,000000,46.2,46.2,46.1318,46.1318,1044,0
GDEF.US,D,20240213,000000,45.74,45.74,45.722,45.722,202,0
GDEF.US,D,20240214,000000,45.8,45.97,45.8,45.97,400,0
GDEF.US,D,20240215,000000,46.1594,46.1594,46.1594,46.1594,1,0
GDEF.US,D,20240216,000000,46.1,46.11,46.0034,46.0034,1203,0
GDEF.US,D,20240220,000000,45.8787,45.8787,45.8787,45.8787,3,0
GDEF.US,D,20240221,000000,45.9798,45.9798,45.9798,45.9798,21,0
GDEF.US,D,20240222,000000,46.4814,46.4814,46.4814,46.4814,3,0
GDEF.US,D,20240223,000000,46.525,46.5996,46.525,46.5996,329,0
GDEF.US,D,20240226,000000,46.45,46.4705,46.45,46.4705,100,0
GDEF.US,D,20240227,000000,46.4249,46.5105,46.4249,46.5105,107,0
GDEF.US,D,20240228,000000,46.5494,46.5494,46.5494,46.5494,3,0
GDEF.US,D,20240229,000000,46.6406,46.6406,46.6406,46.6406,20,0
GDEF.US,D,20240301,000000,46.7505,46.7505,46.7505,46.7505,30,0
GDEF.US,D,20240304,000000,46.75,46.7898,46.75,46.7898,227,0
GDEF.US,D,20240305,000000,46.4532,46.4532,46.4532,46.4532,99,0
GDEF.US,D,20240306,000000,46.6349,46.6349,46.6349,46.6349,13,0
GDEF.US,D,20240307,000000,46.8687,46.8687,46.8687,46.8687,20,0
GDEF.US,D,20240308,000000,46.7672,46.7672,46.7672,46.7672,13,0
GDEF.US,D,20240311,000000,46.7767,46.7767,46.7767,46.7767,13,0
GDEF.US,D,20240312,000000,47.0619,47.1236,47.0619,47.1236,118,0
GDEF.US,D,20240313,000000,47.1046,47.1046,47.1046,47.1046,34,0
GDEF.US,D,20240314,000000,47.0977,47.0977,47.0977,47.0977,1,0
GDEF.US,D,20240315,000000,46.8342,46.8342,46.8342,46.8342,35,0
GDEF.US,D,20240318,000000,47.0096,47.0096,47.0096,47.0096,2,0
GDEF.US,D,20240319,000000,47.2952,47.2952,47.2952,47.2952,2,0
GDEF.US,D,20240320,000000,47.4884,47.5136,47.4884,47.5136,112,0
GDEF.US,D,20240321,000000,47.5403,47.5403,47.5403,47.5403,280,0
GDEF.US,D,20240322,000000,47.4993,47.4993,47.4993,47.4993,2,0
GDEF.US,D,20240325,000000,47.4051,47.4051,47.4051,47.4051,9,0
GDEF.US,D,20240326,000000,47.3756,47.3756,47.3756,47.3756,11,0
GDEF.US,D,20240327,000000,47.6455,47.6455,47.6455,47.6455,57,0
GDEF.US,D,20240328,000000,47.7476,47.7476,47.7476,47.7476,36,0
GDEF.US,D,20240401,000000,47.5823,47.5823,47.5823,47.5823,2,0
GDEF.US,D,20240402,000000,47.315,47.3751,47.315,47.3751,103,0
GDEF.US,D,20240403,000000,47.3764,47.3764,47.3764,47.3764,139,0
GDEF.US,D,20240404,000000,47.0798,47.0798,47.0798,47.0798,2,0
GDEF.US,D,20240405,000000,47.3746,47.3746,47.3746,47.3746,1,0
GDEF.US,D,20240408,000000,47.3768,47.3768,47.3768,47.3768,9,0
GDEF.US,D,20240409,000000,47.4333,47.4333,47.4333,47.4333,15,0
GDEF.US,D,20240410,000000,47.1312,47.1312,47.1312,47.1312,5,0
GDEF.US,D,20240411,000000,47.15,47.15,47.15,47.15,3543,0
GDEF.US,D,20240412,000000,46.76,46.8071,46.74,46.8071,402,0
GDEF.US,D,20240415,000000,46.48,46.5527,46.48,46.5527,300,0
GDEF.US,D,20240416,000000,46.4901,46.5307,46.4901,46.5307,100,0
GDEF.US,D,20240417,000000,46.5283,46.5283,46.5283,46.5283,20,0
GDEF.US,D,20240418,000000,46.4753,46.4753,46.4753,46.4753,53,0
GDEF.US,D,20240419,000000,46.6024,46.6024,46.6024,46.6024,10,0
GDEF.US,D,20240422,000000,46.7552,46.7552,46.7552,46.7552,50,0
GDEF.US,D,20240423,000000,46.8259,46.8259,46.8259,46.8259,1,0
GDEF.US,D,20240424,000000,46.8561,46.8561,46.8561,46.8561,1,0
GDEF.US,D,20240425,000000,46.8,46.8599,46.8,46.8599,200,0
GDEF.US,D,20240426,000000,46.7965,46.7965,46.7965,46.7965,9,0
GDEF.US,D,20240429,000000,46.7301,46.7301,46.7301,46.7301,1,0
GDEF.US,D,20240430,000000,46.3869,46.3869,46.3869,46.3869,8,0
GDEF.US,D,20240501,000000,46.3167,46.3167,46.3167,46.3167,5,0
GDEF.US,D,20240502,000000,46.5143,46.5143,46.5143,46.5143,5,0
GDEF.US,D,20240503,000000,46.901,46.901,46.901,46.901,1,0
GDEF.US,D,20240506,000000,47.1048,47.1048,47.1048,47.1048,5,0
GDEF.US,D,20240507,000000,47.2872,47.2872,47.2872,47.2872,2,0
GDEF.US,D,20240508,000000,47.3025,47.3025,47.3025,47.3025,5,0
GDEF.US,D,20240509,000000,47.5075,47.5075,47.5075,47.5075,1,0
GDEF.US,D,20240510,000000,47.6596,47.6596,47.6596,47.6596,1,0
GDEF.US,D,20240513,000000,47.62,47.62,47.62,47.62,1,0
GDEF.US,D,20240514,000000,47.7248,47.7248,47.7248,47.7248,1,0
GDEF.US,D,20240515,000000,48.0296,48.0296,48.0296,48.0296,13,0
GDEF.US,D,20240516,000000,48.1501,48.1501,48.1501,48.1501,1,0
GDEF.US,D,20240517,000000,48.2051,48.2051,48.2051,48.2051,1,0
GDEF.US,D,20240520,000000,48.205,48.205,48.205,48.205,10,0
GDEF.US,D,20240521,000000,48.26,48.26,48.26,48.26,7,0
GDEF.US,D,20240522,000000,48.1949,48.1949,48.1949,48.1949,8,0
GDEF.US,D,20240523,000000,48.0504,48.0504,48.0504,48.0504,7,0
GDEF.US,D,20240524,000000,48.2365,48.2365,48.2365,48.2365,1,0
GDEF.US,D,20240528,000000,48.1105,48.1105,48.1105,48.1105,102,0
GDEF.US,D,20240529,000000,47.9046,47.9046,47.9046,47.9046,5,0
GDEF.US,D,20240530,000000,47.6,47.6899,47.59,47.6899,315,0
GDEF.US,D,20240531,000000,48.0132,48.0132,48.0132,48.0132,9,0
GDEF.US,D,20240603,000000,47.9983,47.9983,47.9983,47.9983,50,0
GDEF.US,D,20240604,000000,47.96,48.0851,47.77,48.0851,400,0
GDEF.US,D,20240605,000000,48.3535,48.3535,48.3535,48.3535,20,0
GDEF.US,D,20240606,000000,48.3351,48.3351,48.3351,48.3351,50,0
GDEF.US,D,20240607,000000,48.2889,48.2889,48.2889,48.2889,50,0
GDEF.US,D,20240610,000000,48.2778,48.2778,48.2778,48.2778,50,0
GDEF.US,D,20240611,000000,48.3715,48.3715,48.3715,48.3715,50,0
GDEF.US,D,20240612,000000,48.6301,48.6301,48.6301,48.6301,50,0
GDEF.US,D,20240613,000000,48.5,48.5547,48.49,48.5547,401,0
GDEF.US,D,20240614,000000,48.5426,48.5426,48.5426,48.5426,1,0
GDEF.US,D,20240617,000000,48.6462,48.6462,48.6462,48.6462,1,0
GDEF.US,D,20240618,000000,48.7103,48.7103,48.7103,48.7103,44,0
GDEF.US,D,20240620,000000,48.68,48.7286,48.68,48.7286,310,0
GDEF.US,D,20240621,000000,48.77,48.8,48.7657,48.7657,449,0
