<TICKER>,<PER>,<DATE>,<TIME>,<OPEN>,<HIGH>,<LOW>,<CLOSE>,<VOL>,<OPENINT>
GFEB.US,D,20230222,000000,29.13,29.13,28.8801,29.01,263380,0
GFEB.US,D,20230223,000000,29.12,29.1287,28.8501,29.1,1277325,0
GFEB.US,D,20230224,000000,28.85,28.95,28.7601,28.93,242169,0
GFEB.US,D,20230227,000000,29.042,29.119,28.9079,28.98,264498,0
GFEB.US,D,20230228,000000,28.97,29.05,28.895,28.94,145993,0
GFEB.US,D,20230301,000000,28.91,28.9599,28.7538,28.86,350167,0
GFEB.US,D,20230302,000000,28.79,29.04,28.77,29.01,255587,0
GFEB.US,D,20230303,000000,29.11,29.27,29.06,29.23,170264,0
GFEB.US,D,20230306,000000,29.32,29.38,29.2101,29.2449,139141,0
GFEB.US,D,20230307,000000,29.2,29.28,28.9546,28.98,52778,0
GFEB.US,D,20230308,000000,29.04,29.06,28.9283,29.04,159753,0
GFEB.US,D,20230309,000000,29.0819,29.119,28.6645,28.76,102394,0
GFEB.US,D,20230310,000000,28.75,28.75,28.42,28.4712,31225,0
GFEB.US,D,20230313,000000,28.35,28.7192,28.33,28.546,23660,0
GFEB.US,D,20230314,000000,28.785,28.89,28.61,28.79,644512,0
GFEB.US,D,20230315,000000,28.58,28.7172,28.48,28.7172,134524,0
GFEB.US,D,20230316,000000,28.63,28.99,28.59,28.99,59118,0
GFEB.US,D,20230317,000000,28.95,28.96,28.7459,28.7739,43569,0
GFEB.US,D,20230320,000000,28.75,28.97,28.75,28.9303,54548,0
GFEB.US,D,20230321,000000,29.12,29.1484,28.99,29.1484,64518,0
GFEB.US,D,20230322,000000,29.149,29.33,28.9089,28.9089,85663,0
GFEB.US,D,20230323,000000,29.06,29.1893,28.8012,28.92,67896,0
GFEB.US,D,20230324,000000,28.83,29.0791,28.816,29.0181,34488,0
GFEB.US,D,20230327,000000,29.11,29.1792,29.04,29.0574,20981,0
GFEB.US,D,20230328,000000,29.049,29.0677,28.93,29.03,87131,0
GFEB.US,D,20230329,000000,29.22,29.3,29.17,29.23,37618,0
GFEB.US,D,20230330,000000,29.43,29.43,29.2501,29.34,35615,0
GFEB.US,D,20230331,000000,29.44,29.61,29.44,29.5807,39832,0
GFEB.US,D,20230403,000000,29.66,29.7,29.55,29.7,111257,0
GFEB.US,D,20230404,000000,29.73,29.73,29.53,29.63,75350,0
GFEB.US,D,20230405,000000,29.565,29.609,29.475,29.544,67023,0
GFEB.US,D,20230406,000000,29.54,29.66,29.5025,29.66,22982,0
GFEB.US,D,20230410,000000,29.492,29.64,29.49,29.626,167005,0
GFEB.US,D,20230411,000000,29.7,29.715,29.6091,29.618,31139,0
GFEB.US,D,20230412,000000,29.76,29.76,29.5354,29.5545,119795,0
GFEB.US,D,20230413,000000,29.64,29.82,29.63,29.82,11642,0
GFEB.US,D,20230414,000000,29.81,29.83,29.67,29.71,62711,0
GFEB.US,D,20230417,000000,29.7973,29.85,29.7001,29.85,43920,0
GFEB.US,D,20230418,000000,29.865,29.9,29.77,29.87,32645,0
GFEB.US,D,20230419,000000,29.78,29.88,29.78,29.78,133092,0
GFEB.US,D,20230420,000000,29.75,29.8,29.67,29.7375,8137,0
GFEB.US,D,20230421,000000,29.81,29.81,29.71,29.81,133870,0
GFEB.US,D,20230424,000000,29.72,29.82,29.72,29.7886,238296,0
GFEB.US,D,20230425,000000,29.75,29.75,29.5,29.51,25816,0
GFEB.US,D,20230426,000000,29.5999,29.63,29.43,29.43,22450,0
GFEB.US,D,20230427,000000,29.6,29.83,29.56,29.83,12897,0
GFEB.US,D,20230428,000000,29.71,29.94,29.71,29.89,10430,0
GFEB.US,D,20230501,000000,29.9168,29.999,29.9001,29.98,10009,0
GFEB.US,D,20230502,000000,29.9095,29.9095,29.6301,29.758,6038,0
GFEB.US,D,20230503,000000,29.77,29.8399,29.6,29.6,5885,0
GFEB.US,D,20230504,000000,29.57,29.59,29.4701,29.5124,6891,0
GFEB.US,D,20230505,000000,29.72,29.89,29.72,29.8185,12908,0
GFEB.US,D,20230508,000000,29.8,29.865,29.7908,29.8287,11171,0
GFEB.US,D,20230509,000000,29.79,29.82,29.72,29.72,9655,0
GFEB.US,D,20230510,000000,29.94,29.94,29.7005,29.8479,3415,0
GFEB.US,D,20230511,000000,29.73,29.85,29.73,29.79,20443,0
GFEB.US,D,20230512,000000,29.815,29.82,29.73,29.8056,8640,0
GFEB.US,D,20230515,000000,29.8,29.909,29.77,29.82,11249,0
GFEB.US,D,20230516,000000,29.83,29.859,29.71,29.71,15447,0
GFEB.US,D,20230517,000000,29.8632,29.98,29.8632,29.9556,5034,0
GFEB.US,D,20230518,000000,30.01,30.15,29.9609,30.08,16137,0
GFEB.US,D,20230519,000000,30.16,30.19,30.0265,30.0931,13306,0
GFEB.US,D,20230522,000000,30.04,30.14,30.04,30.06,16678,0
GFEB.US,D,20230523,000000,29.96,30.08,29.8701,29.9163,19207,0
GFEB.US,D,20230524,000000,29.821,29.821,29.7106,29.73,7891,0
GFEB.US,D,20230525,000000,29.892,29.9436,29.84,29.87,5607,0
GFEB.US,D,20230526,000000,30.02,30.19,30.02,30.1,9472,0
GFEB.US,D,20230530,000000,30.2,30.2,30.0981,30.19,12570,0
GFEB.US,D,20230531,000000,30.02,30.15,29.97,30.05,6753,0
GFEB.US,D,20230601,000000,30.11,30.31,30.03,30.2325,6468,0
GFEB.US,D,20230602,000000,30.426,30.53,30.426,30.43,7440,0
GFEB.US,D,20230605,000000,30.535,30.535,30.4548,30.4548,1515,0
GFEB.US,D,20230606,000000,30.42,30.56,30.42,30.47,12405,0
GFEB.US,D,20230607,000000,30.49,30.52,30.4138,30.42,6968,0
GFEB.US,D,20230608,000000,30.4276,30.63,30.4276,30.52,7777,0
GFEB.US,D,20230609,000000,30.595,30.65,30.54,30.54,10273,0
GFEB.US,D,20230612,000000,30.59,30.74,30.5401,30.6871,14090,0
GFEB.US,D,20230613,000000,30.79,30.815,30.77,30.78,23019,0
GFEB.US,D,20230614,000000,30.8787,30.91,30.68,30.79,8097,0
GFEB.US,D,20230615,000000,30.869,31.05,30.869,30.95,5029,0
GFEB.US,D,20230616,000000,31.03,31.07,30.91,30.91,11394,0
GFEB.US,D,20230620,000000,30.81,30.94,30.81,30.87,199216,0
GFEB.US,D,20230621,000000,30.8,30.87,30.8,30.8,6184,0
GFEB.US,D,20230622,000000,30.8,30.8774,30.78,30.86,25458,0
GFEB.US,D,20230623,000000,30.7508,30.8599,30.74,30.803,13291,0
GFEB.US,D,20230626,000000,30.79,30.81,30.7533,30.7533,2662,0
GFEB.US,D,20230627,000000,30.74,30.9599,30.74,30.89,6269,0
GFEB.US,D,20230628,000000,30.85,30.93,30.85,30.9,7236,0
GFEB.US,D,20230629,000000,30.97,30.995,30.91,30.97,59321,0
GFEB.US,D,20230630,000000,31.14,31.23,31.13,31.1902,11191,0
GFEB.US,D,20230703,000000,31.185,31.209,31.15,31.16,9079,0
GFEB.US,D,20230705,000000,31.17,31.21,31.12,31.13,19625,0
GFEB.US,D,20230706,000000,31.0124,31.099,31.01,31.0546,4196,0
GFEB.US,D,20230707,000000,30.98,31.1779,30.98,30.99,8123,0
GFEB.US,D,20230710,000000,30.98,31.055,30.98,31.04,3812,0
GFEB.US,D,20230711,000000,31.05,31.22,31.05,31.14,14314,0
GFEB.US,D,20230712,000000,31.35,31.35,31.2601,31.27,7645,0
GFEB.US,D,20230713,000000,31.3501,31.43,31.35,31.43,3885,0
GFEB.US,D,20230714,000000,31.455,31.4699,31.36,31.37,9655,0
GFEB.US,D,20230717,000000,31.36,31.51,31.36,31.41,6732,0
GFEB.US,D,20230718,000000,31.53,31.53,31.46,31.49,20291,0
GFEB.US,D,20230719,000000,31.61,31.61,31.5,31.5,6479,0
GFEB.US,D,20230720,000000,31.56,31.56,31.42,31.42,21550,0
GFEB.US,D,20230721,000000,31.54,31.54,31.43,31.43,88174,0
GFEB.US,D,20230724,000000,31.5,31.58,31.461,31.48,25297,0
GFEB.US,D,20230725,000000,31.49,31.62,31.49,31.62,157109,0
GFEB.US,D,20230726,000000,31.51,31.61,31.49,31.5584,33212,0
GFEB.US,D,20230727,000000,31.63,31.66,31.4742,31.4742,4847,0
GFEB.US,D,20230728,000000,31.6223,31.6375,31.5708,31.6004,1399,0
GFEB.US,D,20230731,000000,31.61,31.61,31.56,31.57,13058,0
GFEB.US,D,20230801,000000,31.53,31.61,31.53,31.61,9044,0
GFEB.US,D,20230802,000000,31.42,31.42,31.34,31.36,10422,0
GFEB.US,D,20230803,000000,31.31,31.3925,31.31,31.3773,4935,0
GFEB.US,D,20230804,000000,31.41,31.5199,31.3042,31.3042,13361,0
GFEB.US,D,20230807,000000,31.45,31.45,31.3799,31.41,5841,0
GFEB.US,D,20230808,000000,31.2841,31.4,31.2841,31.3934,2980,0
GFEB.US,D,20230809,000000,31.33,31.37,31.29,31.3089,6681,0
GFEB.US,D,20230810,000000,31.3319,31.3319,31.2301,31.27,30567,0
GFEB.US,D,20230811,000000,31.22,31.33,31.22,31.2775,148241,0
GFEB.US,D,20230814,000000,31.2953,31.41,31.29,31.41,72066,0
GFEB.US,D,20230815,000000,31.31,31.34,31.18,31.23,23065,0
GFEB.US,D,20230816,000000,31.17,31.209,31.06,31.06,4195,0
GFEB.US,D,20230817,000000,31.115,31.13,30.92,30.94,32073,0
GFEB.US,D,20230818,000000,30.959,30.99,30.94,30.96,2232,0
GFEB.US,D,20230821,000000,30.979,31.1063,30.9401,31.1063,4083,0
GFEB.US,D,20230822,000000,31.126,31.126,31.06,31.06,3340,0
GFEB.US,D,20230823,000000,31.1703,31.2718,31.15,31.25,3255,0
GFEB.US,D,20230824,000000,31.1601,31.1899,31.0328,31.0328,2099,0
GFEB.US,D,20230825,000000,31.07,31.18,31.07,31.17,2194,0
GFEB.US,D,20230828,000000,31.17,31.2583,31.17,31.2583,2597,0
GFEB.US,D,20230829,000000,31.26,31.4813,31.2301,31.4813,8465,0
GFEB.US,D,20230830,000000,31.46,31.55,31.46,31.5465,5396,0
GFEB.US,D,20230831,000000,31.53,31.5925,31.52,31.5447,10759,0
GFEB.US,D,20230901,000000,31.59,31.59,31.52,31.5559,4273,0
GFEB.US,D,20230905,000000,31.522,31.57,31.49,31.5,5997,0
GFEB.US,D,20230906,000000,31.43,31.44,31.34,31.412,14649,0
GFEB.US,D,20230907,000000,31.27,31.41,31.2602,31.3715,11273,0
GFEB.US,D,20230908,000000,31.35,31.4591,31.35,31.4099,3113,0
GFEB.US,D,20230911,000000,31.4793,31.54,31.4793,31.5247,1598,0
GFEB.US,D,20230912,000000,31.51,31.51,31.4001,31.48,6092,0
GFEB.US,D,20230913,000000,31.51,31.51,31.42,31.5,6169,0
GFEB.US,D,20230914,000000,31.54,31.65,31.54,31.622,3189,0
GFEB.US,D,20230915,000000,31.54,31.54,31.415,31.4246,34812,0
GFEB.US,D,20230918,000000,31.4421,31.46,31.4,31.4398,12374,0
GFEB.US,D,20230919,000000,31.36,31.43,31.28,31.4009,17794,0
GFEB.US,D,20230920,000000,31.43,31.4309,31.23,31.2416,16877,0
GFEB.US,D,20230921,000000,31.08,31.1,30.9335,30.9335,11843,0
GFEB.US,D,20230922,000000,30.94,31.0391,30.86,30.86,10829,0
GFEB.US,D,20230925,000000,30.8301,30.97,30.82,30.9657,7559,0
GFEB.US,D,20230926,000000,30.8006,30.8006,30.661,30.6885,3226,0
GFEB.US,D,20230927,000000,30.71,30.745,30.58,30.6839,6249,0
GFEB.US,D,20230928,000000,30.82,30.83,30.77,30.8086,8477,0
GFEB.US,D,20230929,000000,30.8504,30.86,30.719,30.81,17434,0
GFEB.US,D,20231002,000000,30.76,30.7791,30.62,30.7574,5087,0
GFEB.US,D,20231003,000000,30.72,30.72,30.44,30.51,26983,0
GFEB.US,D,20231004,000000,30.5397,30.7,30.49,30.7,5897,0
GFEB.US,D,20231005,000000,30.639,30.64,30.51,30.6282,4993,0
GFEB.US,D,20231006,000000,30.5438,30.9506,30.4443,30.8795,32566,0
GFEB.US,D,20231009,000000,30.8173,30.9848,30.76,30.9848,3495,0
GFEB.US,D,20231010,000000,31.034,31.216,31.034,31.06,19765,0
GFEB.US,D,20231011,000000,31.14,31.16,31.021,31.16,6148,0
GFEB.US,D,20231012,000000,31.13,31.16,30.9201,31.0642,2814,0
GFEB.US,D,20231013,000000,31.15,31.15,30.9301,30.9655,12770,0
GFEB.US,D,20231016,000000,31.1299,31.25,31.115,31.2112,2753,0
GFEB.US,D,20231017,000000,31.09,31.2619,31.07,31.1796,8523,0
GFEB.US,D,20231018,000000,31.13,31.13,30.8868,30.97,4504,0
GFEB.US,D,20231019,000000,30.88,31.01,30.714,30.7642,8005,0
GFEB.US,D,20231020,000000,30.596,30.659,30.4907,30.5099,7452,0
GFEB.US,D,20231023,000000,30.51,30.58,30.4655,30.4655,4154,0
GFEB.US,D,20231024,000000,30.54,30.68,30.47,30.6408,11337,0
GFEB.US,D,20231025,000000,30.64,30.64,30.3,30.36,4617,0
GFEB.US,D,20231026,000000,30.29,30.29,30.07,30.0799,2295,0
GFEB.US,D,20231027,000000,30.17,30.17,29.95,30,11874,0
GFEB.US,D,20231030,000000,30.1548,30.3,30.1548,30.25,4610,0
GFEB.US,D,20231031,000000,30.26,30.3351,30.195,30.3351,7638,0
GFEB.US,D,20231101,000000,30.4,30.6199,30.4,30.6,8165,0
GFEB.US,D,20231102,000000,30.7999,30.97,30.7201,30.938,22724,0
GFEB.US,D,20231103,000000,31.1384,31.21,31.1384,31.19,9105,0
GFEB.US,D,20231106,000000,31.206,31.206,31.11,31.197,1054988,0
GFEB.US,D,20231107,000000,31.3,31.33,31.25,31.29,30484,0
GFEB.US,D,20231108,000000,31.3357,31.3357,31.2019,31.2952,5259,0
GFEB.US,D,20231109,000000,31.275,31.326,31.09,31.0921,18224,0
GFEB.US,D,20231110,000000,31.217,31.45,31.1798,31.43,4448,0
GFEB.US,D,20231113,000000,31.455,31.51,31.42,31.4548,7351,0
GFEB.US,D,20231114,000000,31.875,31.94,31.82,31.8452,5105,0
GFEB.US,D,20231115,000000,31.98,31.98,31.88,31.8907,18399,0
GFEB.US,D,20231116,000000,31.84,31.93,31.84,31.921,1447,0
GFEB.US,D,20231117,000000,31.93,31.99,31.9205,31.9625,6540,0
GFEB.US,D,20231120,000000,31.9965,32.1799,31.9965,32.1106,12207,0
GFEB.US,D,20231121,000000,32.04,32.11,32.01,32.05,10721,0
GFEB.US,D,20231122,000000,32.2,32.2,32.13,32.1649,4439,0
GFEB.US,D,20231124,000000,32.16,32.19,32.16,32.1767,1027,0
GFEB.US,D,20231127,000000,32.18,32.195,32.14,32.1649,3730,0
GFEB.US,D,20231128,000000,32.22,32.23,32.14,32.183,13059,0
GFEB.US,D,20231129,000000,32.32,32.34,32.19,32.19,16119,0
GFEB.US,D,20231130,000000,32.17,32.2456,32.1154,32.2456,4597,0
GFEB.US,D,20231201,000000,32.24,32.365,32.24,32.3588,3058,0
GFEB.US,D,20231204,000000,32.25,32.2736,32.1659,32.2736,38052,0
GFEB.US,D,20231205,000000,32.215,32.28,32.215,32.265,6355,0
GFEB.US,D,20231206,000000,32.28,32.31,32.15,32.15,11317,0
GFEB.US,D,20231207,000000,32.24,32.35,32.23,32.3288,22333,0
GFEB.US,D,20231208,000000,32.325,32.435,32.325,32.43,5048,0
GFEB.US,D,20231211,000000,32.38,32.4983,32.38,32.47,13738,0
GFEB.US,D,20231212,000000,32.456,32.5967,32.45,32.5967,7116,0
GFEB.US,D,20231213,000000,32.59,32.7804,32.59,32.7804,9085,0
GFEB.US,D,20231214,000000,32.81,32.85,32.76,32.7716,44701,0
GFEB.US,D,20231215,000000,32.835,32.8434,32.79,32.8411,28213,0
GFEB.US,D,20231218,000000,32.84,32.8861,32.84,32.8852,7285,0
GFEB.US,D,20231219,000000,32.87,32.9642,32.8606,32.96,15252,0
GFEB.US,D,20231220,000000,32.95,32.95,32.7833,32.7833,15767,0
GFEB.US,D,20231221,000000,32.83,32.8511,32.78,32.8511,12246,0
GFEB.US,D,20231222,000000,32.9598,32.9598,32.89,32.8965,5619,0
GFEB.US,D,20231226,000000,32.93,33,32.92,32.9867,31658,0
GFEB.US,D,20231227,000000,33,33.0112,32.9712,33.0062,2019,0
GFEB.US,D,20231228,000000,33.035,33.0786,33,33.0311,1119320,0
GFEB.US,D,20231229,000000,33.0514,33.085,32.98,33.0353,8085,0
GFEB.US,D,20240102,000000,32.9631,33,32.9201,32.9982,7442,0
GFEB.US,D,20240103,000000,32.9,32.93,32.87,32.8916,158824,0
GFEB.US,D,20240104,000000,32.89,32.91,32.83,32.83,35787,0
GFEB.US,D,20240105,000000,32.86,32.93,32.86,32.88,4540,0
GFEB.US,D,20240108,000000,32.9709,33.09,32.97,33.0762,8874,0
GFEB.US,D,20240109,000000,33.0384,33.12,33.0384,33.12,20703,0
GFEB.US,D,20240110,000000,33.0873,33.1686,33.0873,33.15,10569,0
GFEB.US,D,20240111,000000,33.14,33.155,33.0501,33.15,5886,0
GFEB.US,D,20240112,000000,33.19,33.2,33.15,33.16,19998,0
GFEB.US,D,20240116,000000,33.155,33.2064,33.09,33.13,4497,0
GFEB.US,D,20240117,000000,33.06,33.09,33.01,33.07,3282,0
GFEB.US,D,20240118,000000,33.111,33.175,33.0853,33.17,9824,0
GFEB.US,D,20240119,000000,33.21,33.3499,33.2,33.27,6033,0
GFEB.US,D,20240122,000000,33.3269,33.37,33.3,33.3,19949,0
GFEB.US,D,20240123,000000,33.37,33.37,33.31,33.34,22627,0
GFEB.US,D,20240124,000000,33.3501,33.4,33.34,33.34,4401,0
GFEB.US,D,20240125,000000,33.36,33.41,33.3301,33.35,66705,0
GFEB.US,D,20240126,000000,33.37,33.406,33.36,33.37,11762,0
GFEB.US,D,20240129,000000,33.46,33.46,33.38,33.4,10342,0
GFEB.US,D,20240130,000000,33.435,33.48,33.41,33.41,3616,0
GFEB.US,D,20240131,000000,33.4,33.41,33.39,33.39,2130,0
GFEB.US,D,20240201,000000,33.43,33.43,33.39,33.42,8943,0
GFEB.US,D,20240202,000000,33.43,33.5,33.43,33.44,20715,0
GFEB.US,D,20240205,000000,33.4522,33.5199,33.45,33.45,5542,0
GFEB.US,D,20240206,000000,33.46,33.4958,33.4401,33.455,11704,0
GFEB.US,D,20240207,000000,33.46,33.5499,33.45,33.53,24732,0
GFEB.US,D,20240208,000000,33.47,33.54,33.4501,33.5044,13036,0
GFEB.US,D,20240209,000000,33.52,33.56,33.49,33.54,14370,0
GFEB.US,D,20240212,000000,33.5,33.5443,33.48,33.5299,19204,0
GFEB.US,D,20240213,000000,33.56,33.57,33.4701,33.54,27224,0
GFEB.US,D,20240214,000000,33.57,33.58,33.53,33.54,40798,0
GFEB.US,D,20240215,000000,33.54,33.59,33.4963,33.57,142224,0
GFEB.US,D,20240216,000000,33.57,33.61,33.51,33.6,605979,0
GFEB.US,D,20240220,000000,33.57,33.57,33.38,33.48,901002,0
GFEB.US,D,20240221,000000,33.44,33.53,33.36,33.53,720227,0
GFEB.US,D,20240222,000000,33.75,33.89,33.685,33.86,1110661,0
GFEB.US,D,20240223,000000,33.93,33.934,33.78,33.8657,341466,0
GFEB.US,D,20240226,000000,33.9,33.9,33.775,33.79,1784139,0
GFEB.US,D,20240227,000000,33.82,33.83,33.73,33.83,425381,0
GFEB.US,D,20240228,000000,33.79,33.84,33.76,33.81,239589,0
GFEB.US,D,20240229,000000,33.87,33.91,33.795,33.88,269591,0
GFEB.US,D,20240301,000000,33.97,34.09,33.9,34.085,152858,0
GFEB.US,D,20240304,000000,33.99,34.0799,33.99,34.01,219315,0
GFEB.US,D,20240305,000000,33.95,33.95,33.7614,33.86,484452,0
GFEB.US,D,20240306,000000,34,34.0181,33.8701,33.9293,537141,0
GFEB.US,D,20240307,000000,34.05,34.12,33.9952,34.08,239369,0
GFEB.US,D,20240308,000000,34.13,34.186,33.97,34,84220,0
GFEB.US,D,20240311,000000,33.925,33.98,33.88,33.98,141812,0
GFEB.US,D,20240312,000000,34.04,34.15,33.95,34.14,59218,0
GFEB.US,D,20240313,000000,34.1,34.1598,34.0738,34.11,252187,0
GFEB.US,D,20240314,000000,34.08,35.25,33.9754,34.07,148068,0
GFEB.US,D,20240315,000000,33.99,34.02,33.91,33.96,50071,0
GFEB.US,D,20240318,000000,34.07,34.27,33.99,34.05,187932,0
GFEB.US,D,20240319,000000,34.02,34.19,34.02,34.17,87320,0
GFEB.US,D,20240320,000000,34.18,34.34,34.12,34.33,99279,0
GFEB.US,D,20240321,000000,34.34,34.4099,34.3301,34.36,125486,0
GFEB.US,D,20240322,000000,34.34,34.3799,34.3,34.35,62989,0
GFEB.US,D,20240325,000000,34.3,34.3299,34.24,34.26,40839,0
GFEB.US,D,20240326,000000,34.34,34.34,34.28,34.28,19074,0
GFEB.US,D,20240327,000000,34.2701,34.3725,34.2701,34.3725,11373,0
GFEB.US,D,20240328,000000,34.37,34.46,34.37,34.44,227922,0
GFEB.US,D,20240401,000000,34.37,34.43,34.33,34.35,38517,0
GFEB.US,D,20240402,000000,34.195,34.2511,34.19,34.24,13640,0
GFEB.US,D,20240403,000000,34.23,34.33,34.23,34.302,18956,0
GFEB.US,D,20240404,000000,34.3735,34.4,34.08,34.14,144882,0
GFEB.US,D,20240405,000000,34.18,34.31,34.13,34.23,18223,0
GFEB.US,D,20240408,000000,34.24,34.31,34.23,34.31,15580,0
GFEB.US,D,20240409,000000,34.37,34.37,34.12,34.35,13922,0
GFEB.US,D,20240410,000000,34.095,34.17,34.0624,34.17,44701,0
GFEB.US,D,20240411,000000,34.19,34.3,34.0569,34.29,60194,0
GFEB.US,D,20240412,000000,34.18,34.21,33.96,34,28609,0
GFEB.US,D,20240415,000000,34.17,34.18,33.8,33.83,27195,0
GFEB.US,D,20240416,000000,33.86,33.8777,33.75,33.81,37711,0
GFEB.US,D,20240417,000000,33.8856,33.8887,33.6801,33.75,17898,0
GFEB.US,D,20240418,000000,33.77,33.83,33.6001,33.6602,8929,0
GFEB.US,D,20240419,000000,33.64,33.68,33.4716,33.5599,14832,0
GFEB.US,D,20240422,000000,33.64,33.755,33.55,33.75,24590,0
GFEB.US,D,20240423,000000,33.76,33.9495,33.76,33.9139,13991,0
GFEB.US,D,20240424,000000,33.94,33.9652,33.81,33.9392,26587,0
GFEB.US,D,20240425,000000,33.6301,33.9,33.6301,33.8461,13921,0
GFEB.US,D,20240426,000000,33.98,34.08,33.9748,34.07,18941,0
GFEB.US,D,20240429,000000,34.0738,34.12,34.0606,34.0845,4108,0
GFEB.US,D,20240430,000000,34.0299,34.0299,33.8548,33.8548,14434,0
GFEB.US,D,20240501,000000,33.741,33.995,33.7175,33.7573,26598,0
GFEB.US,D,20240502,000000,33.85,33.9799,33.77,33.9019,28393,0
GFEB.US,D,20240503,000000,34.12,34.19,34.08,34.19,10170,0
GFEB.US,D,20240506,000000,34.28,34.36,34.2001,34.36,10054,0
GFEB.US,D,20240507,000000,34.33,34.4174,34.33,34.37,14172,0
GFEB.US,D,20240508,000000,34.26,34.39,34.26,34.39,14477,0
GFEB.US,D,20240509,000000,34.375,34.49,34.375,34.4,5690,0
GFEB.US,D,20240510,000000,34.4901,34.535,34.4216,34.52,21382,0
GFEB.US,D,20240513,000000,34.52,34.54,34.4413,34.52,21087,0
GFEB.US,D,20240514,000000,34.48,34.62,34.47,34.62,24732,0
GFEB.US,D,20240515,000000,34.7,34.81,34.68,34.7862,44469,0
GFEB.US,D,20240516,000000,34.82,34.839,34.76,34.7703,19308,0
GFEB.US,D,20240517,000000,34.8,34.83,34.72,34.83,12063,0
GFEB.US,D,20240520,000000,34.84,34.9,34.805,34.85,6576,0
GFEB.US,D,20240521,000000,34.78,34.9099,34.77,34.84,12378,0
GFEB.US,D,20240522,000000,34.81,34.91,34.7571,34.86,29765,0
GFEB.US,D,20240523,000000,34.94,34.94,34.6301,34.7075,14942,0
GFEB.US,D,20240524,000000,34.8299,34.89,34.78,34.82,10696,0
GFEB.US,D,20240528,000000,34.81,34.89,34.7482,34.8376,17190,0
GFEB.US,D,20240529,000000,34.6801,34.8,34.6801,34.74,5841,0
GFEB.US,D,20240530,000000,34.74,34.76,34.59,34.63,17004,0
GFEB.US,D,20240531,000000,34.73,34.782,34.56,34.782,14541,0
GFEB.US,D,20240603,000000,34.9,34.9,34.6303,34.78,33368,0
GFEB.US,D,20240604,000000,34.76,34.87,34.72,34.87,10436,0
GFEB.US,D,20240605,000000,34.8601,35.05,34.821,35.05,10921,0
GFEB.US,D,20240606,000000,35,35.06,34.9398,35.02,11599,0
GFEB.US,D,20240607,000000,34.96,35.065,34.96,35.0301,4653,0
GFEB.US,D,20240610,000000,34.95,35.08,34.95,35.08,6959,0
GFEB.US,D,20240611,000000,35.03,35.13,34.9845,35.13,21349,0
GFEB.US,D,20240612,000000,35.25,35.32,35.18,35.29,23492,0
GFEB.US,D,20240613,000000,35.27,35.3199,35.195,35.23,14490,0
GFEB.US,D,20240614,000000,35.1701,35.28,35.1701,35.25,197335,0
GFEB.US,D,20240617,000000,35.29,35.4,35.21,35.34,6013,0
GFEB.US,D,20240618,000000,35.4,35.45,35.3707,35.45,14794,0
GFEB.US,D,20240620,000000,35.43,35.46,35.2901,35.3732,19182,0
GFEB.US,D,20240621,000000,35.31,35.3913,35.31,35.34,11385,0
