<TICKER>,<PER>,<DATE>,<TIME>,<OPEN>,<HIGH>,<LOW>,<CLOSE>,<VOL>,<OPENINT>
GJUN.US,D,20230621,000000,29.81,30.44,29.735,29.78,3022614,0
GJUN.US,D,20230622,000000,29.73,29.84,29.695,29.825,220727,0
GJUN.US,D,20230623,000000,29.7,29.79,29.6601,29.73,351450,0
GJUN.US,D,20230626,000000,29.69,29.73,29.61,29.64,147580,0
GJUN.US,D,20230627,000000,29.68,29.869,29.6489,29.84,545541,0
GJUN.US,D,20230628,000000,29.8,29.9,29.74,29.83,678337,0
GJUN.US,D,20230629,000000,29.82,29.92,29.7701,29.91,225055,0
GJUN.US,D,20230630,000000,30.0409,30.15,30,30.12,325806,0
GJUN.US,D,20230703,000000,30.12,30.159,30.05,30.15,99590,0
GJUN.US,D,20230705,000000,30.07,30.14,30.0119,30.06,290118,0
GJUN.US,D,20230706,000000,29.97,29.9734,29.82,29.92,412290,0
GJUN.US,D,20230707,000000,29.93,30.089,29.8955,29.9021,463430,0
GJUN.US,D,20230710,000000,29.95,29.9899,29.875,29.9422,486502,0
GJUN.US,D,20230711,000000,30.03,30.13,29.9301,30.13,823465,0
GJUN.US,D,20230712,000000,30.27,30.31,30.1901,30.249,222039,0
GJUN.US,D,20230713,000000,30.35,30.4,30.2956,30.38,321610,0
GJUN.US,D,20230714,000000,30.42,30.43,30.31,30.36,76670,0
GJUN.US,D,20230717,000000,30.39,30.47,30.35,30.44,102254,0
GJUN.US,D,20230718,000000,30.42,30.56,30.38,30.54,104223,0
GJUN.US,D,20230719,000000,30.57,30.6,30.5032,30.55,80825,0
GJUN.US,D,20230720,000000,30.5297,30.58,30.4075,30.428,159818,0
GJUN.US,D,20230721,000000,30.53,30.5344,30.43,30.48,297478,0
GJUN.US,D,20230724,000000,30.44,30.57,30.44,30.55,270217,0
GJUN.US,D,20230725,000000,30.54,30.64,30.51,30.5656,58403,0
GJUN.US,D,20230726,000000,30.55,30.6099,30.5,30.58,29819,0
GJUN.US,D,20230727,000000,30.62,30.68,30.42,30.43,52265,0
GJUN.US,D,20230728,000000,30.63,30.669,30.56,30.6246,26754,0
GJUN.US,D,20230731,000000,30.655,30.6795,30.575,30.6,55532,0
GJUN.US,D,20230801,000000,30.5784,30.65,30.521,30.65,50061,0
GJUN.US,D,20230802,000000,30.51,30.52,30.311,30.34,21205,0
GJUN.US,D,20230803,000000,30.295,30.39,30.285,30.35,18378,0
GJUN.US,D,20230804,000000,30.38,30.5299,30.23,30.23,29528,0
GJUN.US,D,20230807,000000,30.29,30.44,30.29,30.44,24328,0
GJUN.US,D,20230808,000000,30.2329,30.4,30.21,30.39,16449,0
GJUN.US,D,20230809,000000,30.37,30.37,30.19,30.2402,21935,0
GJUN.US,D,20230810,000000,30.3501,30.46,30.2075,30.26,80762,0
GJUN.US,D,20230811,000000,30.16,30.28,30.16,30.22,15341,0
GJUN.US,D,20230814,000000,30.23,30.34,30.16,30.28,20414,0
GJUN.US,D,20230815,000000,30.23,30.2787,30.1202,30.16,373368,0
GJUN.US,D,20230816,000000,30.16,30.17,29.9986,30.03,50601,0
GJUN.US,D,20230817,000000,30.08,30.08,29.84,29.89,16692,0
GJUN.US,D,20230818,000000,29.81,29.94,29.74,29.86,50034,0
GJUN.US,D,20230821,000000,29.94,30.01,29.88,30,49744,0
GJUN.US,D,20230822,000000,30.08,30.08,29.905,29.905,18094,0
GJUN.US,D,20230823,000000,30.01,30.18,30.01,30.14,37580,0
GJUN.US,D,20230824,000000,30.15,30.1928,29.87,29.87,25545,0
GJUN.US,D,20230825,000000,29.8892,30.07,29.8306,29.97,55930,0
GJUN.US,D,20230828,000000,30.06,30.136,30.04,30.09,19778,0
GJUN.US,D,20230829,000000,30.16,30.38,30.13,30.34,10596,0
GJUN.US,D,20230830,000000,30.4799,30.49,30.3601,30.445,8667,0
GJUN.US,D,20230831,000000,30.49,30.52,30.4,30.4,141553,0
GJUN.US,D,20230901,000000,30.4954,30.5,30.3901,30.471,23281,0
GJUN.US,D,20230905,000000,30.47,30.47,30.38,30.43,17118,0
GJUN.US,D,20230906,000000,30.33,30.3658,30.1619,30.31,19598,0
GJUN.US,D,20230907,000000,30.15,30.2591,30.1219,30.2246,124520,0
GJUN.US,D,20230908,000000,30.29,30.34,30.21,30.28,27603,0
GJUN.US,D,20230911,000000,30.34,30.39,30.3299,30.37,28674,0
GJUN.US,D,20230912,000000,30.3499,30.36,30.24,30.31,37695,0
GJUN.US,D,20230913,000000,30.32,30.3513,30.25,30.33,17998,0
GJUN.US,D,20230914,000000,30.34,30.51,30.34,30.43,68021,0
GJUN.US,D,20230915,000000,30.43,30.43,30.25,30.27,8572,0
GJUN.US,D,20230918,000000,30.2564,30.33,30.2564,30.29,16343,0
GJUN.US,D,20230919,000000,30.27,30.27,30.13,30.25,27869,0
GJUN.US,D,20230920,000000,30.24,30.3,30.09,30.09,35386,0
GJUN.US,D,20230921,000000,29.9,29.92,29.78,29.79,21859,0
GJUN.US,D,20230922,000000,29.84,29.903,29.71,29.71,97690,0
GJUN.US,D,20230925,000000,29.65,29.84,29.65,29.84,24626,0
GJUN.US,D,20230926,000000,29.67,29.67,29.51,29.58,46584,0
GJUN.US,D,20230927,000000,29.56,29.63,29.38,29.58,55484,0
GJUN.US,D,20230928,000000,29.59,29.68,29.585,29.655,66141,0
GJUN.US,D,20230929,000000,29.76,29.79,29.5745,29.63,16731,0
GJUN.US,D,20231002,000000,29.64,29.64,29.48,29.64,183763,0
GJUN.US,D,20231003,000000,29.55,29.55,29.33,29.42,59609,0
GJUN.US,D,20231004,000000,29.43,29.55,29.33,29.535,25003,0
GJUN.US,D,20231005,000000,29.507,29.54,29.3901,29.53,43733,0
GJUN.US,D,20231006,000000,29.42,29.795,29.3701,29.74,21630,0
GJUN.US,D,20231009,000000,29.6725,29.87,29.635,29.86,12121,0
GJUN.US,D,20231010,000000,29.89,30.06,29.8543,29.96,31487,0
GJUN.US,D,20231011,000000,29.96,30.04,29.8632,30.04,102757,0
GJUN.US,D,20231012,000000,30.05,30.05,29.79,29.92,120904,0
GJUN.US,D,20231013,000000,30,30,29.76,29.78,47839,0
GJUN.US,D,20231016,000000,29.9203,30.05,29.92,30.01,112339,0
GJUN.US,D,20231017,000000,29.9,30.07,29.9,30.02,25259,0
GJUN.US,D,20231018,000000,29.93,29.93,29.7,29.77,103337,0
GJUN.US,D,20231019,000000,29.7699,29.83,29.58,29.63,24837,0
GJUN.US,D,20231020,000000,29.6,29.6,29.39,29.39,35307,0
GJUN.US,D,20231023,000000,29.34,29.48,29.33,29.38,24322,0
GJUN.US,D,20231024,000000,29.46,29.54,29.3801,29.48,287460,0
GJUN.US,D,20231025,000000,29.39,29.39,29.22,29.26,28289,0
GJUN.US,D,20231026,000000,29.15,29.21,29.02,29.06,150478,0
GJUN.US,D,20231027,000000,29.14,29.14,28.91,29,36225,0
GJUN.US,D,20231030,000000,29.05,29.23,29.041,29.16,152446,0
GJUN.US,D,20231031,000000,29.1605,29.29,29.1605,29.2698,36513,0
GJUN.US,D,20231101,000000,29.28,29.5,29.28,29.44,51951,0
GJUN.US,D,20231102,000000,29.69,29.82,29.684,29.82,37662,0
GJUN.US,D,20231103,000000,29.978,30.03,29.9086,29.99,49308,0
GJUN.US,D,20231106,000000,29.96,30.04,29.92,30.04,73120,0
GJUN.US,D,20231107,000000,30,30.12,30,30.09,91710,0
GJUN.US,D,20231108,000000,30.13,30.14,29.9792,30.0822,8778,0
GJUN.US,D,20231109,000000,30.09,30.13,29.89,29.95,56538,0
GJUN.US,D,20231110,000000,30.05,30.26,29.99,30.25,30014,0
GJUN.US,D,20231113,000000,30.14,30.25,30.14,30.18,16646,0
GJUN.US,D,20231114,000000,30.5,30.63,30.5,30.59,326473,0
GJUN.US,D,20231115,000000,30.6328,30.695,30.59,30.63,27223,0
GJUN.US,D,20231116,000000,30.6481,30.66,30.5201,30.66,71545,0
GJUN.US,D,20231117,000000,30.65,30.6892,30.6096,30.68,15420,0
GJUN.US,D,20231120,000000,30.62,30.8399,30.62,30.83,28119,0
GJUN.US,D,20231121,000000,30.8,30.8,30.7222,30.7362,19023,0
GJUN.US,D,20231122,000000,30.844,30.9014,30.7914,30.82,22564,0
GJUN.US,D,20231124,000000,30.82,30.8726,30.8113,30.8402,7490,0
GJUN.US,D,20231127,000000,30.84,30.8799,30.7905,30.8,24112,0
GJUN.US,D,20231128,000000,30.79,30.885,30.78,30.82,154501,0
GJUN.US,D,20231129,000000,30.98,30.98,30.7975,30.86,24265,0
GJUN.US,D,20231130,000000,30.83,30.95,30.7606,30.95,402144,0
GJUN.US,D,20231201,000000,30.86,31.06,30.86,31,21439,0
GJUN.US,D,20231204,000000,30.8355,30.935,30.83,30.9302,5532,0
GJUN.US,D,20231205,000000,30.8999,30.98,30.875,30.95,18140,0
GJUN.US,D,20231206,000000,30.99,30.9917,30.8501,30.88,79325,0
GJUN.US,D,20231207,000000,30.96,31.025,30.9145,31.02,18904,0
GJUN.US,D,20231208,000000,30.94,31.1134,30.94,31.06,23767,0
GJUN.US,D,20231211,000000,31.04,31.1674,31.04,31.13,10376,0
GJUN.US,D,20231212,000000,31.15,31.25,31.15,31.23,14068,0
GJUN.US,D,20231213,000000,31.29,31.52,31.24,31.49,126157,0
GJUN.US,D,20231214,000000,31.5668,31.595,31.4488,31.53,25763,0
GJUN.US,D,20231215,000000,31.55,31.5826,31.48,31.57,41216,0
GJUN.US,D,20231218,000000,31.6,31.68,31.58,31.67,95362,0
GJUN.US,D,20231219,000000,31.64,31.75,31.64,31.75,40164,0
GJUN.US,D,20231220,000000,31.65,31.72,31.43,31.43,55799,0
GJUN.US,D,20231221,000000,31.6291,31.6291,31.47,31.61,164991,0
GJUN.US,D,20231222,000000,31.66,31.7427,31.63,31.67,21100,0
GJUN.US,D,20231226,000000,31.65,31.75,31.65,31.74,15165,0
GJUN.US,D,20231227,000000,31.78,31.79,31.765,31.79,5866,0
GJUN.US,D,20231228,000000,31.81,31.85,31.79,31.79,144742,0
GJUN.US,D,20231229,000000,31.8,31.845,31.72,31.792,5789,0
GJUN.US,D,20240102,000000,31.67,31.746,31.6007,31.68,58841,0
GJUN.US,D,20240103,000000,31.5698,31.6291,31.5205,31.53,145101,0
GJUN.US,D,20240104,000000,31.5,31.6099,31.46,31.46,58169,0
GJUN.US,D,20240105,000000,31.52,31.62,31.45,31.51,43127,0
GJUN.US,D,20240108,000000,31.53,31.78,31.53,31.78,235294,0
GJUN.US,D,20240109,000000,31.67,31.79,31.6502,31.75,101581,0
GJUN.US,D,20240110,000000,31.74,31.895,31.74,31.8667,236825,0
GJUN.US,D,20240111,000000,31.88,31.9317,31.6941,31.89,197328,0
GJUN.US,D,20240112,000000,31.93,31.93,31.87,31.88,23101,0
GJUN.US,D,20240116,000000,31.86,31.87,31.76,31.8,152081,0
GJUN.US,D,20240117,000000,31.72,31.75,31.6301,31.75,96409,0
GJUN.US,D,20240118,000000,31.78,31.91,31.721,31.91,18745,0
GJUN.US,D,20240119,000000,31.93,32.14,31.91,32.1,78859,0
GJUN.US,D,20240122,000000,32.24,32.24,32.12,32.1598,123329,0
GJUN.US,D,20240123,000000,32.21,32.25,32.14,32.25,10575,0
GJUN.US,D,20240124,000000,32.29,32.35,32.23,32.24,100372,0
GJUN.US,D,20240125,000000,32.265,32.34,32.2101,32.34,19432,0
GJUN.US,D,20240126,000000,32.34,32.3634,32.26,32.28,23668,0
GJUN.US,D,20240129,000000,32.28,32.39,32.28,32.39,5105,0
GJUN.US,D,20240130,000000,32.37,32.39,32.36,32.37,6183,0
GJUN.US,D,20240131,000000,32.27,32.3021,32.12,32.12,40242,0
GJUN.US,D,20240201,000000,32.2232,32.345,32.18,32.33,123966,0
GJUN.US,D,20240202,000000,32.3708,32.53,32.37,32.53,172216,0
GJUN.US,D,20240205,000000,32.4149,32.5442,32.39,32.45,10156,0
GJUN.US,D,20240206,000000,32.47,32.49,32.44,32.49,7303,0
GJUN.US,D,20240207,000000,32.6,32.6494,32.59,32.6,2692,0
GJUN.US,D,20240208,000000,32.62,32.64,32.59,32.61,5998,0
GJUN.US,D,20240209,000000,32.61,32.7099,32.61,32.69,15051,0
GJUN.US,D,20240212,000000,32.69,32.75,32.6661,32.68,16047,0
GJUN.US,D,20240213,000000,32.48,32.535,32.405,32.4944,2779,0
GJUN.US,D,20240214,000000,32.6,32.641,32.54,32.64,6872,0
GJUN.US,D,20240215,000000,32.65,32.71,32.64,32.705,128296,0
GJUN.US,D,20240216,000000,32.71,32.7717,32.65,32.65,8170,0
GJUN.US,D,20240220,000000,32.61,32.6181,32.54,32.59,22440,0
GJUN.US,D,20240221,000000,32.55,32.67,32.52,32.63,169668,0
GJUN.US,D,20240222,000000,32.8177,32.93,32.81,32.9,21336,0
GJUN.US,D,20240223,000000,32.95,32.95,32.86,32.89,16338,0
GJUN.US,D,20240226,000000,32.9,32.9,32.86,32.8974,1460544,0
GJUN.US,D,20240227,000000,32.89,32.9251,32.85,32.89,30431,0
GJUN.US,D,20240228,000000,32.91,32.91,32.8501,32.88,16488,0
GJUN.US,D,20240229,000000,32.91,32.9627,32.8701,32.95,140308,0
GJUN.US,D,20240301,000000,32.95,33.0452,32.95,33.0452,15887,0
GJUN.US,D,20240304,000000,33,33.0675,33,33.0348,24568,0
GJUN.US,D,20240305,000000,32.96,32.985,32.89,32.9,68392,0
GJUN.US,D,20240306,000000,33.01,33.01,32.9208,32.95,15788,0
GJUN.US,D,20240307,000000,33.01,33.08,33.01,33.04,7899,0
GJUN.US,D,20240308,000000,33.11,33.125,32.98,32.98,38886,0
GJUN.US,D,20240311,000000,32.97,33.0039,32.97,32.99,14159,0
GJUN.US,D,20240312,000000,33.0638,33.12,33.0418,33.11,25275,0
GJUN.US,D,20240313,000000,33.19,33.19,33.1,33.11,33115,0
GJUN.US,D,20240314,000000,33.1522,33.1522,33.05,33.09,15665,0
GJUN.US,D,20240315,000000,33.0465,33.0615,33,33.02,22855,0
GJUN.US,D,20240318,000000,33.09,33.15,33.08,33.1,27771,0
GJUN.US,D,20240319,000000,33.15,33.19,33.08,33.19,142240,0
GJUN.US,D,20240320,000000,33.16,33.32,33.16,33.32,512156,0
GJUN.US,D,20240321,000000,33.3,33.3435,33.28,33.3,39699,0
GJUN.US,D,20240322,000000,33.28,33.33,33.28,33.33,63667,0
GJUN.US,D,20240325,000000,33.305,33.32,33.2601,33.2997,4785,0
GJUN.US,D,20240326,000000,33.28,33.3521,33.27,33.3,25713,0
GJUN.US,D,20240327,000000,33.33,33.35,33.28,33.33,30083,0
GJUN.US,D,20240328,000000,33.35,33.4,33.34,33.36,44076,0
GJUN.US,D,20240401,000000,33.372,33.372,33.32,33.34,4206,0
GJUN.US,D,20240402,000000,33.27,33.2922,33.24,33.2902,14091,0
GJUN.US,D,20240403,000000,33.3352,33.3699,33.29,33.29,15110,0
GJUN.US,D,20240404,000000,33.35,33.404,33.16,33.195,10153,0
GJUN.US,D,20240405,000000,33.24,33.3499,33.2301,33.2974,25755,0
GJUN.US,D,20240408,000000,33.27,33.34,33.27,33.3151,10451,0
GJUN.US,D,20240409,000000,33.32,33.3399,33.24,33.327,12737,0
GJUN.US,D,20240410,000000,33.19,33.27,33.18,33.2669,9500,0
GJUN.US,D,20240411,000000,33.24,33.3699,33.19,33.3396,23961,0
GJUN.US,D,20240412,000000,33.24,33.24,33.1,33.14,7134,0
GJUN.US,D,20240415,000000,33.2144,33.2267,32.99,33.0211,6257,0
GJUN.US,D,20240416,000000,33.03,33.09,32.99,33.0359,9435,0
GJUN.US,D,20240417,000000,32.981,33.01,32.91,32.97,7170,0
GJUN.US,D,20240418,000000,32.96,33.04,32.91,32.9302,2224,0
GJUN.US,D,20240419,000000,32.91,32.95,32.7311,32.78,21558,0
GJUN.US,D,20240422,000000,32.8861,33.05,32.85,32.9824,9048,0
GJUN.US,D,20240423,000000,33.04,33.1972,33.0208,33.1855,5448,0
GJUN.US,D,20240424,000000,33.1602,33.2169,33.14,33.2169,12878,0
GJUN.US,D,20240425,000000,32.9838,33.1699,32.9838,33.1343,48710,0
GJUN.US,D,20240426,000000,33.285,33.32,33.27,33.2948,18834,0
GJUN.US,D,20240429,000000,33.32,33.355,33.28,33.33,121921,0
GJUN.US,D,20240430,000000,33.23,33.26,33.145,33.145,6111,0
GJUN.US,D,20240501,000000,33.11,33.27,33.07,33.125,25232,0
GJUN.US,D,20240502,000000,33.11,33.21,33.11,33.21,4076,0
GJUN.US,D,20240503,000000,33.43,33.4427,33.41,33.4427,1508,0
GJUN.US,D,20240506,000000,33.52,33.5349,33.48,33.525,5801,0
GJUN.US,D,20240507,000000,33.54,33.6099,33.54,33.5855,13018,0
GJUN.US,D,20240508,000000,33.54,33.5999,33.54,33.57,5130,0
GJUN.US,D,20240509,000000,33.6,33.64,33.59,33.6001,14738,0
GJUN.US,D,20240510,000000,33.679,33.679,33.62,33.65,314257,0
GJUN.US,D,20240513,000000,33.66,33.71,33.65,33.65,9378,0
GJUN.US,D,20240514,000000,33.65,33.705,33.65,33.69,10874,0
GJUN.US,D,20240515,000000,33.74,33.81,33.7101,33.7801,111285,0
GJUN.US,D,20240516,000000,33.76,33.83,33.75,33.76,15424,0
GJUN.US,D,20240517,000000,33.8,33.83,33.78,33.78,75952,0
GJUN.US,D,20240520,000000,33.8598,33.8599,33.78,33.84,6965,0
GJUN.US,D,20240521,000000,33.78,33.86,33.7706,33.8252,6531,0
GJUN.US,D,20240522,000000,33.85,33.85,33.7901,33.8152,26097,0
GJUN.US,D,20240523,000000,33.84,33.84,33.7813,33.8049,1792,0
GJUN.US,D,20240524,000000,33.872,33.88,33.8105,33.8462,26131,0
GJUN.US,D,20240528,000000,33.8499,33.89,33.8201,33.8504,13003,0
GJUN.US,D,20240529,000000,33.82,33.87,33.8093,33.8398,8369,0
GJUN.US,D,20240530,000000,33.84,33.8505,33.8014,33.8198,2577,0
GJUN.US,D,20240531,000000,33.81,33.8739,33.7914,33.8739,5276,0
GJUN.US,D,20240603,000000,33.8865,33.92,33.84,33.8852,4684,0
GJUN.US,D,20240604,000000,33.9399,33.94,33.85,33.9,7658,0
GJUN.US,D,20240605,000000,33.95,33.9699,33.9,33.925,16902,0
GJUN.US,D,20240606,000000,33.9583,33.98,33.9,33.94,29777,0
GJUN.US,D,20240607,000000,34,34.01,33.91,33.9596,5723,0
GJUN.US,D,20240610,000000,33.93,34.0099,33.93,33.965,6454,0
GJUN.US,D,20240611,000000,33.9892,34.01,33.9651,33.9743,31538,0
GJUN.US,D,20240612,000000,33.99,34.03,33.95,33.975,50519,0
GJUN.US,D,20240613,000000,34.01,34.03,33.95,33.9849,29705,0
GJUN.US,D,20240614,000000,34.005,34.04,33.9882,33.9999,29791,0
GJUN.US,D,20240617,000000,33.97,34.04,33.97,34.0101,56778,0
GJUN.US,D,20240618,000000,34.05,34.06,33.97,34.0252,158561,0
GJUN.US,D,20240620,000000,34.02,34.07,33.99,34.03,72617,0
GJUN.US,D,20240621,000000,34.05,34.0799,33.99,34.06,1004716,0
