<TICKER>,<PER>,<DATE>,<TIME>,<OPEN>,<HIGH>,<LOW>,<CLOSE>,<VOL>,<OPENINT>
HAPI.US,D,20221014,000000,20.0288,20.0288,20.0288,20.0288,2,0
HAPI.US,D,20221017,000000,20.5528,20.5528,20.5528,20.5528,7,0
HAPI.US,D,20221018,000000,20.81,20.81,20.81,20.81,100,0
HAPI.US,D,20221019,000000,20.69,20.7088,20.69,20.7088,102,0
HAPI.US,D,20221020,000000,20.6182,20.6182,20.6182,20.6182,7,0
HAPI.US,D,20221021,000000,20.98,21.1036,20.975,21.1036,300,0
HAPI.US,D,20221024,000000,21.3042,21.3042,21.3042,21.3042,19,0
HAPI.US,D,20221025,000000,21.6845,21.6845,21.6845,21.6845,25,0
HAPI.US,D,20221026,000000,21.5941,21.5941,21.5941,21.5941,2437428,0
HAPI.US,D,20221027,000000,21.4203,21.4203,21.4203,21.4203,12,0
HAPI.US,D,20221028,000000,21.8,21.9706,21.8,21.9706,260,0
HAPI.US,D,20221031,000000,21.7877,21.7877,21.7877,21.7877,18,0
HAPI.US,D,20221101,000000,21.7279,21.7279,21.7279,21.7279,13,0
HAPI.US,D,20221102,000000,21.6223,21.6223,21.2038,21.2038,674,0
HAPI.US,D,20221103,000000,21.0058,21.0058,21.0058,21.0058,5,0
HAPI.US,D,20221104,000000,20.99,21.2518,20.99,21.2518,244,0
HAPI.US,D,20221107,000000,21.4975,21.4975,21.4975,21.4975,108,0
HAPI.US,D,20221108,000000,21.6652,21.6652,21.6652,21.6652,2,0
HAPI.US,D,20221109,000000,21.2175,21.2175,21.2175,21.2175,2,0
HAPI.US,D,20221110,000000,22.3754,22.3754,22.3754,22.3754,45,0
HAPI.US,D,20221111,000000,22.5712,22.5712,22.5712,22.5712,7,0
HAPI.US,D,20221114,000000,22.4564,22.4564,22.4564,22.4564,3,0
HAPI.US,D,20221115,000000,22.6377,22.6377,22.6377,22.6377,2,0
HAPI.US,D,20221116,000000,22.42,22.51,22.4,22.42,1187,0
HAPI.US,D,20221117,000000,22.23,22.3677,22.18,22.3677,100558,0
HAPI.US,D,20221118,000000,22.4349,22.4349,22.4349,22.4349,1,0
HAPI.US,D,20221121,000000,22.3902,22.3902,22.3902,22.3902,1,0
HAPI.US,D,20221122,000000,22.5,22.65,22.5,22.65,1249,0
HAPI.US,D,20221123,000000,22.69,22.8026,22.66,22.8026,281,0
HAPI.US,D,20221125,000000,22.7904,22.7904,22.7904,22.7904,2,0
HAPI.US,D,20221128,000000,22.4638,22.4638,22.4638,22.4638,2,0
HAPI.US,D,20221129,000000,22.4226,22.4226,22.4226,22.4226,2,0
HAPI.US,D,20221130,000000,22.37,23.0652,22.37,23.0652,223,0
HAPI.US,D,20221201,000000,23.07,23.15,23.07,23.1016,1036,0
HAPI.US,D,20221202,000000,23.0633,23.0633,23.0633,23.0633,20,0
HAPI.US,D,20221205,000000,22.6815,22.6815,22.6815,22.6815,20,0
HAPI.US,D,20221206,000000,22.3068,22.3068,22.3068,22.3068,20,0
HAPI.US,D,20221207,000000,22.2965,22.2965,22.2965,22.2965,1,0
HAPI.US,D,20221208,000000,22.4503,22.4503,22.4503,22.4503,6,0
HAPI.US,D,20221209,000000,22.2901,22.2901,22.2901,22.2901,6,0
HAPI.US,D,20221212,000000,22.5577,22.5577,22.5577,22.5577,5,0
HAPI.US,D,20221213,000000,22.775,22.775,22.775,22.775,15,0
HAPI.US,D,20221214,000000,22.6886,22.6886,22.6886,22.6886,10,0
HAPI.US,D,20221215,000000,22.02,22.0587,22.02,22.0587,155,0
HAPI.US,D,20221216,000000,21.8798,21.8798,21.8798,21.8798,17,0
HAPI.US,D,20221219,000000,21.6499,21.6499,21.6499,21.6499,1,0
HAPI.US,D,20221220,000000,21.7176,21.7176,21.7176,21.7176,17,0
HAPI.US,D,20221221,000000,21.963,21.963,21.963,21.963,17,0
HAPI.US,D,20221222,000000,21.6429,21.6429,21.6429,21.6429,7,0
HAPI.US,D,20221223,000000,21.7554,21.7554,21.7554,21.7554,1,0
HAPI.US,D,20221227,000000,21.74,21.74,21.643,21.669,2351,0
HAPI.US,D,20221228,000000,21.43,21.44,21.4176,21.4176,983,0
HAPI.US,D,20221229,000000,21.62,21.7908,21.6,21.7908,2875,0
HAPI.US,D,20221230,000000,21.5976,21.7249,21.5976,21.7249,9874,0
HAPI.US,D,20230103,000000,21.95,21.95,21.61,21.6768,403,0
HAPI.US,D,20230104,000000,21.8454,21.8454,21.8454,21.8454,9,0
HAPI.US,D,20230105,000000,21.6417,21.6417,21.6417,21.6417,16,0
HAPI.US,D,20230106,000000,22.21,22.2499,22.1606,22.1606,693,0
HAPI.US,D,20230109,000000,22.49,22.49,22.1326,22.1326,866,0
HAPI.US,D,20230110,000000,22.1199,22.2938,22.1199,22.2938,2020,0
HAPI.US,D,20230111,000000,22.435,22.526,22.43,22.526,372,0
HAPI.US,D,20230112,000000,22.45,22.7,22.44,22.6401,826,0
HAPI.US,D,20230113,000000,22.7571,22.7571,22.7571,22.7571,3,0
HAPI.US,D,20230117,000000,22.6933,22.6933,22.6933,22.6933,4,0
HAPI.US,D,20230118,000000,22.3366,22.3366,22.3366,22.3366,5,0
HAPI.US,D,20230119,000000,22.1851,22.1851,22.1851,22.1851,226,0
HAPI.US,D,20230120,000000,22.34,22.5833,22.34,22.5833,653,0
HAPI.US,D,20230123,000000,22.8881,22.8881,22.8881,22.8881,4,0
HAPI.US,D,20230124,000000,22.77,22.8867,22.77,22.8867,100,0
HAPI.US,D,20230125,000000,22.877,22.877,22.877,22.877,4,0
HAPI.US,D,20230126,000000,23.03,23.1289,23.03,23.1289,100,0
HAPI.US,D,20230127,000000,23.2111,23.2111,23.2111,23.2111,3,0
HAPI.US,D,20230130,000000,22.8997,22.8997,22.8997,22.8997,31,0
HAPI.US,D,20230131,000000,23.1404,23.1404,23.1404,23.1404,42,0
HAPI.US,D,20230201,000000,23.12,23.4086,23.12,23.4086,155,0
HAPI.US,D,20230202,000000,23.8208,23.8297,23.8208,23.8297,856,0
HAPI.US,D,20230203,000000,23.8,23.804,23.621,23.621,458,0
HAPI.US,D,20230206,000000,23.55,23.55,23.42,23.4768,1012,0
HAPI.US,D,20230207,000000,23.42,23.7866,23.42,23.7866,127,0
HAPI.US,D,20230208,000000,23.49,23.51,23.4838,23.4838,605,0
HAPI.US,D,20230209,000000,23.54,23.54,23.2682,23.2682,233,0
HAPI.US,D,20230210,000000,23.2702,23.2702,23.2702,23.2702,79,0
HAPI.US,D,20230213,000000,23.5163,23.5163,23.5163,23.5163,4,0
HAPI.US,D,20230214,000000,23.54,23.575,23.54,23.575,1,0
HAPI.US,D,20230215,000000,23.589,23.589,23.589,23.589,2,0
HAPI.US,D,20230216,000000,23.48,23.48,23.268,23.268,1713,0
HAPI.US,D,20230217,000000,23.18,23.18,23.18,23.18,104,0
HAPI.US,D,20230221,000000,22.7973,22.7973,22.7973,22.7973,24,0
HAPI.US,D,20230222,000000,22.73,22.74,22.73,22.7308,694,0
HAPI.US,D,20230223,000000,22.65,22.8906,22.65,22.8906,156,0
HAPI.US,D,20230224,000000,22.56,22.6183,22.56,22.6183,116,0
HAPI.US,D,20230227,000000,22.6826,22.6826,22.6826,22.6826,107,0
HAPI.US,D,20230228,000000,22.6378,22.6378,22.6378,22.6378,8,0
HAPI.US,D,20230301,000000,22.56,22.56,22.524,22.524,5,0
HAPI.US,D,20230302,000000,22.7382,22.7382,22.7382,22.7382,56,0
HAPI.US,D,20230303,000000,23.1225,23.1225,23.1225,23.1225,86,0
HAPI.US,D,20230306,000000,23.181,23.181,23.181,23.181,6,0
HAPI.US,D,20230307,000000,22.8494,22.8494,22.8494,22.8494,51,0
HAPI.US,D,20230308,000000,22.8864,22.8864,22.8864,22.8864,3,0
HAPI.US,D,20230309,000000,22.96,22.961,22.4596,22.4596,1412,0
HAPI.US,D,20230310,000000,22.125,22.125,22.08,22.09,363,0
HAPI.US,D,20230313,000000,22.26,22.26,22.101,22.101,185,0
HAPI.US,D,20230314,000000,22.4641,22.4641,22.4641,22.4641,56,0
HAPI.US,D,20230315,000000,22.3357,22.3357,22.3357,22.3357,4,0
HAPI.US,D,20230316,000000,22.7859,22.7859,22.7859,22.7859,51,0
HAPI.US,D,20230317,000000,22.5659,22.5659,22.5659,22.5659,5,0
HAPI.US,D,20230320,000000,22.7325,22.7325,22.7325,22.7325,4,0
HAPI.US,D,20230321,000000,23.0639,23.0639,23.0639,23.0639,2,0
HAPI.US,D,20230322,000000,23.04,23.04,22.7621,22.7621,8669,0
HAPI.US,D,20230323,000000,22.94,22.94,22.8369,22.8369,104,0
HAPI.US,D,20230324,000000,22.8858,22.8858,22.8858,22.8858,35,0
HAPI.US,D,20230327,000000,23.09,23.09,22.9108,22.9108,350,0
HAPI.US,D,20230328,000000,22.8649,22.8649,22.8649,22.8649,1,0
HAPI.US,D,20230329,000000,23.1994,23.1994,23.1994,23.1994,6,0
HAPI.US,D,20230330,000000,23.3277,23.3277,23.3277,23.3277,17,0
HAPI.US,D,20230331,000000,23.6717,23.6717,23.6717,23.6717,2,0
HAPI.US,D,20230403,000000,23.73,23.8798,23.73,23.7978,5202,0
HAPI.US,D,20230404,000000,23.7015,23.7015,23.7015,23.7015,3,0
HAPI.US,D,20230405,000000,23.5832,23.6488,23.5832,23.6488,118,0
HAPI.US,D,20230406,000000,23.7468,23.7468,23.7468,23.7468,2,0
HAPI.US,D,20230410,000000,23.7364,23.7364,23.7364,23.7364,3,0
HAPI.US,D,20230411,000000,23.7298,23.7298,23.7298,23.7298,19,0
HAPI.US,D,20230412,000000,23.6443,23.6443,23.6443,23.6443,2,0
HAPI.US,D,20230413,000000,23.9903,23.9903,23.9903,23.9903,2,0
HAPI.US,D,20230414,000000,23.9829,23.9829,23.9829,23.9829,51,0
HAPI.US,D,20230417,000000,24.0116,24.0116,24.0116,24.0116,111,0
HAPI.US,D,20230418,000000,24.0442,24.0442,24.0442,24.0442,6,0
HAPI.US,D,20230419,000000,24.0419,24.0419,24.0419,24.0419,19,0
HAPI.US,D,20230420,000000,23.9221,23.9221,23.9221,23.9221,167,0
HAPI.US,D,20230421,000000,23.93,23.953,23.93,23.953,278,0
HAPI.US,D,20230424,000000,23.9572,23.9572,23.9572,23.9572,16,0
HAPI.US,D,20230425,000000,23.9,23.9,23.6953,23.6953,317,0
HAPI.US,D,20230426,000000,23.4854,23.4854,23.4854,23.4854,3,0
HAPI.US,D,20230427,000000,23.9728,23.9728,23.9728,23.9728,3,0
HAPI.US,D,20230428,000000,24.1768,24.1768,24.1768,24.1768,6,0
HAPI.US,D,20230501,000000,24.2198,24.2198,24.2198,24.2198,20,0
HAPI.US,D,20230502,000000,23.9398,23.9398,23.9398,23.9398,2,0
HAPI.US,D,20230503,000000,23.81,23.81,23.7807,23.7807,100,0
HAPI.US,D,20230504,000000,23.6237,23.6237,23.6237,23.6237,6,0
HAPI.US,D,20230505,000000,23.987,23.987,23.987,23.987,1,0
HAPI.US,D,20230508,000000,24.0688,24.0688,24.0688,24.0688,2,0
HAPI.US,D,20230509,000000,23.9823,23.9823,23.9823,23.9823,11,0
HAPI.US,D,20230510,000000,24.0972,24.0972,24.0972,24.0972,1,0
HAPI.US,D,20230511,000000,24.095,24.095,24.06,24.0939,750,0
HAPI.US,D,20230512,000000,24.0701,24.0701,24.036,24.036,254,0
HAPI.US,D,20230515,000000,24.0946,24.0946,24.0946,24.0946,3,0
HAPI.US,D,20230516,000000,24.0091,24.0091,24.0091,24.0091,11,0
HAPI.US,D,20230517,000000,24.2902,24.2902,24.2902,24.2902,10,0
HAPI.US,D,20230518,000000,24.5459,24.5459,24.5459,24.5459,2,0
HAPI.US,D,20230519,000000,24.4989,24.4989,24.4989,24.4989,1,0
HAPI.US,D,20230522,000000,24.5126,24.5126,24.5126,24.5126,3,0
HAPI.US,D,20230523,000000,24.2462,24.2462,24.2462,24.2462,2,0
HAPI.US,D,20230524,000000,24.0707,24.0707,24.0707,24.0707,73,0
HAPI.US,D,20230525,000000,24.3676,24.3676,24.3676,24.3676,7,0
HAPI.US,D,20230526,000000,24.6723,24.6723,24.6723,24.6723,13,0
HAPI.US,D,20230530,000000,24.6367,24.6367,24.6367,24.6367,15,0
HAPI.US,D,20230531,000000,24.5112,24.5112,24.5112,24.5112,3,0
HAPI.US,D,20230601,000000,24.66,24.7339,24.65,24.7339,301,0
HAPI.US,D,20230602,000000,25.01,25.1242,25.01,25.1242,301,0
HAPI.US,D,20230605,000000,25.14,25.14,25.1187,25.1187,406,0
HAPI.US,D,20230606,000000,25.2161,25.2161,25.2161,25.2161,1,0
HAPI.US,D,20230607,000000,24.9838,24.9838,24.9838,24.9838,1,0
HAPI.US,D,20230608,000000,25.0486,25.1455,25.0486,25.1455,525,0
HAPI.US,D,20230609,000000,25.1796,25.1796,25.1796,25.1796,30,0
HAPI.US,D,20230612,000000,25.3897,25.3897,25.3897,25.3897,6,0
HAPI.US,D,20230613,000000,25.5685,25.5685,25.5685,25.5685,1,0
HAPI.US,D,20230614,000000,25.7299,25.7299,25.6566,25.6566,116,0
HAPI.US,D,20230615,000000,25.9932,25.9932,25.9932,25.9932,1,0
HAPI.US,D,20230616,000000,25.9029,25.9029,25.9029,25.9029,2,0
HAPI.US,D,20230620,000000,25.7881,25.7881,25.7881,25.7881,1,0
HAPI.US,D,20230621,000000,25.6222,25.6222,25.6222,25.6222,11,0
HAPI.US,D,20230622,000000,25.7167,25.7167,25.7167,25.7167,31,0
HAPI.US,D,20230623,000000,25.5648,25.5648,25.5648,25.5648,2,0
HAPI.US,D,20230626,000000,25.3603,25.3603,25.3603,25.3603,18,0
HAPI.US,D,20230627,000000,25.6415,25.6415,25.6415,25.6415,16,0
HAPI.US,D,20230628,000000,25.6127,25.6127,25.6127,25.6127,16,0
HAPI.US,D,20230629,000000,25.6916,25.6916,25.6916,25.6916,7,0
HAPI.US,D,20230630,000000,26.0382,26.0382,26.0382,26.0382,5,0
HAPI.US,D,20230703,000000,26.046,26.046,26.046,26.046,16,0
HAPI.US,D,20230705,000000,26.0465,26.0465,26.0465,26.0465,15,0
HAPI.US,D,20230706,000000,25.8075,25.8075,25.8075,25.8075,29,0
HAPI.US,D,20230707,000000,25.7341,25.7341,25.7341,25.7341,29,0
HAPI.US,D,20230710,000000,25.7789,25.7789,25.7789,25.7789,29,0
HAPI.US,D,20230711,000000,25.9957,25.9957,25.9957,25.9957,6,0
HAPI.US,D,20230712,000000,26.2238,26.2238,26.2238,26.2238,4,0
HAPI.US,D,20230713,000000,26.5113,26.5113,26.5113,26.5113,5,0
HAPI.US,D,20230714,000000,26.49,26.49,26.4585,26.4585,102,0
HAPI.US,D,20230717,000000,26.576,26.576,26.576,26.576,10,0
HAPI.US,D,20230718,000000,26.7899,26.7899,26.7783,26.7783,106,0
HAPI.US,D,20230719,000000,26.78,26.7908,26.78,26.7908,115,0
HAPI.US,D,20230720,000000,26.7,26.7,26.5944,26.5944,554,0
HAPI.US,D,20230721,000000,26.6041,26.6041,26.6041,26.6041,4,0
HAPI.US,D,20230724,000000,26.6638,26.6638,26.6638,26.6638,50,0
HAPI.US,D,20230725,000000,26.7586,26.7586,26.7586,26.7586,75,0
HAPI.US,D,20230726,000000,26.7774,26.7774,26.7774,26.7774,55,0
HAPI.US,D,20230727,000000,26.6094,26.6094,26.6094,26.6094,5,0
HAPI.US,D,20230728,000000,26.9216,26.9216,26.9216,26.9216,4,0
HAPI.US,D,20230731,000000,26.9131,26.9131,26.9131,26.9131,16,0
HAPI.US,D,20230801,000000,26.8726,26.8726,26.8726,26.8726,12,0
HAPI.US,D,20230802,000000,26.454,26.454,26.454,26.454,640,0
HAPI.US,D,20230803,000000,26.22,26.46,26.22,26.3915,681,0
HAPI.US,D,20230804,000000,26.2474,26.2474,26.2474,26.2474,15,0
HAPI.US,D,20230807,000000,26.5606,26.5606,26.5606,26.5606,4,0
HAPI.US,D,20230808,000000,26.5297,26.5297,26.5297,26.5297,51,0
HAPI.US,D,20230809,000000,26.331,26.331,26.331,26.331,1,0
HAPI.US,D,20230810,000000,26.33,26.33,26.33,26.33,4,0
HAPI.US,D,20230811,000000,26.2824,26.2824,26.2824,26.2824,20,0
HAPI.US,D,20230814,000000,26.41,26.4634,26.41,26.4634,127,0
HAPI.US,D,20230815,000000,26.2371,26.2371,26.2371,26.2371,57,0
HAPI.US,D,20230816,000000,26.25,26.25,26.0515,26.0515,111,0
HAPI.US,D,20230817,000000,25.8993,25.8993,25.8993,25.8993,35,0
HAPI.US,D,20230818,000000,25.8153,25.8153,25.8153,25.8153,35,0
HAPI.US,D,20230821,000000,26.0277,26.0277,26.0277,26.0277,24,0
HAPI.US,D,20230822,000000,25.9565,25.9565,25.9565,25.9565,25,0
HAPI.US,D,20230823,000000,26.2483,26.2483,26.2483,26.2483,20,0
HAPI.US,D,20230824,000000,25.9272,25.9272,25.9272,25.9272,56,0
HAPI.US,D,20230825,000000,26.074,26.074,26.074,26.074,1,0
HAPI.US,D,20230828,000000,26.2324,26.2324,26.2324,26.2324,1,0
HAPI.US,D,20230829,000000,26.627,26.627,26.627,26.627,2,0
HAPI.US,D,20230830,000000,26.7302,26.7302,26.7302,26.7302,10,0
HAPI.US,D,20230831,000000,26.7436,26.7436,26.7436,26.7436,1,0
HAPI.US,D,20230901,000000,26.9,26.9,26.8088,26.8088,251,0
HAPI.US,D,20230905,000000,26.7463,26.7463,26.7463,26.7463,3,0
HAPI.US,D,20230906,000000,26.4796,26.5374,26.4796,26.5374,305,0
HAPI.US,D,20230907,000000,26.5041,26.5041,26.5041,26.5041,2,0
HAPI.US,D,20230908,000000,26.5558,26.5558,26.5558,26.5558,3,0
HAPI.US,D,20230911,000000,26.7111,26.7111,26.7111,26.7111,2,0
HAPI.US,D,20230912,000000,26.5985,26.5985,26.5985,26.5985,26,0
HAPI.US,D,20230913,000000,26.6297,26.6297,26.6297,26.6297,2,0
HAPI.US,D,20230914,000000,26.8324,26.8324,26.8324,26.8324,2,0
HAPI.US,D,20230915,000000,26.497,26.497,26.497,26.497,2,0
HAPI.US,D,20230918,000000,26.5134,26.5134,26.5134,26.5134,2,0
HAPI.US,D,20230919,000000,26.4655,26.4655,26.4655,26.4655,2,0
HAPI.US,D,20230920,000000,26.2066,26.2066,26.2066,26.2066,25,0
HAPI.US,D,20230921,000000,25.7263,25.7263,25.7263,25.7263,4,0
HAPI.US,D,20230922,000000,25.6591,25.6591,25.6591,25.6591,2,0
HAPI.US,D,20230925,000000,25.728,25.728,25.728,25.728,2,0
HAPI.US,D,20230926,000000,25.4118,25.4118,25.4118,25.4118,2,0
HAPI.US,D,20230927,000000,25.444,25.444,25.444,25.444,1,0
HAPI.US,D,20230928,000000,25.64,25.64,25.6137,25.6137,19461,0
HAPI.US,D,20230929,000000,25.53,25.53,25.53,25.53,2,0
HAPI.US,D,20231002,000000,25.49,25.5614,25.49,25.5614,100,0
HAPI.US,D,20231003,000000,25.1676,25.1676,25.1676,25.1676,2,0
HAPI.US,D,20231004,000000,25.423,25.423,25.423,25.423,2,0
HAPI.US,D,20231005,000000,25.4121,25.4121,25.4121,25.4121,1,0
HAPI.US,D,20231006,000000,25.7905,25.7905,25.7905,25.7905,10,0
HAPI.US,D,20231009,000000,25.9368,25.9368,25.9368,25.9368,4,0
HAPI.US,D,20231010,000000,26.0867,26.0867,26.0867,26.0867,2,0
HAPI.US,D,20231011,000000,26.2291,26.2291,26.2291,26.2291,23,0
HAPI.US,D,20231012,000000,26.0739,26.0739,26.0739,26.0739,42,0
HAPI.US,D,20231013,000000,25.8954,25.8954,25.8954,25.8954,7,0
HAPI.US,D,20231016,000000,26.2397,26.2397,26.2397,26.2397,2,0
HAPI.US,D,20231017,000000,26.1612,26.1612,26.1612,26.1612,2,0
HAPI.US,D,20231018,000000,25.8043,25.8043,25.8043,25.8043,2,0
HAPI.US,D,20231019,000000,25.6353,25.6353,25.6353,25.6353,2,0
HAPI.US,D,20231020,000000,25.3198,25.3198,25.3198,25.3198,2,0
HAPI.US,D,20231023,000000,25.3085,25.3085,25.3085,25.3085,2,0
HAPI.US,D,20231024,000000,25.4907,25.4907,25.4907,25.4907,1,0
HAPI.US,D,20231025,000000,24.998,24.998,24.998,24.998,1,0
HAPI.US,D,20231026,000000,24.84,24.84,24.6188,24.6188,126,0
HAPI.US,D,20231027,000000,24.71,24.71,24.4261,24.4261,309,0
HAPI.US,D,20231030,000000,24.7841,24.7841,24.7841,24.7841,8,0
HAPI.US,D,20231031,000000,24.845,24.8965,24.845,24.8965,125,0
HAPI.US,D,20231101,000000,25.1479,25.1479,25.1479,25.1479,17,0
HAPI.US,D,20231102,000000,25.6081,25.6081,25.6081,25.6081,1,0
HAPI.US,D,20231103,000000,25.7956,25.8864,25.7956,25.8864,511,0
HAPI.US,D,20231106,000000,25.9308,25.9308,25.9308,25.9308,2,0
HAPI.US,D,20231107,000000,26.0341,26.0341,26.0341,26.0341,2,0
HAPI.US,D,20231108,000000,26.0781,26.0781,26.0781,26.0781,12,0
HAPI.US,D,20231109,000000,25.8373,25.8373,25.8373,25.8373,2,0
HAPI.US,D,20231110,000000,25.83,26.2076,25.83,26.2076,2113,0
HAPI.US,D,20231113,000000,26.2233,26.2233,26.2233,26.2233,12,0
HAPI.US,D,20231114,000000,26.6825,26.6825,26.6825,26.6825,15,0
HAPI.US,D,20231115,000000,26.6997,26.6997,26.6997,26.6997,9,0
HAPI.US,D,20231116,000000,26.7697,26.7697,26.7697,26.7697,8,0
HAPI.US,D,20231117,000000,26.8125,26.8125,26.8125,26.8125,16,0
HAPI.US,D,20231120,000000,27.0261,27.0261,27.0261,27.0261,145,0
HAPI.US,D,20231121,000000,26.9764,26.9764,26.9764,26.9764,9,0
HAPI.US,D,20231122,000000,27.0747,27.0747,27.0747,27.0747,18,0
HAPI.US,D,20231124,000000,27.0506,27.0506,27.0506,27.0506,2,0
HAPI.US,D,20231127,000000,26.9918,26.9918,26.9918,26.9918,80,0
HAPI.US,D,20231128,000000,27.045,27.045,27.045,27.045,1,0
HAPI.US,D,20231129,000000,27.0676,27.0676,27.0676,27.0676,2,0
HAPI.US,D,20231130,000000,27.1131,27.1131,27.1131,27.1131,157,0
HAPI.US,D,20231201,000000,27.225,27.251,27.225,27.251,303,0
HAPI.US,D,20231204,000000,27.03,27.0652,26.95,27.0652,890,0
HAPI.US,D,20231205,000000,27.0337,27.0337,27.0337,27.0337,44,0
HAPI.US,D,20231206,000000,26.9136,26.9136,26.9136,26.9136,20,0
HAPI.US,D,20231207,000000,27.08,27.24,27.08,27.1971,19551,0
HAPI.US,D,20231208,000000,27.3066,27.3066,27.3066,27.3066,73,0
HAPI.US,D,20231211,000000,27.29,27.3688,27.2899,27.3688,220,0
HAPI.US,D,20231212,000000,27.43,27.4987,27.4299,27.4987,801,0
HAPI.US,D,20231213,000000,27.8393,27.8393,27.8393,27.8393,8,0
HAPI.US,D,20231214,000000,27.8666,27.8666,27.8666,27.8666,14,0
HAPI.US,D,20231215,000000,27.9103,27.9103,27.9103,27.9103,8,0
HAPI.US,D,20231218,000000,28.1065,28.1065,28.0733,28.0733,771,0
HAPI.US,D,20231219,000000,28.2554,28.2554,28.2554,28.2554,42,0
HAPI.US,D,20231220,000000,27.9196,27.9196,27.9196,27.9196,57,0
HAPI.US,D,20231221,000000,27.8453,27.8453,27.8453,27.8453,16,0
HAPI.US,D,20231222,000000,27.945,27.945,27.8649,27.8649,156,0
HAPI.US,D,20231226,000000,27.98,28.1024,27.98,28.0775,1571,0
HAPI.US,D,20231227,000000,27.982,28.04,27.982,28.04,1065,0
HAPI.US,D,20231228,000000,28.12,28.12,28.0587,28.0587,1057,0
HAPI.US,D,20231229,000000,27.9623,27.9623,27.9623,27.9623,126,0
HAPI.US,D,20240102,000000,27.7821,27.7821,27.7821,27.7821,87,0
HAPI.US,D,20240103,000000,27.6479,27.6479,27.6479,27.6479,10,0
HAPI.US,D,20240104,000000,27.67,27.67,27.5681,27.5681,400,0
HAPI.US,D,20240105,000000,27.6,27.633,27.6,27.633,271,0
HAPI.US,D,20240108,000000,28.0732,28.0732,28.0732,28.0732,22,0
HAPI.US,D,20240109,000000,28.056,28.056,28.056,28.056,41,0
HAPI.US,D,20240110,000000,28.19,28.2779,28.19,28.2355,1161,0
HAPI.US,D,20240111,000000,28.2476,28.2476,28.2476,28.2476,3,0
HAPI.US,D,20240112,000000,28.2953,28.2953,28.2953,28.2953,85,0
HAPI.US,D,20240116,000000,28.1437,28.1437,28.1437,28.1437,4,0
HAPI.US,D,20240117,000000,28.0155,28.0155,28.0155,28.0155,30,0
HAPI.US,D,20240118,000000,28.1583,28.2286,28.1583,28.2286,404,0
HAPI.US,D,20240119,000000,28.25,28.5991,28.25,28.5991,2777,0
HAPI.US,D,20240122,000000,28.6651,28.6651,28.6651,28.6651,9,0
HAPI.US,D,20240123,000000,28.7412,28.7412,28.7412,28.7412,3,0
HAPI.US,D,20240124,000000,28.8195,28.8195,28.8195,28.8195,1,0
HAPI.US,D,20240125,000000,28.98,29.07,28.98,29.0266,2753,0
HAPI.US,D,20240126,000000,29.0458,29.0458,29.0458,29.0458,17,0
HAPI.US,D,20240129,000000,29.1,29.3,29.085,29.2773,8991,0
HAPI.US,D,20240130,000000,29.35,29.35,29.23,29.26,20601,0
HAPI.US,D,20240131,000000,29,29,28.7176,28.7176,1076,0
HAPI.US,D,20240201,000000,28.81,29.054,28.78,29.054,777,0
HAPI.US,D,20240202,000000,29.5136,29.52,29.4884,29.49,1142,0
HAPI.US,D,20240205,000000,29.57,29.57,29.42,29.4335,2197,0
HAPI.US,D,20240206,000000,29.405,29.48,29.405,29.48,1964,0
HAPI.US,D,20240207,000000,29.712,29.7472,29.6801,29.7472,683,0
HAPI.US,D,20240208,000000,29.7959,29.7959,29.7959,29.7959,44,0
HAPI.US,D,20240209,000000,29.95,29.98,29.86,29.98,769,0
HAPI.US,D,20240212,000000,29.99,29.9901,29.9374,29.9374,913,0
HAPI.US,D,20240213,000000,29.5253,29.5253,29.5253,29.5253,41,0
HAPI.US,D,20240214,000000,29.6401,29.8344,29.6401,29.8344,256,0
HAPI.US,D,20240215,000000,29.9868,29.9868,29.9868,29.9868,13,0
HAPI.US,D,20240216,000000,29.868,29.868,29.868,29.868,187,0
HAPI.US,D,20240220,000000,29.6074,29.6074,29.6074,29.6074,140,0
HAPI.US,D,20240221,000000,29.6477,29.6477,29.6477,29.6477,220,0
HAPI.US,D,20240222,000000,30.3437,30.3437,30.3437,30.3437,75,0
HAPI.US,D,20240223,000000,30.3697,30.3697,30.3571,30.3571,208,0
HAPI.US,D,20240226,000000,30.2234,30.2234,30.2234,30.2234,7,0
HAPI.US,D,20240227,000000,30.2304,30.2304,30.2304,30.2304,59,0
HAPI.US,D,20240228,000000,30.17,30.17,30.145,30.145,253,0
HAPI.US,D,20240229,000000,30.3894,30.3894,30.3894,30.3894,13,0
HAPI.US,D,20240301,000000,30.6265,30.6265,30.6265,30.6265,149,0
HAPI.US,D,20240304,000000,30.6058,30.6058,30.6058,30.6058,97,0
HAPI.US,D,20240305,000000,30.3498,30.3498,30.2668,30.2668,190,0
HAPI.US,D,20240306,000000,30.4117,30.479,30.4117,30.479,669,0
HAPI.US,D,20240307,000000,30.8139,30.8139,30.8139,30.8139,15,0
HAPI.US,D,20240308,000000,30.6374,30.6374,30.6374,30.6374,25,0
HAPI.US,D,20240311,000000,30.56,30.56,30.5289,30.5289,207,0
HAPI.US,D,20240312,000000,30.9421,30.9421,30.9421,30.9421,17,0
HAPI.US,D,20240313,000000,30.94,30.94,30.908,30.908,113,0
HAPI.US,D,20240314,000000,30.83,30.83,30.83,30.83,10,0
HAPI.US,D,20240315,000000,30.5921,30.5921,30.5921,30.5921,142,0
HAPI.US,D,20240318,000000,30.8354,30.8354,30.8354,30.8354,55,0
HAPI.US,D,20240319,000000,30.7105,31.0097,30.7105,31.0097,106,0
HAPI.US,D,20240320,000000,31.01,31.2581,31.0099,31.2581,653,0
HAPI.US,D,20240321,000000,31.52,31.52,31.412,31.412,606,0
HAPI.US,D,20240322,000000,31.38,31.4204,31.38,31.385,1712,0
HAPI.US,D,20240325,000000,31.28,31.37,31.28,31.3604,37597,0
HAPI.US,D,20240326,000000,31.4,31.46,31.33,31.46,49396,0
HAPI.US,D,20240327,000000,31.25,31.4661,31.25,31.4661,38011,0
HAPI.US,D,20240328,000000,31.45,31.73,31.45,31.6364,1456,0
HAPI.US,D,20240401,000000,31.4594,31.4594,31.4594,31.4594,4,0
HAPI.US,D,20240402,000000,31.13,31.24,31.085,31.1949,47698,0
HAPI.US,D,20240403,000000,31.34,31.38,31.27,31.29,46996,0
HAPI.US,D,20240404,000000,31.55,31.55,30.89,30.89,21669,0
HAPI.US,D,20240405,000000,31.06,31.41,31.06,31.3,30759,0
HAPI.US,D,20240408,000000,31.35,31.35,31.25,31.3,68830,0
HAPI.US,D,20240409,000000,31.18,31.28,31.08,31.28,14565,0
HAPI.US,D,20240410,000000,30.98,31.14,30.92,31.07,45978,0
HAPI.US,D,20240411,000000,31.05,31.38,31.01,31.14,20664,0
HAPI.US,D,20240412,000000,31.025,31.025,30.71,30.81,1363,0
HAPI.US,D,20240415,000000,30.855,30.8999,30.44,30.44,659,0
HAPI.US,D,20240416,000000,30.39,30.45,30.3581,30.3581,658,0
HAPI.US,D,20240417,000000,30.5,30.5,30.18,30.19,3878,0
HAPI.US,D,20240418,000000,30.31,30.32,30.1077,30.1077,591,0
HAPI.US,D,20240419,000000,30.03,30.03,29.795,29.81,648,0
HAPI.US,D,20240422,000000,29.86,30.14,29.86,30.14,445,0
HAPI.US,D,20240423,000000,30.42,30.52,30.42,30.52,2466,0
HAPI.US,D,20240424,000000,30.6,30.6,30.5,30.5078,992,0
HAPI.US,D,20240425,000000,30.333,30.333,30.2654,30.2654,2007,0
HAPI.US,D,20240426,000000,30.7027,30.7027,30.7027,30.7027,66,0
HAPI.US,D,20240429,000000,30.7,30.72,30.68,30.7136,1210,0
HAPI.US,D,20240430,000000,30.44,30.47,30.26,30.26,422,0
HAPI.US,D,20240501,000000,30.23,30.27,30.22,30.2622,732,0
HAPI.US,D,20240502,000000,30.4882,30.5228,30.4882,30.5228,397,0
HAPI.US,D,20240503,000000,31,31,30.9025,30.9033,379,0
HAPI.US,D,20240506,000000,31.08,31.2414,31.08,31.2414,1123,0
HAPI.US,D,20240507,000000,31.39,31.39,31.3,31.3539,3676,0
HAPI.US,D,20240508,000000,31.3449,31.3449,31.3449,31.3449,18,0
HAPI.US,D,20240509,000000,31.26,31.4895,31.26,31.4895,11850,0
HAPI.US,D,20240510,000000,31.58,31.58,31.46,31.5424,9279,0
HAPI.US,D,20240513,000000,31.53,31.53,31.38,31.39,156022,0
HAPI.US,D,20240514,000000,31.35,31.665,31.35,31.6,106842,0
HAPI.US,D,20240515,000000,31.69,32.05,31.69,31.96,40692,0
HAPI.US,D,20240516,000000,32.06,32.12,32.0274,32.0274,21799,0
HAPI.US,D,20240517,000000,32,32.05,31.91,32.0327,4585,0
HAPI.US,D,20240520,000000,32.0941,32.0941,32.0941,32.0941,153,0
HAPI.US,D,20240521,000000,32.13,32.208,32.13,32.208,455,0
HAPI.US,D,20240522,000000,32.0477,32.0477,32.0477,32.0477,158,0
HAPI.US,D,20240523,000000,31.8833,31.8833,31.8833,31.8833,53,0
HAPI.US,D,20240524,000000,32.04,32.1053,32.04,32.1053,136,0
HAPI.US,D,20240528,000000,32.17,32.18,32.1616,32.1616,314,0
HAPI.US,D,20240529,000000,32.02,32.02,31.9553,31.9553,200,0
HAPI.US,D,20240530,000000,31.79,31.8378,31.7084,31.7084,791,0
HAPI.US,D,20240531,000000,31.53,31.8812,31.42,31.8812,624,0
HAPI.US,D,20240603,000000,31.68,31.9324,31.68,31.9324,278,0
HAPI.US,D,20240604,000000,32.02,32.02,31.88,32.0031,424,0
HAPI.US,D,20240605,000000,32.14,32.38,32.1,32.38,400,0
HAPI.US,D,20240606,000000,32.28,32.35,32.28,32.3375,2960,0
HAPI.US,D,20240607,000000,32.35,32.438,32.34,32.3602,2002,0
HAPI.US,D,20240610,000000,32.34,32.4641,32.34,32.4641,1134,0
HAPI.US,D,20240611,000000,32.37,32.48,32.37,32.48,553,0
HAPI.US,D,20240612,000000,32.778,32.778,32.778,32.778,159,0
HAPI.US,D,20240613,000000,32.68,32.74,32.68,32.7355,1937,0
HAPI.US,D,20240614,000000,32.7,32.7749,32.65,32.7749,3824,0
HAPI.US,D,20240617,000000,32.76,33.04,32.76,33.0221,1155,0
HAPI.US,D,20240618,000000,33.09,33.1466,33.09,33.1466,1738,0
HAPI.US,D,20240620,000000,33.26,33.26,33.08,33.1163,5641,0
HAPI.US,D,20240621,000000,33.05,33.1813,33.05,33.08,4483,0
