<TICKER>,<PER>,<DATE>,<TIME>,<OPEN>,<HIGH>,<LOW>,<CLOSE>,<VOL>,<OPENINT>
HCMT.US,D,20230623,000000,25.17,25.18,24.9621,24.9621,2475,0
HCMT.US,D,20230626,000000,25.01,25.01,24.5546,24.5546,219061,0
HCMT.US,D,20230627,000000,24.7399,25.27,24.7399,25.2021,4970928,0
HCMT.US,D,20230628,000000,25.44,25.44,25.0599,25.154,189689,0
HCMT.US,D,20230629,000000,25.19,25.3123,25.14,25.2619,41123,0
HCMT.US,D,20230630,000000,25.7292,26.03,25.7292,25.9861,39143,0
HCMT.US,D,20230703,000000,25.94,25.9815,25.8501,25.9815,9082,0
HCMT.US,D,20230705,000000,25.9201,26.04,25.84,25.9307,68862,0
HCMT.US,D,20230706,000000,25.39,25.6,25.25,25.58,226992,0
HCMT.US,D,20230707,000000,25.51,25.8901,25.4,25.4,51720,0
HCMT.US,D,20230710,000000,25.43,25.45,25.31,25.433,8202,0
HCMT.US,D,20230711,000000,25.41,25.7136,25.3301,25.7109,16602,0
HCMT.US,D,20230712,000000,26.31,26.32,26.02,26.1729,12464,0
HCMT.US,D,20230713,000000,26.56,26.818,26.55,26.818,326093,0
HCMT.US,D,20230714,000000,26.91,27.05,26.67,26.7261,7197,0
HCMT.US,D,20230717,000000,26.99,27.1501,26.82,27.1213,96072,0
HCMT.US,D,20230718,000000,26.975,27.6799,26.97,27.5394,44540,0
HCMT.US,D,20230719,000000,27.86,27.86,27.43,27.69,33265,0
HCMT.US,D,20230720,000000,27.43,27.43,26.62,26.77,15686,0
HCMT.US,D,20230721,000000,26.92,26.95,26.6801,26.7,6911,0
HCMT.US,D,20230724,000000,26.7999,26.87,26.7599,26.7733,9869,0
HCMT.US,D,20230725,000000,26.93,27.21,26.93,27.1061,8192,0
HCMT.US,D,20230726,000000,26.85,27,26.7,26.9,11898,0
HCMT.US,D,20230727,000000,27.29,27.53,26.67,26.7008,24225,0
HCMT.US,D,20230728,000000,27.11,27.49,27.11,27.3925,11546,0
HCMT.US,D,20230731,000000,27.4201,27.5317,27.32,27.3972,34597,0
HCMT.US,D,20230801,000000,27.3,27.41,27.23,27.32,66327,0
HCMT.US,D,20230802,000000,26.71,26.82,26.26,26.31,75326,0
HCMT.US,D,20230803,000000,26.21,26.45,26.21,26.28,8517,0
HCMT.US,D,20230804,000000,26.55,26.61,25.9116,25.95,13345,0
HCMT.US,D,20230807,000000,26.07,26.34,25.99,26.34,23462,0
HCMT.US,D,20230808,000000,25.95,26.04,25.6416,26.03,22314,0
HCMT.US,D,20230809,000000,25.75,25.91,25.48,25.5107,32706,0
HCMT.US,D,20230810,000000,26,26.19,25.44,25.5758,192164,0
HCMT.US,D,20230811,000000,25.5,25.51,25.2201,25.3343,11533,0
HCMT.US,D,20230814,000000,25.3,25.7599,25.3,25.7583,23685,0
HCMT.US,D,20230815,000000,25.67,25.67,25.19,25.3014,46286,0
HCMT.US,D,20230816,000000,25.36,25.38,24.8767,24.8767,9444,0
HCMT.US,D,20230817,000000,24.83,24.9199,24.45,24.47,20292,0
HCMT.US,D,20230818,000000,24.072,24.5,24.04,24.3796,7127,0
HCMT.US,D,20230821,000000,24.5101,25.03,24.4587,24.97,39532,0
HCMT.US,D,20230822,000000,25.13,25.13,24.76,24.86,20190,0
HCMT.US,D,20230823,000000,24.93,25.59,24.93,25.5,24655,0
HCMT.US,D,20230824,000000,25.7,25.76,24.56,24.59,31277,0
HCMT.US,D,20230825,000000,24.83,25.0129,24.41,25.0129,4789,0
HCMT.US,D,20230828,000000,25.245,25.34,25.03,25.34,41935,0
HCMT.US,D,20230829,000000,25.68,26.18,25.6799,26.11,101457,0
HCMT.US,D,20230830,000000,26.3,26.4593,26.0399,26.365,28649,0
HCMT.US,D,20230831,000000,26.61,26.65,26.4939,26.4939,18836,0
HCMT.US,D,20230901,000000,26.71,26.71,26.3,26.47,35672,0
HCMT.US,D,20230905,000000,26.42,26.6199,26.42,26.48,42442,0
HCMT.US,D,20230906,000000,26.31,26.31,25.9001,26.07,13707,0
HCMT.US,D,20230907,000000,25.69,25.77,25.42,25.76,22378,0
HCMT.US,D,20230908,000000,25.58,26.02,25.58,25.8,21134,0
HCMT.US,D,20230911,000000,25.72,26.23,25.72,26.22,59015,0
HCMT.US,D,20230912,000000,26.06,26.06,25.66,25.66,25906,0
HCMT.US,D,20230913,000000,25.84,25.97,25.79,25.8345,7088,0
HCMT.US,D,20230914,000000,26.1199,26.328,25.9403,26.2305,8718,0
HCMT.US,D,20230915,000000,25.97,25.97,25.4301,25.4818,11476,0
HCMT.US,D,20230918,000000,25.5156,25.65,25.45,25.5468,9259,0
HCMT.US,D,20230919,000000,25.38,25.465,25.05,25.3829,3585,0
HCMT.US,D,20230920,000000,25.45,25.51,24.8614,24.8614,4798,0
HCMT.US,D,20230921,000000,24.35,24.41,24.02,24.0437,42817,0
HCMT.US,D,20230922,000000,24.15,24.4099,23.9602,24.05,27705,0
HCMT.US,D,20230925,000000,23.84,24.11,23.82,24.0761,65599,0
HCMT.US,D,20230926,000000,23.83,23.83,23.34,23.3831,33744,0
HCMT.US,D,20230927,000000,23.53,23.6,23.15,23.49,12583,0
HCMT.US,D,20230928,000000,23.38,23.98,23.35,23.85,13874,0
HCMT.US,D,20230929,000000,24.15,24.29,23.67,23.7643,36215,0
HCMT.US,D,20231002,000000,23.86,24.14,23.63,23.95,118467,0
HCMT.US,D,20231003,000000,23.81,23.82,23.1801,23.22,9041,0
HCMT.US,D,20231004,000000,23.49,23.825,23.4601,23.797,10318,0
HCMT.US,D,20231005,000000,23.71,23.75,23.33,23.67,19312,0
HCMT.US,D,20231006,000000,23.45,24.52,23.45,24.4,21798,0
HCMT.US,D,20231009,000000,24.18,24.645,24.1701,24.5853,8353,0
HCMT.US,D,20231010,000000,24.95,25.1,24.76,24.76,28783,0
HCMT.US,D,20231011,000000,24.858,25.1,24.84,25.0889,20339,0
HCMT.US,D,20231012,000000,25.185,25.27,24.6001,24.87,13221,0
HCMT.US,D,20231013,000000,25.07,25.07,24.39,24.41,14227,0
HCMT.US,D,20231016,000000,24.66,25.02,24.66,24.87,23255,0
HCMT.US,D,20231017,000000,24.55,25.01,24.4,24.8205,54054,0
HCMT.US,D,20231018,000000,24.63,24.63,24.2,24.23,10671,0
HCMT.US,D,20231019,000000,24.29,24.57,23.82,23.86,24083,0
HCMT.US,D,20231020,000000,23.73,23.81,23.2,23.2,13263,0
HCMT.US,D,20231023,000000,23.06,23.63,22.82,23.24,27100,0
HCMT.US,D,20231024,000000,23.41,23.41,23.21,23.21,39282,0
HCMT.US,D,20231025,000000,23.13,23.26,23.13,23.2,22641,0
HCMT.US,D,20231026,000000,23.45,23.45,23.225,23.23,29067,0
HCMT.US,D,20231027,000000,23.26,23.26,23.21,23.21,22887,0
HCMT.US,D,20231030,000000,23.23,23.26,23.23,23.23,19835,0
HCMT.US,D,20231031,000000,23.26,23.28,23.22,23.2369,37208,0
HCMT.US,D,20231101,000000,23.255,23.27,23.23,23.24,5535,0
HCMT.US,D,20231102,000000,23.28,23.29,23.23,23.23,25575,0
HCMT.US,D,20231103,000000,23.27,23.28,23.2401,23.25,6029,0
HCMT.US,D,20231106,000000,23.22,23.28,23.22,23.25,36993,0
HCMT.US,D,20231107,000000,23.26,23.3,23.26,23.26,89846,0
HCMT.US,D,20231108,000000,23.275,23.29,23.24,23.24,56900,0
HCMT.US,D,20231109,000000,23.23,23.28,23.23,23.25,7857,0
HCMT.US,D,20231110,000000,23.2899,23.29,23.26,23.26,2327,0
HCMT.US,D,20231113,000000,23.19,23.38,23.16,23.16,26033,0
HCMT.US,D,20231114,000000,23.85,24.23,23.85,24.0204,34539,0
HCMT.US,D,20231115,000000,24.29,24.37,24.03,24.13,106141,0
HCMT.US,D,20231116,000000,24.18,24.19,23.72,24.17,36261,0
HCMT.US,D,20231117,000000,24.09,24.24,24.07,24.1853,25728,0
HCMT.US,D,20231120,000000,24.24,24.72,24.24,24.66,17535,0
HCMT.US,D,20231121,000000,24.47,24.47,24.2901,24.45,15529,0
HCMT.US,D,20231122,000000,24.54,24.83,24.54,24.6,47030,0
HCMT.US,D,20231124,000000,24.52,24.57,24.51,24.55,6926,0
HCMT.US,D,20231127,000000,24.4601,24.7,24.4601,24.49,77252,0
HCMT.US,D,20231128,000000,24.44,24.57,24.44,24.56,9813,0
HCMT.US,D,20231129,000000,24.72,24.96,24.5435,24.5435,24006,0
HCMT.US,D,20231130,000000,24.42,24.62,24.29,24.62,25674,0
HCMT.US,D,20231201,000000,24.6,24.81,24.46,24.75,15064,0
HCMT.US,D,20231204,000000,24.47,24.47,24.08,24.41,12617,0
HCMT.US,D,20231205,000000,24.2,24.8,24.2,24.46,1133058,0
HCMT.US,D,20231206,000000,24.61,24.69,24.206,24.206,36086,0
HCMT.US,D,20231207,000000,24.43,24.79,24.43,24.75,33434,0
HCMT.US,D,20231208,000000,24.7,24.99,24.68,24.93,24835,0
HCMT.US,D,20231211,000000,24.93,25.24,24.93,25.2209,41748,0
HCMT.US,D,20231212,000000,25.11,25.52,25.11,25.49,53731,0
HCMT.US,D,20231213,000000,25.635,26.15,25.5,26.06,22815,0
HCMT.US,D,20231214,000000,26.4599,26.4599,25.84,26.13,40560,0
HCMT.US,D,20231215,000000,26.2245,26.35,26.1498,26.19,50036,0
HCMT.US,D,20231218,000000,26.38,26.58,26.32,26.46,91584,0
HCMT.US,D,20231219,000000,26.62,26.76,26.57,26.72,17444,0
HCMT.US,D,20231220,000000,26.54,27.2999,25.98,25.98,32252,0
HCMT.US,D,20231221,000000,26.2301,26.4358,26.12,26.4358,15888,0
HCMT.US,D,20231222,000000,26.63,26.645,26.3699,26.48,9643,0
HCMT.US,D,20231226,000000,26.61,26.82,26.6,26.76,12865,0
HCMT.US,D,20231227,000000,26.79,26.84,26.67,26.78,10132,0
HCMT.US,D,20231228,000000,26.8901,26.94,26.77,26.77,14083,0
HCMT.US,D,20231229,000000,26.88,26.88,26.45,26.63,9717,0
HCMT.US,D,20240102,000000,26.33,26.33,25.7601,25.92,31960,0
HCMT.US,D,20240103,000000,25.5807,25.73,25.47,25.47,105354,0
HCMT.US,D,20240104,000000,25.56,25.67,25.23,25.23,20838,0
HCMT.US,D,20240105,000000,25.34,25.57,25.18,25.3,15486,0
HCMT.US,D,20240108,000000,25.38,26.16,25.38,26.16,18107,0
HCMT.US,D,20240109,000000,25.93,26.29,25.85,26.17,13068,0
HCMT.US,D,20240110,000000,26.33,26.56,26.27,26.5,8484,0
HCMT.US,D,20240111,000000,26.58,26.61,26.07,26.53,12218,0
HCMT.US,D,20240112,000000,26.64,26.6899,26.48,26.63,68527,0
HCMT.US,D,20240116,000000,26.52,26.55,26.325,26.52,33065,0
HCMT.US,D,20240117,000000,25.95,26.24,25.95,26.24,22153,0
HCMT.US,D,20240118,000000,26.4,26.9124,26.4,26.87,31040,0
HCMT.US,D,20240119,000000,27,27.69,27,27.69,40300,0
HCMT.US,D,20240122,000000,28.13,28.13,27.74,27.77,30314,0
HCMT.US,D,20240123,000000,28.09,28.09,27.76,27.95,22525,0
HCMT.US,D,20240124,000000,28.14,28.5701,28.12,28.14,15441,0
HCMT.US,D,20240125,000000,28.65,28.65,28.105,28.31,17112,0
HCMT.US,D,20240126,000000,28.23,28.3421,28.05,28.07,82160,0
HCMT.US,D,20240129,000000,27.93,28.57,27.93,28.5248,49544,0
HCMT.US,D,20240130,000000,28.53,28.55,28.27,28.36,43771,0
HCMT.US,D,20240131,000000,27.69,27.98,27.4,27.4,25095,0
HCMT.US,D,20240201,000000,27.41,28.01,27.41,27.97,53245,0
HCMT.US,D,20240202,000000,28.21,28.82,28.03,28.69,17340,0
HCMT.US,D,20240205,000000,28.72,28.72,28.3786,28.6303,14231,0
HCMT.US,D,20240206,000000,28.63,28.6984,28.3301,28.53,11920,0
HCMT.US,D,20240207,000000,28.72,29.13,28.69,29.03,66709,0
HCMT.US,D,20240208,000000,29.11,29.18,29.03,29.17,24867,0
HCMT.US,D,20240209,000000,29.27,29.6189,29.2201,29.5885,15252,0
HCMT.US,D,20240212,000000,29.78,29.7999,29.31,29.36,120904,0
HCMT.US,D,20240213,000000,28.26,28.8199,28.2501,28.59,31001,0
HCMT.US,D,20240214,000000,28.81,29.13,28.74,29.13,26001,0
HCMT.US,D,20240215,000000,29.21,29.34,29.0291,29.29,54721,0
HCMT.US,D,20240216,000000,29.16,29.35,28.88,28.88,38400,0
HCMT.US,D,20240220,000000,28.75,28.76,28.23,28.48,89728,0
HCMT.US,D,20240221,000000,28.1401,28.43,28.02,28.37,19041,0
HCMT.US,D,20240222,000000,29.04,29.885,29.04,29.76,37058,0
HCMT.US,D,20240223,000000,30.09,30.09,29.7,29.7551,33886,0
HCMT.US,D,20240226,000000,29.72,29.79,29.58,29.58,41375,0
HCMT.US,D,20240227,000000,29.535,29.7,29.465,29.68,52684,0
HCMT.US,D,20240228,000000,29.49,29.64,29.44,29.4711,19180,0
HCMT.US,D,20240229,000000,29.84,29.9853,29.72,29.9853,8298,0
HCMT.US,D,20240301,000000,30.1401,30.6799,30.1401,30.5961,69837,0
HCMT.US,D,20240304,000000,30.54,30.7099,30.4686,30.49,32713,0
HCMT.US,D,20240305,000000,30.33,30.33,29.34,29.6166,91977,0
HCMT.US,D,20240306,000000,29.83,30.17,29.758,29.9279,26771,0
HCMT.US,D,20240307,000000,30.2239,30.76,30.2239,30.69,118887,0
HCMT.US,D,20240308,000000,30.705,31.0199,30,30.04,30980,0
HCMT.US,D,20240311,000000,29.59,29.93,29.59,29.8354,27971,0
HCMT.US,D,20240312,000000,29.93,30.64,29.8399,30.59,30959,0
HCMT.US,D,20240313,000000,30.44,30.4799,30.2302,30.32,57073,0
HCMT.US,D,20240314,000000,30.52,30.52,29.9438,30.14,30230,0
HCMT.US,D,20240315,000000,29.89,29.89,29.54,29.59,22125,0
HCMT.US,D,20240318,000000,30.28,30.34,29.98,29.98,65725,0
HCMT.US,D,20240319,000000,29.8099,30.17,29.8099,30.14,17830,0
HCMT.US,D,20240320,000000,30.165,30.8,30.04,30.8,78959,0
HCMT.US,D,20240321,000000,31.12,31.31,30.99,30.99,36295,0
HCMT.US,D,20240322,000000,30.96,31.1,30.85,30.94,74595,0
HCMT.US,D,20240325,000000,30.79,30.93,30.55,30.7595,56722,0
HCMT.US,D,20240326,000000,30.92,31.209,30.62,30.62,199048,0
HCMT.US,D,20240327,000000,30.8102,30.9,30.6,30.9,41565,0
HCMT.US,D,20240328,000000,30.89,31.06,30.86,30.94,56031,0
HCMT.US,D,20240401,000000,31.07,31.13,30.72,30.95,37429,0
HCMT.US,D,20240402,000000,30.42,30.42,30.06,30.29,78241,0
HCMT.US,D,20240403,000000,30.41,30.65,30.37,30.41,38776,0
HCMT.US,D,20240404,000000,30.79,31,29.73,29.73,84890,0
HCMT.US,D,20240405,000000,29.81,30.58,29.8,30.36,71518,0
HCMT.US,D,20240408,000000,30.55,30.55,30.11,30.26,101121,0
HCMT.US,D,20240409,000000,30.39,30.51,29.93,30.3774,21039,0
HCMT.US,D,20240410,000000,29.94,29.9999,29.6701,29.94,46777,0
HCMT.US,D,20240411,000000,30.13,30.73,29.7904,30.59,80699,0
HCMT.US,D,20240412,000000,30.28,30.28,29.62,29.71,55965,0
HCMT.US,D,20240415,000000,30.01,30.17,28.85,28.85,45627,0
HCMT.US,D,20240416,000000,28.77,29.1,28.77,28.83,28522,0
HCMT.US,D,20240417,000000,29.0142,29.0142,28.26,28.28,29268,0
HCMT.US,D,20240418,000000,28.14,28.55,28.045,28.08,24943,0
HCMT.US,D,20240419,000000,28,28.01,27.16,27.41,69101,0
HCMT.US,D,20240422,000000,27.39,27.977,27.23,27.67,52046,0
HCMT.US,D,20240423,000000,27.96,28.52,27.96,28.42,83549,0
HCMT.US,D,20240424,000000,28.74,28.77,28.3,28.53,8003,0
HCMT.US,D,20240425,000000,27.95,28.4,27.73,28.25,31628,0
HCMT.US,D,20240426,000000,28.67,29.08,28.67,28.92,31604,0
HCMT.US,D,20240429,000000,29.2,29.21,28.8672,29.15,16192,0
HCMT.US,D,20240430,000000,28.98,29.0699,28.13,28.13,32697,0
HCMT.US,D,20240501,000000,27.99,28.7299,27.81,27.81,11329,0
HCMT.US,D,20240502,000000,28.11,28.48,28.1038,28.3818,86570,0
HCMT.US,D,20240503,000000,29.43,29.47,29.31,29.39,29708,0
HCMT.US,D,20240506,000000,29.57,29.96,29.57,29.96,32322,0
HCMT.US,D,20240507,000000,29.9401,30.11,29.8875,29.98,14986,0
HCMT.US,D,20240508,000000,29.79,30.0399,29.79,29.98,24166,0
HCMT.US,D,20240509,000000,29.99,30.1341,29.84,30.08,42835,0
HCMT.US,D,20240510,000000,30.18,30.42,30.1,30.21,31838,0
HCMT.US,D,20240513,000000,30.46,30.46,30.21,30.2986,30558,0
HCMT.US,D,20240514,000000,30.32,30.71,30.26,30.62,34356,0
HCMT.US,D,20240515,000000,30.79,31.48,30.79,31.47,62219,0
HCMT.US,D,20240516,000000,31.62,31.66,31.36,31.36,44762,0
HCMT.US,D,20240517,000000,31.43,31.43,31.13,31.3,38403,0
HCMT.US,D,20240520,000000,31.37,31.7,31.37,31.56,94333,0
HCMT.US,D,20240521,000000,31.46,31.7399,31.4,31.68,34259,0
HCMT.US,D,20240522,000000,31.67,31.79,31.36,31.61,28104,0
HCMT.US,D,20240523,000000,32.31,32.31,31.1603,31.34,21976,0
HCMT.US,D,20240524,000000,31.41,31.8444,31.3986,31.7328,20109,0
HCMT.US,D,20240528,000000,32.08,32.08,31.575,31.87,24548,0
HCMT.US,D,20240529,000000,31.53,31.63,31.38,31.4394,12039,0
HCMT.US,D,20240530,000000,31.08,31.195,30.87,30.9077,30284,0
HCMT.US,D,20240531,000000,30.96,31.08,30.25,31.08,16773,0
HCMT.US,D,20240603,000000,31.24,31.5699,30.74,31.21,34477,0
HCMT.US,D,20240604,000000,31.3,31.44,30.97,31.33,70144,0
HCMT.US,D,20240605,000000,31.52,32.3,31.52,32.3,12882,0
HCMT.US,D,20240606,000000,32.56,32.56,32.12,32.22,33805,0
HCMT.US,D,20240607,000000,31.97,32.5,31.97,32.14,23711,0
HCMT.US,D,20240610,000000,32.23,32.4,32.01,32.39,46375,0
HCMT.US,D,20240611,000000,32.39,32.75,32.2062,32.75,63304,0
HCMT.US,D,20240612,000000,33.47,33.76,33.3,33.53,63113,0
HCMT.US,D,20240613,000000,34,34,33.57,33.75,12437,0
HCMT.US,D,20240614,000000,33.64,33.91,33.64,33.8726,43145,0
HCMT.US,D,20240617,000000,33.96,34.77,33.8,34.6,57882,0
HCMT.US,D,20240618,000000,34.76,34.76,34.51,34.6,49433,0
HCMT.US,D,20240620,000000,34.98,34.98,34.08,34.24,43927,0
HCMT.US,D,20240621,000000,34.26,34.38,34.065,34.14,45638,0
