<TICKER>,<PER>,<DATE>,<TIME>,<OPEN>,<HIGH>,<LOW>,<CLOSE>,<VOL>,<OPENINT>
HDRO.US,D,20210311,000000,28.42,29.56,28,29.5549,143586,0
HDRO.US,D,20210312,000000,28.52,28.83,27.87,28.83,85040,0
HDRO.US,D,20210315,000000,28.87,28.87,28,28.39,234450,0
HDRO.US,D,20210316,000000,27.8,27.885,27.13,27.3001,223437,0
HDRO.US,D,20210317,000000,26.05,26.725,25.81,26.69,168310,0
HDRO.US,D,20210318,000000,26.43,26.5,25.69,25.81,90039,0
HDRO.US,D,20210319,000000,25.58,26.29,25.35,26.2014,57753,0
HDRO.US,D,20210322,000000,26.6,26.8599,26.4,26.685,76235,0
HDRO.US,D,20210323,000000,26.42,26.49,25.55,25.6374,52953,0
HDRO.US,D,20210324,000000,25.6,25.6,24.69,24.77,67589,0
HDRO.US,D,20210325,000000,24.08,24.83,23.9601,24.8,54645,0
HDRO.US,D,20210326,000000,25.12,25.23,24.8,25.23,63046,0
HDRO.US,D,20210329,000000,25.49,25.49,24.74,24.85,51827,0
HDRO.US,D,20210330,000000,25.04,25.9,24.841,25.64,108028,0
HDRO.US,D,20210331,000000,26.77,27.16,26.72,27.07,58171,0
HDRO.US,D,20210401,000000,27.67,27.67,27.16,27.3,70543,0
HDRO.US,D,20210405,000000,28,28,27.4159,27.6288,72809,0
HDRO.US,D,20210406,000000,27.45,27.51,27.245,27.3584,39713,0
HDRO.US,D,20210407,000000,27.25,27.25,26.445,26.5821,57346,0
HDRO.US,D,20210408,000000,26.73,27.01,26.635,26.7448,40249,0
HDRO.US,D,20210409,000000,26.79,26.83,26.61,26.7,34056,0
HDRO.US,D,20210412,000000,26.25,26.33,25.61,25.76,50235,0
HDRO.US,D,20210413,000000,25.89,25.99,25.68,25.99,24738,0
HDRO.US,D,20210414,000000,26.21,26.33,25.88,25.9027,33870,0
HDRO.US,D,20210415,000000,25.91,26,25.07,25.3308,113220,0
HDRO.US,D,20210416,000000,25.47,25.81,25.39,25.81,34548,0
HDRO.US,D,20210419,000000,25.44,25.44,24.71,24.86,67212,0
HDRO.US,D,20210420,000000,24.52,24.716,24,24.2169,65678,0
HDRO.US,D,20210421,000000,23.83,24.6699,23.62,24.6699,56333,0
HDRO.US,D,20210422,000000,25.4,25.56,24.87,24.9879,95493,0
HDRO.US,D,20210423,000000,25.13,25.72,25.01,25.6988,42135,0
HDRO.US,D,20210426,000000,26.04,26.159,25.72,26.1469,34060,0
HDRO.US,D,20210427,000000,26.42,26.42,26.1,26.1503,28637,0
HDRO.US,D,20210428,000000,25.9,26.1,25.655,26.0273,28911,0
HDRO.US,D,20210429,000000,26.2,26.2,25.545,25.8178,20871,0
HDRO.US,D,20210430,000000,25.5,25.64,25.2,25.35,27105,0
HDRO.US,D,20210503,000000,25.36,25.365,24.83,24.84,37935,0
HDRO.US,D,20210504,000000,23.23,23.37,22.68,22.95,74718,0
HDRO.US,D,20210505,000000,22.86,22.86,22.33,22.55,29574,0
HDRO.US,D,20210506,000000,21.49,21.69,21.14,21.5,119184,0
HDRO.US,D,20210507,000000,21.97,22.44,21.97,22.275,38892,0
HDRO.US,D,20210510,000000,22.15,22.15,21.17,21.17,31456,0
HDRO.US,D,20210511,000000,20.26,21.3199,20.1038,21.15,66266,0
HDRO.US,D,20210512,000000,20.73,20.83,20.29,20.29,26275,0
HDRO.US,D,20210513,000000,20.32,20.6393,20.04,20.18,35337,0
HDRO.US,D,20210514,000000,20.75,21.08,20.7,21.0371,33960,0
HDRO.US,D,20210517,000000,20.9,20.9,20.67,20.8884,23017,0
HDRO.US,D,20210518,000000,21.2,21.7399,21.13,21.5,33899,0
HDRO.US,D,20210519,000000,21.16,21.8,21.11,21.8,36413,0
HDRO.US,D,20210520,000000,22.27,22.46,22.05,22.46,45601,0
HDRO.US,D,20210521,000000,23.02,23.16,22.88,23.04,42930,0
HDRO.US,D,20210524,000000,23.09,23.09,22.855,22.97,22991,0
HDRO.US,D,20210525,000000,22.9,23,22.76,22.88,21772,0
HDRO.US,D,20210526,000000,23.11,23.6,23.11,23.5,29694,0
HDRO.US,D,20210527,000000,23.83,23.83,23.51,23.76,36825,0
HDRO.US,D,20210528,000000,24.1,24.275,24.04,24.1,39870,0
HDRO.US,D,20210601,000000,24.66,24.66,24.28,24.39,79182,0
HDRO.US,D,20210602,000000,24.14,24.26,24.05,24.16,38143,0
HDRO.US,D,20210603,000000,24.04,24.12,23.7347,23.87,44909,0
HDRO.US,D,20210604,000000,23.86,24.14,23.85,23.97,35032,0
HDRO.US,D,20210607,000000,23.87,24.3,23.83,24.25,36065,0
HDRO.US,D,20210608,000000,24.66,24.8199,24.45,24.67,38542,0
HDRO.US,D,20210609,000000,25,25,24.2,24.22,33338,0
HDRO.US,D,20210610,000000,23.65,23.91,23.6,23.88,27926,0
HDRO.US,D,20210611,000000,23.83,23.9982,23.79,23.91,12878,0
HDRO.US,D,20210614,000000,24.31,24.35,24.0001,24.01,16579,0
HDRO.US,D,20210615,000000,24.12,24.13,23.7,23.7455,17852,0
HDRO.US,D,20210616,000000,23.59,23.799,23.2555,23.4294,27287,0
HDRO.US,D,20210617,000000,23.08,23.41,23,23.37,40060,0
HDRO.US,D,20210618,000000,22.71,22.8,22.42,22.42,92444,0
HDRO.US,D,20210621,000000,22.66,22.92,22.5699,22.92,22356,0
HDRO.US,D,20210622,000000,22.92,23.54,22.835,23.51,45270,0
HDRO.US,D,20210623,000000,23.47,23.76,23.4001,23.73,28079,0
HDRO.US,D,20210624,000000,23.95,24.03,23.8,23.83,17639,0
HDRO.US,D,20210625,000000,24.06,24.22,23.82,23.88,42190,0
HDRO.US,D,20210628,000000,24.19,24.59,24.19,24.5567,37675,0
HDRO.US,D,20210629,000000,24.96,25.18,24.685,24.83,35490,0
HDRO.US,D,20210630,000000,24.41,24.5,24.2,24.3,26661,0
HDRO.US,D,20210701,000000,24.5,24.5,24.141,24.3,11217,0
HDRO.US,D,20210702,000000,24.48,24.51,24.17,24.39,15743,0
HDRO.US,D,20210706,000000,24.39,24.56,24.26,24.29,42546,0
HDRO.US,D,20210707,000000,24.2,24.2,23.26,23.3,45883,0
HDRO.US,D,20210708,000000,22.35,22.725,22.12,22.59,60004,0
HDRO.US,D,20210709,000000,22.72,22.72,22.47,22.66,38895,0
HDRO.US,D,20210712,000000,22.89,22.9045,22.54,22.71,25337,0
HDRO.US,D,20210713,000000,22.49,22.55,22.13,22.21,50431,0
HDRO.US,D,20210714,000000,22.14,22.2,21.6,21.69,63219,0
HDRO.US,D,20210715,000000,21.31,21.635,21.12,21.32,42850,0
HDRO.US,D,20210716,000000,21.34,21.34,20.83,20.95,29682,0
HDRO.US,D,20210719,000000,20.33,20.63,20.15,20.5778,52972,0
HDRO.US,D,20210720,000000,20.65,21.04,20.5,21.04,57519,0
HDRO.US,D,20210721,000000,21.28,21.88,21.28,21.88,24354,0
HDRO.US,D,20210722,000000,22.15,22.23,21.61,21.73,24250,0
HDRO.US,D,20210723,000000,21.71,21.71,21.31,21.42,22583,0
HDRO.US,D,20210726,000000,21.23,21.4,21,21.18,24996,0
HDRO.US,D,20210727,000000,21.12,21.12,20.621,20.9,30944,0
HDRO.US,D,20210728,000000,20.95,21.619,20.95,21.5,13479,0
HDRO.US,D,20210729,000000,21.76,21.76,21.38,21.38,31518,0
HDRO.US,D,20210730,000000,21.29,21.58,21.2301,21.3253,19504,0
HDRO.US,D,20210802,000000,21.54,21.58,21.29,21.29,18243,0
HDRO.US,D,20210803,000000,21.38,21.38,21.06,21.16,26069,0
HDRO.US,D,20210804,000000,20.9,20.97,20.55,20.617,12358,0
HDRO.US,D,20210805,000000,20.23,20.51,20.1,20.46,33386,0
HDRO.US,D,20210806,000000,20.84,20.96,20.56,20.61,70000,0
HDRO.US,D,20210809,000000,20.75,21.22,20.54,21.1,42283,0
HDRO.US,D,20210810,000000,21.7,22,21.5467,21.71,88453,0
HDRO.US,D,20210811,000000,21.79,21.79,21.11,21.25,56631,0
HDRO.US,D,20210812,000000,21.13,21.13,20.74,20.94,36412,0
HDRO.US,D,20210813,000000,20.85,20.85,20.39,20.43,40346,0
HDRO.US,D,20210816,000000,20.2,20.23,20.02,20.02,41714,0
HDRO.US,D,20210817,000000,19.8,19.8,19.41,19.68,79899,0
HDRO.US,D,20210818,000000,20.1,20.56,20.1,20.38,29839,0
HDRO.US,D,20210819,000000,20.12,20.28,19.93,20.02,32890,0
HDRO.US,D,20210820,000000,19.67,19.85,19.65,19.79,24681,0
HDRO.US,D,20210823,000000,19.87,20.41,19.87,20.33,21318,0
HDRO.US,D,20210824,000000,20.66,20.85,20.65,20.8,15614,0
HDRO.US,D,20210825,000000,21.03,21.1651,20.95,21.01,34024,0
HDRO.US,D,20210826,000000,20.99,21.21,20.769,20.92,18383,0
HDRO.US,D,20210827,000000,20.84,21.22,20.74,21.16,25174,0
HDRO.US,D,20210830,000000,21.27,21.27,20.97,21.12,21794,0
HDRO.US,D,20210831,000000,21.26,21.42,21.2,21.35,21814,0
HDRO.US,D,20210901,000000,21.57,21.73,21.47,21.675,36407,0
HDRO.US,D,20210902,000000,21.82,21.9799,21.65,21.7876,58715,0
HDRO.US,D,20210903,000000,21.86,22.01,21.8,21.825,22914,0
HDRO.US,D,20210907,000000,22.01,22.3,21.98,22.05,79966,0
HDRO.US,D,20210908,000000,21.82,21.91,21.14,21.17,38616,0
HDRO.US,D,20210909,000000,21.17,21.4,21.13,21.19,26480,0
HDRO.US,D,20210910,000000,21.09,21.13,20.56,20.63,31545,0
HDRO.US,D,20210913,000000,20.22,20.5,20.01,20.35,43487,0
HDRO.US,D,20210914,000000,20.7,20.89,20.301,20.3783,12795,0
HDRO.US,D,20210915,000000,20.34,20.35,20.0612,20.16,21569,0
HDRO.US,D,20210916,000000,20.1,20.279,19.945,20.18,24957,0
HDRO.US,D,20210917,000000,20.14,20.3122,19.96,20.3122,24211,0
HDRO.US,D,20210920,000000,20.01,20.02,19.41,19.635,47610,0
HDRO.US,D,20210921,000000,19.65,19.67,19.395,19.5,24561,0
HDRO.US,D,20210922,000000,19.7,20.24,19.7,20.08,19471,0
HDRO.US,D,20210923,000000,20.46,20.69,20.36,20.64,27786,0
HDRO.US,D,20210924,000000,20.52,20.55,20.2,20.3298,45931,0
HDRO.US,D,20210927,000000,20.27,20.95,20.25,20.84,41487,0
HDRO.US,D,20210928,000000,20.57,20.66,20,20,31934,0
HDRO.US,D,20210929,000000,20.02,20.02,19.58,19.6048,49766,0
HDRO.US,D,20210930,000000,19.68,19.83,19.57,19.6,13321,0
HDRO.US,D,20211001,000000,19.61,19.7,19.3,19.5194,28833,0
HDRO.US,D,20211004,000000,19.31,19.31,18.6,18.62,70768,0
HDRO.US,D,20211005,000000,18.5,18.62,18.39,18.43,45518,0
HDRO.US,D,20211006,000000,18,18.2,17.855,18.125,40706,0
HDRO.US,D,20211007,000000,18.32,18.68,18.27,18.56,15929,0
HDRO.US,D,20211008,000000,18.75,18.979,18.6701,18.73,20536,0
HDRO.US,D,20211011,000000,18.96,19.46,18.96,19.19,41306,0
HDRO.US,D,20211012,000000,19.6,20.15,19.6,20.15,56987,0
HDRO.US,D,20211013,000000,20.7,21.41,20.5896,21.41,139108,0
HDRO.US,D,20211014,000000,22,22,21.2,21.29,249407,0
HDRO.US,D,20211015,000000,21.31,21.49,21.05,21.14,164879,0
HDRO.US,D,20211018,000000,21.13,21.69,21.13,21.67,78575,0
HDRO.US,D,20211019,000000,21.89,22.22,21.7,22.04,193707,0
HDRO.US,D,20211020,000000,22.24,22.25,21.9501,22.01,150933,0
HDRO.US,D,20211021,000000,22.46,22.94,22.43,22.66,94025,0
HDRO.US,D,20211022,000000,22.38,22.38,21.65,21.71,67639,0
HDRO.US,D,20211025,000000,22,22.47,21.92,22.42,53041,0
HDRO.US,D,20211026,000000,23.16,23.309,22.83,22.87,109442,0
HDRO.US,D,20211027,000000,23.17,23.31,22.85,22.85,67091,0
HDRO.US,D,20211028,000000,22.97,23.9892,22.97,23.75,127425,0
HDRO.US,D,20211029,000000,23.74,24.22,23.74,24.22,60143,0
HDRO.US,D,20211101,000000,24.84,25.54,24.71,25.52,155612,0
HDRO.US,D,20211102,000000,25.59,25.64,24.88,25.2,203779,0
HDRO.US,D,20211103,000000,24.65,24.99,24.23,24.99,123600,0
HDRO.US,D,20211104,000000,25.22,25.27,24.8,24.95,189839,0
HDRO.US,D,20211105,000000,24.63,24.76,24.36,24.58,54069,0
HDRO.US,D,20211108,000000,25.05,25.93,25.05,25.78,102154,0
HDRO.US,D,20211109,000000,26,26.12,25.1,25.5,71509,0
HDRO.US,D,20211110,000000,25.27,25.6625,24.88,25.079,90254,0
HDRO.US,D,20211111,000000,25,25.605,24.6,25.28,119979,0
HDRO.US,D,20211112,000000,25.64,25.98,25.59,25.96,83131,0
HDRO.US,D,20211115,000000,26.13,26.13,25.14,25.22,82880,0
HDRO.US,D,20211116,000000,25.25,25.25,24.66,25.15,57437,0
HDRO.US,D,20211117,000000,25.09,25.49,24.83,24.9,58303,0
HDRO.US,D,20211118,000000,24.76,24.76,23.52,23.69,169184,0
HDRO.US,D,20211119,000000,23.96,24.3999,23.88,24.2,108278,0
HDRO.US,D,20211122,000000,24.44,24.46,23.2,23.43,187827,0
HDRO.US,D,20211123,000000,23.25,23.53,22.68,23.02,148389,0
HDRO.US,D,20211124,000000,22.67,23.04,22.43,23.01,74080,0
HDRO.US,D,20211126,000000,22.58,22.61,22,22.35,89212,0
HDRO.US,D,20211129,000000,22.76,22.76,22.13,22.7,130869,0
HDRO.US,D,20211130,000000,22.28,22.62,21.6,22.27,106989,0
HDRO.US,D,20211201,000000,22.7,22.7694,21.4,21.43,91315,0
HDRO.US,D,20211202,000000,21.23,21.66,21.0967,21.39,80113,0
HDRO.US,D,20211203,000000,21.41,21.42,20,20.35,214982,0
HDRO.US,D,20211206,000000,20.11,20.52,19.57,20.3317,81792,0
HDRO.US,D,20211207,000000,21.47,21.6928,21.255,21.6,100030,0
HDRO.US,D,20211208,000000,21.5,21.66,21.16,21.59,73600,0
HDRO.US,D,20211209,000000,21.17,21.235,20.34,20.5,70745,0
HDRO.US,D,20211210,000000,20.6,20.65,20.1,20.2,41386,0
HDRO.US,D,20211213,000000,19.92,20,19.4791,19.63,115009,0
HDRO.US,D,20211214,000000,19.33,19.412,18.93,19.1,150504,0
HDRO.US,D,20211215,000000,19.03,19.54,18.58,19.5,139495,0
HDRO.US,D,20211216,000000,19.79,19.86,18.955,19.1,64284,0
HDRO.US,D,20211217,000000,18.93,19.3309,18.56,19.09,128529,0
HDRO.US,D,20211220,000000,18.57,18.579,18.07,18.31,194188,0
HDRO.US,D,20211221,000000,18.75,18.9238,18.51,18.8678,47922,0
HDRO.US,D,20211222,000000,19.05,19.3,18.99,19.2,61774,0
HDRO.US,D,20211223,000000,19.14,19.36,19.01,19.31,35855,0
HDRO.US,D,20211227,000000,19.42,19.6,19.3333,19.46,39989,0
HDRO.US,D,20211228,000000,19.31,19.31,19.01,19.04,59313,0
HDRO.US,D,20211229,000000,18.81,18.82,18.52,18.57,48983,0
HDRO.US,D,20211230,000000,18.69,19.255,18.69,19.07,210621,0
HDRO.US,D,20211231,000000,19.2,19.28,19.07,19.12,52794,0
HDRO.US,D,20220103,000000,19.5,19.5434,19.2335,19.48,132821,0
HDRO.US,D,20220104,000000,19.48,19.5,18.858,19.1,78190,0
HDRO.US,D,20220105,000000,19.15,19.15,18.41,18.43,59156,0
HDRO.US,D,20220106,000000,18.16,18.19,17.7706,17.91,103392,0
HDRO.US,D,20220107,000000,17.93,18.19,17.7011,17.83,69079,0
HDRO.US,D,20220110,000000,17.5,17.505,17.01,17.3,75136,0
HDRO.US,D,20220111,000000,17.29,17.48,17.16,17.4,33947,0
HDRO.US,D,20220112,000000,17.58,17.75,17.38,17.52,37769,0
HDRO.US,D,20220113,000000,17.55,17.67,17.12,17.1401,29466,0
HDRO.US,D,20220114,000000,17,17.07,16.6,16.84,39269,0
HDRO.US,D,20220118,000000,16.28,16.38,16,16.01,57695,0
HDRO.US,D,20220119,000000,16,16.04,15.6232,15.6403,33871,0
HDRO.US,D,20220120,000000,15.87,16.365,15.71,15.78,59801,0
HDRO.US,D,20220121,000000,15.57,15.6299,15.11,15.22,60268,0
HDRO.US,D,20220124,000000,14.36,14.63,13.7094,14.5891,214131,0
HDRO.US,D,20220125,000000,14.12,14.2445,13.8101,14.045,69148,0
HDRO.US,D,20220126,000000,14.49,14.68,13.95,13.97,65326,0
HDRO.US,D,20220127,000000,14.06,14.06,13.4,13.41,35142,0
HDRO.US,D,20220128,000000,13.46,13.63,13.12,13.6,21630,0
HDRO.US,D,20220131,000000,13.76,14.68,13.67,14.62,40288,0
HDRO.US,D,20220201,000000,14.86,14.86,14.45,14.82,160961,0
HDRO.US,D,20220202,000000,15.26,15.26,14.82,14.88,46914,0
HDRO.US,D,20220203,000000,14.56,14.6,14.24,14.3393,27771,0
HDRO.US,D,20220204,000000,14.15,14.6,14.15,14.52,26485,0
HDRO.US,D,20220207,000000,14.3,14.6417,14.3,14.36,26521,0
HDRO.US,D,20220208,000000,14.2,14.35,14.0136,14.32,27458,0
HDRO.US,D,20220209,000000,14.99,15.18,14.86,15.18,92523,0
HDRO.US,D,20220210,000000,14.59,15.133,14.42,14.58,66559,0
HDRO.US,D,20220211,000000,14.93,15.05,14.34,14.52,22365,0
HDRO.US,D,20220214,000000,14.22,14.52,14.0872,14.16,46719,0
HDRO.US,D,20220215,000000,14.61,15.22,14.6,15.22,77714,0
HDRO.US,D,20220216,000000,15.07,15.15,14.82,15.0699,45991,0
HDRO.US,D,20220217,000000,15.01,15.01,14.53,14.59,34895,0
HDRO.US,D,20220218,000000,14.48,14.48,14.0867,14.1415,37270,0
HDRO.US,D,20220222,000000,13.76,13.88,13.4016,13.51,65630,0
HDRO.US,D,20220223,000000,13.93,13.93,13.435,13.44,26290,0
HDRO.US,D,20220224,000000,12.8,14.0291,12.5168,14.0291,88967,0
HDRO.US,D,20220225,000000,14.26,14.63,14.075,14.63,53602,0
HDRO.US,D,20220228,000000,15.4,16.2099,15.4,15.97,183328,0
HDRO.US,D,20220301,000000,15.99,15.99,15.2,15.54,56831,0
HDRO.US,D,20220302,000000,16,16.02,15.621,15.9,66328,0
HDRO.US,D,20220303,000000,15.73,15.76,15,15.0757,35209,0
HDRO.US,D,20220304,000000,14.95,14.99,14.46,14.6,34658,0
HDRO.US,D,20220307,000000,15.16,15.21,14.77,14.95,62266,0
HDRO.US,D,20220308,000000,15.65,16.72,15.5,16.49,152307,0
HDRO.US,D,20220309,000000,16.82,17.04,16.385,16.87,63679,0
HDRO.US,D,20220310,000000,16.54,16.82,16.41,16.79,56566,0
HDRO.US,D,20220311,000000,17.43,17.5,16.81,16.819,55464,0
HDRO.US,D,20220314,000000,16.75,16.75,15.95,16.02,124191,0
HDRO.US,D,20220315,000000,15.88,15.91,15.44,15.9,45120,0
HDRO.US,D,20220316,000000,16.16,16.64,16.02,16.64,62878,0
HDRO.US,D,20220317,000000,16.48,16.96,16.3,16.9161,54245,0
HDRO.US,D,20220318,000000,16.67,17,16.59,16.88,81053,0
HDRO.US,D,20220321,000000,16.97,16.97,16.35,16.57,43023,0
HDRO.US,D,20220322,000000,16.67,17.1,16.67,16.9881,58087,0
HDRO.US,D,20220323,000000,16.85,17.205,16.68,16.74,111137,0
HDRO.US,D,20220324,000000,16.83,16.98,16.56,16.95,41760,0
HDRO.US,D,20220325,000000,17.12,17.12,16.44,16.69,33398,0
HDRO.US,D,20220328,000000,16.55,16.7,16.27,16.49,45102,0
HDRO.US,D,20220329,000000,16.63,16.99,16.52,16.91,56584,0
HDRO.US,D,20220330,000000,17.03,17.3,16.88,16.9,91138,0
HDRO.US,D,20220331,000000,16.98,17.11,16.76,16.76,31135,0
HDRO.US,D,20220401,000000,16.97,16.97,16.62,16.82,27074,0
HDRO.US,D,20220404,000000,16.97,17.69,16.97,17.54,81594,0
HDRO.US,D,20220405,000000,17.95,18.09,17.31,17.39,69264,0
HDRO.US,D,20220406,000000,17.09,17.12,16.68,16.87,129746,0
HDRO.US,D,20220407,000000,16.91,16.94,16.4,16.69,73265,0
HDRO.US,D,20220408,000000,16.67,16.69,16.37,16.37,18762,0
HDRO.US,D,20220411,000000,16.37,16.65,16.26,16.52,87825,0
HDRO.US,D,20220412,000000,16.65,16.67,16.13,16.1657,53008,0
HDRO.US,D,20220413,000000,16.32,16.83,16.32,16.81,66091,0
HDRO.US,D,20220414,000000,16.83,16.83,16.5,16.5,24142,0
HDRO.US,D,20220418,000000,16.33,16.48,16.13,16.24,83383,0
HDRO.US,D,20220419,000000,16.36,16.7199,16.18,16.65,75837,0
HDRO.US,D,20220420,000000,16.9,17.04,16.54,16.54,123234,0
HDRO.US,D,20220421,000000,16.48,16.48,15.37,15.37,112402,0
HDRO.US,D,20220422,000000,15.41,15.4519,14.93,15.03,56191,0
HDRO.US,D,20220425,000000,14.67,15.04,14.63,15.04,33208,0
HDRO.US,D,20220426,000000,14.87,14.87,14.4,14.45,33304,0
HDRO.US,D,20220427,000000,14.4,14.57,14.3,14.31,22301,0
HDRO.US,D,20220428,000000,14.2,14.21,13.64,14.17,114110,0
HDRO.US,D,20220429,000000,14.27,14.6299,14.07,14.16,109603,0
HDRO.US,D,20220502,000000,13.98,14.1,13.75,14.1,49950,0
HDRO.US,D,20220503,000000,14.11,14.2544,14,14.12,31702,0
HDRO.US,D,20220504,000000,14.35,14.78,14.05,14.78,48152,0
HDRO.US,D,20220505,000000,14.61,14.61,13.82,13.99,66719,0
HDRO.US,D,20220506,000000,13.75,13.75,13.25,13.38,42901,0
HDRO.US,D,20220509,000000,13.12,13.12,12.27,12.39,143543,0
HDRO.US,D,20220510,000000,12.45,12.45,11.8,12.03,65202,0
HDRO.US,D,20220511,000000,12.33,12.33,11.62,11.62,80336,0
HDRO.US,D,20220512,000000,11.27,11.59,11.03,11.29,54028,0
HDRO.US,D,20220513,000000,11.93,12.35,11.93,12.2,59053,0
HDRO.US,D,20220516,000000,12.17,12.2899,12,12,60965,0
HDRO.US,D,20220517,000000,12.42,12.63,12.18,12.63,112340,0
HDRO.US,D,20220518,000000,12.64,12.729,12.16,12.18,40423,0
HDRO.US,D,20220519,000000,12.14,12.945,12.14,12.88,35933,0
HDRO.US,D,20220520,000000,13.03,13.03,12.378,12.735,12756,0
HDRO.US,D,20220523,000000,12.98,13.05,12.73,13.04,20714,0
HDRO.US,D,20220524,000000,12.91,12.91,12.43,12.5,20639,0
HDRO.US,D,20220525,000000,12.22,12.5,12.2,12.4852,12793,0
HDRO.US,D,20220526,000000,12.66,12.93,12.48,12.9,34654,0
HDRO.US,D,20220527,000000,13.12,13.52,13.12,13.52,69727,0
HDRO.US,D,20220531,000000,13.52,13.52,13.14,13.21,80321,0
HDRO.US,D,20220601,000000,13.29,13.37,12.82,12.84,42152,0
HDRO.US,D,20220602,000000,13.06,13.51,13.06,13.48,89993,0
HDRO.US,D,20220603,000000,13.3,13.31,13.105,13.2054,17442,0
HDRO.US,D,20220606,000000,13.59,13.64,13.35,13.42,32234,0
HDRO.US,D,20220607,000000,13.09,13.42,13.0334,13.4,25710,0
HDRO.US,D,20220608,000000,13.31,13.41,13.1301,13.1963,31158,0
HDRO.US,D,20220609,000000,12.69,12.69,12.29,12.29,52664,0
HDRO.US,D,20220610,000000,12.05,12.1322,11.79,11.86,45045,0
HDRO.US,D,20220613,000000,11.25,11.25,10.77,10.95,21865,0
HDRO.US,D,20220614,000000,10.91,10.91,10.54,10.67,44083,0
HDRO.US,D,20220615,000000,10.8,11.24,10.8,11.1,47072,0
HDRO.US,D,20220616,000000,10.97,11.04,10.7569,10.98,14854,0
HDRO.US,D,20220617,000000,11.06,11.415,11.06,11.33,115895,0
HDRO.US,D,20220621,000000,11.65,11.83,11.59,11.7,36135,0
HDRO.US,D,20220622,000000,11.54,11.69,11.43,11.57,54929,0
HDRO.US,D,20220623,000000,11.29,11.39,11.15,11.34,58890,0
HDRO.US,D,20220624,000000,11.56,11.64,11.45,11.6196,74723,0
HDRO.US,D,20220627,000000,11.75,11.85,11.58,11.7045,29790,0
HDRO.US,D,20220628,000000,11.8,11.86,11.47,11.495,127049,0
HDRO.US,D,20220629,000000,11.4,11.42,11.01,11.13,49704,0
HDRO.US,D,20220630,000000,10.93,11.05,10.73,10.99,98367,0
HDRO.US,D,20220701,000000,10.95,11.12,10.91,11.05,15731,0
HDRO.US,D,20220705,000000,10.7,10.9,10.5,10.88,51503,0
HDRO.US,D,20220706,000000,10.98,11,10.8,10.91,21838,0
HDRO.US,D,20220707,000000,11.09,11.5,11.09,11.41,35062,0
HDRO.US,D,20220708,000000,11.29,11.68,11.29,11.595,86202,0
HDRO.US,D,20220711,000000,11.51,11.51,11.19,11.23,41384,0
HDRO.US,D,20220712,000000,11.15,11.19,10.97,11.02,42234,0
HDRO.US,D,20220713,000000,10.74,11.1,10.56,10.95,64741,0
HDRO.US,D,20220714,000000,10.76,10.79,10.55,10.74,151705,0
HDRO.US,D,20220715,000000,10.76,10.76,10.43,10.61,28459,0
HDRO.US,D,20220718,000000,11.1,11.37,11.1,11.1853,50578,0
HDRO.US,D,20220719,000000,11.44,11.5302,11.3301,11.5,29775,0
HDRO.US,D,20220720,000000,11.44,11.67,11.44,11.61,14067,0
HDRO.US,D,20220721,000000,11.59,11.61,11.44,11.61,14304,0
HDRO.US,D,20220722,000000,11.65,11.74,11.4,11.46,23005,0
HDRO.US,D,20220725,000000,11.46,11.46,11.3438,11.41,13316,0
HDRO.US,D,20220726,000000,11.3,11.3,11.04,11.04,12944,0
HDRO.US,D,20220727,000000,11.25,11.53,11.22,11.53,19957,0
HDRO.US,D,20220728,000000,12.22,12.5,12.22,12.44,56157,0
HDRO.US,D,20220729,000000,12.37,12.51,12.3,12.47,31513,0
HDRO.US,D,20220801,000000,12.28,12.28,12.13,12.22,31105,0
HDRO.US,D,20220802,000000,12.06,12.5684,12.06,12.47,29908,0
HDRO.US,D,20220803,000000,12.58,12.58,12.27,12.48,24221,0
HDRO.US,D,20220804,000000,12.55,12.79,12.55,12.79,19562,0
HDRO.US,D,20220805,000000,12.8,12.9391,12.675,12.88,43776,0
HDRO.US,D,20220808,000000,13.26,13.35,13.0174,13.11,46817,0
HDRO.US,D,20220809,000000,12.89,12.92,12.75,12.77,31693,0
HDRO.US,D,20220810,000000,13.17,13.679,13.1,13.67,95265,0
HDRO.US,D,20220811,000000,14.16,14.16,13.73,13.82,193858,0
HDRO.US,D,20220812,000000,13.77,14.085,13.62,14.05,92704,0
HDRO.US,D,20220815,000000,14.18,14.279,14.04,14.1,157523,0
HDRO.US,D,20220816,000000,14.1,14.13,13.81,13.94,47048,0
HDRO.US,D,20220817,000000,13.73,13.73,13.44,13.62,66754,0
HDRO.US,D,20220818,000000,13.54,13.5999,13.24,13.24,180307,0
HDRO.US,D,20220819,000000,13.05,13.06,12.65,12.7,86889,0
HDRO.US,D,20220822,000000,12.44,12.44,12.21,12.31,42427,0
HDRO.US,D,20220823,000000,12.33,12.68,12.33,12.44,32973,0
HDRO.US,D,20220824,000000,12.64,13.0399,12.64,13,19704,0
HDRO.US,D,20220825,000000,13.6,13.64,13.39,13.64,39663,0
HDRO.US,D,20220826,000000,13.8,13.808,13.02,13.11,66698,0
HDRO.US,D,20220829,000000,13,13.11,12.825,12.96,49297,0
HDRO.US,D,20220830,000000,13.05,13.25,12.73,12.86,61025,0
HDRO.US,D,20220831,000000,13,13,12.69,12.71,242045,0
HDRO.US,D,20220901,000000,12.56,12.5892,12.06,12.28,89327,0
HDRO.US,D,20220902,000000,12.19,12.299,11.855,11.87,47118,0
HDRO.US,D,20220906,000000,11.96,11.96,11.6869,11.77,21864,0
HDRO.US,D,20220907,000000,11.64,12.05,11.57,12,30148,0
HDRO.US,D,20220908,000000,11.68,12.1,11.59,12.1,32053,0
HDRO.US,D,20220909,000000,12.27,12.5,12.27,12.48,31599,0
HDRO.US,D,20220912,000000,12.46,12.628,12.39,12.59,77713,0
HDRO.US,D,20220913,000000,12.11,12.2,11.921,11.99,40760,0
HDRO.US,D,20220914,000000,11.73,11.9,11.57,11.88,32049,0
HDRO.US,D,20220915,000000,11.8,11.9,11.57,11.6177,31700,0
HDRO.US,D,20220916,000000,11.4,11.415,11.16,11.29,31754,0
HDRO.US,D,20220919,000000,11.08,11.26,11.08,11.24,29753,0
HDRO.US,D,20220920,000000,11.05,11.07,10.775,10.83,31387,0
HDRO.US,D,20220921,000000,10.9,11.08,10.69,10.81,54170,0
HDRO.US,D,20220922,000000,10.72,10.72,10.3,10.37,62026,0
HDRO.US,D,20220923,000000,10.01,10.02,9.7,9.79,75630,0
HDRO.US,D,20220926,000000,9.71,9.885,9.49,9.5,47940,0
HDRO.US,D,20220927,000000,9.68,9.8319,9.5,9.57,24257,0
HDRO.US,D,20220928,000000,9.51,9.82,9.49,9.74,61421,0
HDRO.US,D,20220929,000000,9.51,9.6,9.0655,9.19,59868,0
HDRO.US,D,20220930,000000,9.05,9.41,9.05,9.1,73726,0
HDRO.US,D,20221003,000000,9.19,9.44,9.12,9.35,26965,0
HDRO.US,D,20221004,000000,9.68,10.0097,9.68,9.93,20546,0
HDRO.US,D,20221005,000000,9.69,9.69,9.42,9.53,13332,0
HDRO.US,D,20221006,000000,9.59,9.63,9.22,9.25,43694,0
HDRO.US,D,20221007,000000,9.23,9.29,9.12,9.21,22359,0
HDRO.US,D,20221010,000000,9.17,9.17,8.98,9.0608,40401,0
HDRO.US,D,20221011,000000,8.89,8.948,8.67,8.76,19010,0
HDRO.US,D,20221012,000000,8.74,8.74,8.44,8.44,61296,0
HDRO.US,D,20221013,000000,8.2,8.55,8.07,8.55,44712,0
HDRO.US,D,20221014,000000,8.64,8.8,8.33,8.33,14778,0
HDRO.US,D,20221017,000000,8.63,8.77,8.61,8.68,28205,0
HDRO.US,D,20221018,000000,9.01,9.09,8.869,8.96,37468,0
HDRO.US,D,20221019,000000,8.81,8.81,8.55,8.5834,20235,0
HDRO.US,D,20221020,000000,8.64,8.82,8.54,8.66,93590,0
HDRO.US,D,20221021,000000,8.495,8.74,8.495,8.74,14728,0
HDRO.US,D,20221024,000000,8.73,8.73,8.45,8.62,25384,0
HDRO.US,D,20221025,000000,8.58,8.8999,8.57,8.885,34224,0
HDRO.US,D,20221026,000000,8.93,9.2298,8.9,9.07,26051,0
HDRO.US,D,20221027,000000,9.13,9.13,8.96,8.96,15950,0
HDRO.US,D,20221028,000000,8.94,8.9592,8.78,8.93,19249,0
HDRO.US,D,20221031,000000,8.92,9.019,8.9,8.95,10396,0
HDRO.US,D,20221101,000000,9.2,9.36,9.06,9.1,22783,0
HDRO.US,D,20221102,000000,9.05,9.08,8.7,8.7,31873,0
HDRO.US,D,20221103,000000,8.7,8.92,8.7,8.88,5041,0
HDRO.US,D,20221104,000000,9.16,9.18,8.96,9.18,28545,0
HDRO.US,D,20221107,000000,9.32,9.41,9.23,9.35,22566,0
HDRO.US,D,20221108,000000,9.44,9.5626,9.38,9.44,8280,0
HDRO.US,D,20221109,000000,9.53,9.63,9.26,9.26,12892,0
HDRO.US,D,20221110,000000,9.61,10.229,9.61,10.15,33318,0
HDRO.US,D,20221111,000000,10.34,10.5185,10.29,10.5,32697,0
HDRO.US,D,20221114,000000,10.41,10.41,10.14,10.2706,19792,0
HDRO.US,D,20221115,000000,10.67,10.695,10.41,10.55,27508,0
HDRO.US,D,20221116,000000,10.4,10.44,10.17,10.25,19275,0
HDRO.US,D,20221117,000000,9.97,10.13,9.78,10.09,32135,0
HDRO.US,D,20221118,000000,10.16,10.21,10.0301,10.11,11219,0
HDRO.US,D,20221121,000000,10,10,9.82,9.92,11470,0
HDRO.US,D,20221122,000000,9.91,10.07,9.87,10.07,20491,0
HDRO.US,D,20221123,000000,10.14,10.39,10.1,10.365,19565,0
HDRO.US,D,20221125,000000,10.42,10.5399,10.4,10.479,8525,0
HDRO.US,D,20221128,000000,10.46,10.529,10.1861,10.22,13389,0
HDRO.US,D,20221129,000000,10.18,10.2399,10.05,10.12,7886,0
HDRO.US,D,20221130,000000,10.18,10.6,10.17,10.56,20659,0
HDRO.US,D,20221201,000000,10.74,10.74,10.54,10.58,30910,0
HDRO.US,D,20221202,000000,10.5,10.75,10.5,10.72,25932,0
HDRO.US,D,20221205,000000,10.78,10.78,10.45,10.45,13227,0
HDRO.US,D,20221206,000000,10.36,10.36,10.0201,10.1,8104,0
HDRO.US,D,20221207,000000,10.02,10.02,9.91,9.98,12905,0
HDRO.US,D,20221208,000000,9.88,10.12,9.83,10.05,28659,0
HDRO.US,D,20221209,000000,10.11,10.16,10.0101,10.08,12887,0
HDRO.US,D,20221212,000000,10.11,10.298,10.1088,10.25,19669,0
HDRO.US,D,20221213,000000,10.6,10.73,10.31,10.38,22520,0
HDRO.US,D,20221214,000000,10.45,10.65,10.43,10.51,32433,0
HDRO.US,D,20221215,000000,10.43,10.43,10.16,10.17,21509,0
HDRO.US,D,20221216,000000,10,10.1,9.9,10.1,25799,0
HDRO.US,D,20221219,000000,10.1,10.1,9.82,9.87,29296,0
HDRO.US,D,20221220,000000,9.62,9.68,9.55,9.57,19951,0
HDRO.US,D,20221221,000000,9.5,9.65,9.43,9.59,24159,0
HDRO.US,D,20221222,000000,9.4,9.41,9.175,9.36,11443,0
HDRO.US,D,20221223,000000,9.27,9.31,9.22,9.28,12517,0
HDRO.US,D,20221227,000000,9.25,9.3,9.12,9.12,20508,0
HDRO.US,D,20221228,000000,9.23,9.2392,9.1,9.16,25552,0
HDRO.US,D,20221229,000000,9.21,9.465,9.21,9.45,22284,0
HDRO.US,D,20221230,000000,9.39,9.39,9.28,9.3893,30504,0
HDRO.US,D,20230103,000000,9.52,9.57,9.2,9.27,15778,0
HDRO.US,D,20230104,000000,9.42,9.62,9.42,9.5705,17467,0
HDRO.US,D,20230105,000000,9.48,9.48,9.3005,9.32,10813,0
HDRO.US,D,20230106,000000,9.49,9.77,9.29,9.74,12055,0
HDRO.US,D,20230109,000000,9.95,10.2,9.95,10.11,20803,0
HDRO.US,D,20230110,000000,10.11,10.295,10.05,10.27,22060,0
HDRO.US,D,20230111,000000,10.4,10.6,10.349,10.58,26594,0
HDRO.US,D,20230112,000000,10.71,10.78,10.59,10.78,14144,0
HDRO.US,D,20230113,000000,10.73,10.88,10.67,10.88,19200,0
HDRO.US,D,20230117,000000,10.75,10.83,10.67,10.83,26611,0
HDRO.US,D,20230118,000000,10.83,11.07,10.69,10.69,33370,0
HDRO.US,D,20230119,000000,10.43,10.5,10.2,10.315,26504,0
HDRO.US,D,20230120,000000,10.39,10.62,10.39,10.62,12795,0
HDRO.US,D,20230123,000000,10.66,11.0199,10.66,10.94,36403,0
HDRO.US,D,20230124,000000,10.94,11.03,10.92,10.95,20281,0
HDRO.US,D,20230125,000000,10.83,10.915,10.62,10.915,23304,0
HDRO.US,D,20230126,000000,11.01,11.074,10.72,10.81,14650,0
HDRO.US,D,20230127,000000,10.79,10.989,10.7,10.9174,18011,0
HDRO.US,D,20230130,000000,10.9,11.01,10.8,10.8,30873,0
HDRO.US,D,20230131,000000,10.97,11.23,10.84,11.22,19144,0
HDRO.US,D,20230201,000000,11.33,11.589,11.2,11.5,27499,0
HDRO.US,D,20230202,000000,11.78,11.91,11.6364,11.77,39415,0
HDRO.US,D,20230203,000000,11.53,11.639,11.4101,11.46,45473,0
HDRO.US,D,20230206,000000,11.4,11.4,11.19,11.24,23235,0
HDRO.US,D,20230207,000000,11.21,11.23,11.01,11.17,26468,0
HDRO.US,D,20230208,000000,11.22,11.41,11.12,11.1359,26073,0
HDRO.US,D,20230209,000000,11.51,11.54,11.189,11.21,37382,0
HDRO.US,D,20230210,000000,11.03,11.0891,10.92,11.03,27863,0
HDRO.US,D,20230213,000000,11,11.09,10.92,11.03,41030,0
HDRO.US,D,20230214,000000,10.84,11.02,10.67,10.97,26657,0
HDRO.US,D,20230215,000000,10.83,10.94,10.61,10.93,15532,0
HDRO.US,D,20230216,000000,10.82,10.94,10.7865,10.79,19083,0
HDRO.US,D,20230217,000000,10.68,10.78,10.61,10.78,26551,0
HDRO.US,D,20230221,000000,10.7,10.77,10.51,10.53,18533,0
HDRO.US,D,20230222,000000,10.45,10.45,10.27,10.4,15475,0
HDRO.US,D,20230223,000000,10.46,10.6492,10.4,10.52,10814,0
HDRO.US,D,20230224,000000,10.26,10.26,10.13,10.21,14815,0
HDRO.US,D,20230227,000000,10.31,10.3799,10.2899,10.36,10762,0
HDRO.US,D,20230228,000000,10.3,10.47,10.3,10.3799,8363,0
HDRO.US,D,20230301,000000,10.5,10.54,10.38,10.41,11310,0
HDRO.US,D,20230302,000000,10.23,10.34,10.11,10.23,12370,0
HDRO.US,D,20230303,000000,10.35,10.7,10.35,10.64,20061,0
HDRO.US,D,20230306,000000,10.67,10.7,10.53,10.56,19214,0
HDRO.US,D,20230307,000000,10.41,10.45,10.32,10.33,12709,0
HDRO.US,D,20230308,000000,10.23,10.29,10.12,10.29,16544,0
HDRO.US,D,20230309,000000,10.46,10.5,10.15,10.16,13051,0
HDRO.US,D,20230310,000000,10.2,10.2,9.81,9.88,26267,0
HDRO.US,D,20230313,000000,9.75,9.86,9.54,9.7989,17101,0
HDRO.US,D,20230314,000000,10,10,9.79,9.8482,7515,0
HDRO.US,D,20230315,000000,9.6,9.6,9.3,9.51,20216,0
HDRO.US,D,20230316,000000,9.44,9.58,9.4,9.5702,13511,0
HDRO.US,D,20230317,000000,9.49,9.49,9.25,9.3,29443,0
HDRO.US,D,20230320,000000,9.33,9.4299,9.22,9.3137,11846,0
HDRO.US,D,20230321,000000,9.45,9.5735,9.34,9.5735,8217,0
HDRO.US,D,20230322,000000,9.53,9.61,9.4092,9.4092,12539,0
HDRO.US,D,20230323,000000,9.46,9.68,9.35,9.4386,8281,0
HDRO.US,D,20230324,000000,9.3,9.38,9.16,9.3041,21538,0
HDRO.US,D,20230327,000000,9.39,9.39,9.17,9.22,12592,0
HDRO.US,D,20230328,000000,9.22,9.22,9.09,9.1451,12833,0
HDRO.US,D,20230329,000000,9.23,9.3477,9.23,9.3415,16247,0
HDRO.US,D,20230330,000000,9.66,9.69,9.6,9.6574,15807,0
HDRO.US,D,20230331,000000,9.74,9.8792,9.73,9.771,15036,0
HDRO.US,D,20230403,000000,9.75,9.85,9.67,9.7294,9296,0
HDRO.US,D,20230404,000000,9.73,9.73,9.41,9.4426,23599,0
HDRO.US,D,20230405,000000,9.37,9.37,9.14,9.1817,15706,0
HDRO.US,D,20230406,000000,9.18,9.18,9.085,9.13,9936,0
HDRO.US,D,20230410,000000,9.02,9.0763,9,9.0763,10934,0
HDRO.US,D,20230411,000000,9.17,9.28,9.15,9.25,30545,0
HDRO.US,D,20230412,000000,9.38,9.42,9.1855,9.1855,7001,0
HDRO.US,D,20230413,000000,9.24,9.2491,9.13,9.17,34912,0
HDRO.US,D,20230414,000000,9.26,9.35,9.1001,9.2,27657,0
HDRO.US,D,20230417,000000,9.27,9.32,9.18,9.28,64718,0
HDRO.US,D,20230418,000000,9.27,9.27,9.08,9.1114,14080,0
HDRO.US,D,20230419,000000,9.05,9.1,9,9.065,35198,0
HDRO.US,D,20230420,000000,8.99,9.02,8.92,8.9247,18210,0
HDRO.US,D,20230421,000000,8.9,8.94,8.83,8.915,11614,0
HDRO.US,D,20230424,000000,8.93,8.96,8.88,8.9346,9156,0
HDRO.US,D,20230425,000000,8.79,8.94,8.58,8.58,48998,0
HDRO.US,D,20230426,000000,8.6,8.6,8.39,8.4295,21578,0
HDRO.US,D,20230427,000000,8.56,8.7899,8.56,8.72,38300,0
HDRO.US,D,20230428,000000,8.75,8.8001,8.73,8.8001,8768,0
HDRO.US,D,20230501,000000,8.77,8.9,8.77,8.8055,5703,0
HDRO.US,D,20230502,000000,8.69,8.73,8.6601,8.7145,6116,0
HDRO.US,D,20230503,000000,8.66,8.8,8.65,8.68,12943,0
HDRO.US,D,20230504,000000,8.63,8.8,8.63,8.7336,13607,0
HDRO.US,D,20230505,000000,8.895,9.0625,8.86,9.0438,11090,0
HDRO.US,D,20230508,000000,9.1,9.1,9.02,9.035,12506,0
HDRO.US,D,20230509,000000,8.83,8.85,8.7,8.75,25459,0
HDRO.US,D,20230510,000000,8.89,8.89,8.67,8.71,44134,0
HDRO.US,D,20230511,000000,8.61,8.61,8.485,8.5616,13497,0
HDRO.US,D,20230512,000000,8.56,8.63,8.43,8.44,15352,0
HDRO.US,D,20230515,000000,8.54,8.61,8.43,8.59,11254,0
HDRO.US,D,20230516,000000,8.52,8.565,8.46,8.46,5957,0
HDRO.US,D,20230517,000000,8.46,8.65,8.46,8.6,14797,0
HDRO.US,D,20230518,000000,8.6,8.6,8.51,8.55,12126,0
HDRO.US,D,20230519,000000,8.57,8.71,8.57,8.58,26589,0
HDRO.US,D,20230522,000000,8.66,8.8,8.61,8.764,25045,0
HDRO.US,D,20230523,000000,8.76,8.77,8.6362,8.67,17110,0
HDRO.US,D,20230524,000000,8.54,8.54,8.43,8.4536,8364,0
HDRO.US,D,20230525,000000,8.53,8.53,8.33,8.4,51466,0
HDRO.US,D,20230526,000000,8.41,8.43,8.365,8.37,10115,0
HDRO.US,D,20230530,000000,8.43,8.5,8.36,8.44,33074,0
HDRO.US,D,20230531,000000,8.35,8.389,8.21,8.26,68063,0
HDRO.US,D,20230601,000000,8.29,8.45,8.27,8.4,33002,0
HDRO.US,D,20230602,000000,8.49,8.6,8.46,8.57,25394,0
HDRO.US,D,20230605,000000,8.55,8.59,8.46,8.49,17457,0
HDRO.US,D,20230606,000000,8.44,8.62,8.42,8.56,31788,0
HDRO.US,D,20230607,000000,8.6,8.71,8.59,8.64,128285,0
HDRO.US,D,20230608,000000,8.65,8.65,8.56,8.56,27936,0
HDRO.US,D,20230609,000000,8.69,8.69,8.5571,8.59,48484,0
HDRO.US,D,20230612,000000,8.69,9,8.64,9,36255,0
HDRO.US,D,20230613,000000,9.06,9.2,9,9.14,21054,0
HDRO.US,D,20230614,000000,9.26,9.26,8.86,8.87,34819,0
HDRO.US,D,20230615,000000,8.76,9.05,8.76,8.98,29944,0
HDRO.US,D,20230616,000000,8.99,9.01,8.855,8.88,6377,0
HDRO.US,D,20230620,000000,8.83,8.8352,8.66,8.69,20762,0
HDRO.US,D,20230621,000000,8.65,8.67,8.54,8.6,31554,0
HDRO.US,D,20230622,000000,8.48,8.5,8.43,8.48,9983,0
HDRO.US,D,20230623,000000,8.26,8.26,8.14,8.15,49200,0
HDRO.US,D,20230626,000000,8.14,8.24,8.06,8.06,48337,0
HDRO.US,D,20230627,000000,8.1,8.1499,8.036,8.1,24420,0
HDRO.US,D,20230628,000000,8.05,8.1999,8.05,8.11,18746,0
HDRO.US,D,20230629,000000,8.15,8.33,8.04,8.23,19439,0
HDRO.US,D,20230630,000000,8.33,8.3795,8.29,8.31,23981,0
HDRO.US,D,20230703,000000,8.3,8.4219,8.3,8.3331,9952,0
HDRO.US,D,20230705,000000,8.2,8.25,8.14,8.14,15918,0
HDRO.US,D,20230706,000000,8.18,8.18,7.92,7.9762,28456,0
HDRO.US,D,20230707,000000,8.03,8.29,8.03,8.16,19948,0
HDRO.US,D,20230710,000000,8.16,8.26,8.13,8.25,15435,0
HDRO.US,D,20230711,000000,8.43,8.46,8.34,8.44,31475,0
HDRO.US,D,20230712,000000,8.66,8.68,8.59,8.6,28587,0
HDRO.US,D,20230713,000000,8.77,8.98,8.77,8.915,23826,0
HDRO.US,D,20230714,000000,9,9.005,8.7301,8.7301,26777,0
HDRO.US,D,20230717,000000,8.71,8.98,8.71,8.9322,19293,0
HDRO.US,D,20230718,000000,9,9.1489,9,9.04,27495,0
HDRO.US,D,20230719,000000,9.11,9.1884,9.07,9.13,14765,0
HDRO.US,D,20230720,000000,9.04,9.08,8.94,8.99,18676,0
HDRO.US,D,20230721,000000,9.08,9.11,8.99,9.05,21107,0
HDRO.US,D,20230724,000000,9.01,9.0599,8.961,8.98,11588,0
HDRO.US,D,20230725,000000,8.91,8.91,8.79,8.82,21364,0
HDRO.US,D,20230726,000000,8.7,8.8299,8.67,8.82,37074,0
HDRO.US,D,20230727,000000,8.85,8.85,8.59,8.5947,30473,0
HDRO.US,D,20230728,000000,8.77,8.7808,8.69,8.73,12101,0
HDRO.US,D,20230731,000000,8.85,9.0409,8.85,9.02,19412,0
HDRO.US,D,20230801,000000,9,9,8.89,8.9,12856,0
HDRO.US,D,20230802,000000,8.75,8.75,8.485,8.57,12398,0
HDRO.US,D,20230803,000000,8.53,8.64,8.52,8.55,24416,0
HDRO.US,D,20230804,000000,8.59,8.64,8.44,8.45,22734,0
HDRO.US,D,20230807,000000,8.44,8.44,8.2506,8.35,11304,0
HDRO.US,D,20230808,000000,8.24,8.3,8.09,8.28,44486,0
HDRO.US,D,20230809,000000,8.35,8.35,8.25,8.25,25261,0
HDRO.US,D,20230810,000000,8.18,8.2485,8.031,8.07,14155,0
HDRO.US,D,20230811,000000,8.04,8.08,8,8.08,27152,0
HDRO.US,D,20230814,000000,8.01,8.12,7.91,8.05,26350,0
HDRO.US,D,20230815,000000,8.01,8.05,7.83,7.83,68858,0
HDRO.US,D,20230816,000000,7.78,7.82,7.661,7.68,38776,0
HDRO.US,D,20230817,000000,7.69,7.6999,7.58,7.58,17469,0
HDRO.US,D,20230818,000000,7.53,7.6033,7.47,7.57,14356,0
HDRO.US,D,20230821,000000,7.59,7.65,7.55,7.58,8554,0
HDRO.US,D,20230822,000000,7.59,7.62,7.44,7.46,52461,0
HDRO.US,D,20230823,000000,7.49,7.64,7.49,7.54,13681,0
HDRO.US,D,20230824,000000,7.61,7.61,7.41,7.4151,24430,0
HDRO.US,D,20230825,000000,7.46,7.53,7.425,7.53,38472,0
HDRO.US,D,20230828,000000,7.57,7.629,7.561,7.58,16274,0
HDRO.US,D,20230829,000000,7.54,7.83,7.54,7.83,11831,0
HDRO.US,D,20230830,000000,7.84,7.84,7.7425,7.75,11698,0
HDRO.US,D,20230831,000000,7.73,7.7752,7.6533,7.7,7267,0
HDRO.US,D,20230901,000000,7.68,7.71,7.6,7.64,19282,0
HDRO.US,D,20230905,000000,7.6,7.63,7.55,7.605,16667,0
HDRO.US,D,20230906,000000,7.59,7.59,7.465,7.5,8621,0
HDRO.US,D,20230907,000000,7.42,7.42,7.31,7.38,11403,0
HDRO.US,D,20230908,000000,7.46,7.46,7.31,7.33,15451,0
HDRO.US,D,20230911,000000,7.42,7.49,7.3645,7.43,9818,0
HDRO.US,D,20230912,000000,7.32,7.41,7.32,7.38,4953,0
HDRO.US,D,20230913,000000,7.36,7.4,7.34,7.36,6766,0
HDRO.US,D,20230914,000000,7.41,7.55,7.41,7.53,17647,0
HDRO.US,D,20230915,000000,7.59,7.59,7.32,7.32,76955,0
HDRO.US,D,20230918,000000,7.32,7.32,7.18,7.18,60101,0
HDRO.US,D,20230919,000000,7.25,7.3,7.18,7.22,37288,0
HDRO.US,D,20230920,000000,7.26,7.32,7.15,7.15,10564,0
HDRO.US,D,20230921,000000,7.04,7.04,6.85,6.87,33101,0
HDRO.US,D,20230922,000000,6.9,6.9,6.79,6.8,21022,0
HDRO.US,D,20230925,000000,6.73,6.75,6.65,6.7047,16197,0
HDRO.US,D,20230926,000000,6.57,6.58,6.5,6.53,19498,0
HDRO.US,D,20230927,000000,6.6,6.67,6.56,6.56,33849,0
HDRO.US,D,20230928,000000,6.56,6.615,6.5,6.56,20077,0
HDRO.US,D,20230929,000000,6.64,6.68,6.58,6.62,14962,0
HDRO.US,D,20231002,000000,6.58,6.58,6.2865,6.3073,14856,0
HDRO.US,D,20231003,000000,6.23,6.23,6.16,6.183,14751,0
HDRO.US,D,20231004,000000,6.18,6.24,6.07,6.2138,40572,0
HDRO.US,D,20231005,000000,6.21,6.21,6.063,6.1539,11779,0
HDRO.US,D,20231006,000000,6.08,6.3,6.06,6.272,15428,0
HDRO.US,D,20231009,000000,6.22,6.22,6.05,6.12,12481,0
HDRO.US,D,20231010,000000,6.14,6.44,6.14,6.42,28657,0
HDRO.US,D,20231011,000000,6.5,6.58,6.401,6.4648,40938,0
HDRO.US,D,20231012,000000,6.47,6.47,6.28,6.293,11252,0
HDRO.US,D,20231013,000000,6.31,6.37,6.201,6.24,17395,0
HDRO.US,D,20231016,000000,6.28,6.38,6.2442,6.38,23530,0
HDRO.US,D,20231017,000000,6.29,6.48,6.29,6.41,10958,0
HDRO.US,D,20231018,000000,6.34,6.34,6.13,6.13,18456,0
HDRO.US,D,20231019,000000,6.14,6.15,6,6.02,41559,0
HDRO.US,D,20231020,000000,5.99,5.99,5.8604,5.8687,18805,0
HDRO.US,D,20231023,000000,5.73,5.87,5.71,5.76,21857,0
HDRO.US,D,20231024,000000,5.85,6,5.85,5.96,21015,0
HDRO.US,D,20231025,000000,5.83,5.83,5.75,5.75,15201,0
HDRO.US,D,20231026,000000,5.74,5.765,5.62,5.71,14753,0
HDRO.US,D,20231027,000000,5.73,5.73,5.52,5.56,18241,0
HDRO.US,D,20231030,000000,5.64,5.68,5.538,5.63,27727,0
HDRO.US,D,20231031,000000,5.63,5.7,5.6299,5.6941,12216,0
HDRO.US,D,20231101,000000,5.68,5.6998,5.6101,5.6918,19268,0
HDRO.US,D,20231102,000000,5.87,6.04,5.87,6.03,19818,0
HDRO.US,D,20231103,000000,6.19,6.348,6.19,6.25,15256,0
HDRO.US,D,20231106,000000,6.33,6.33,6.1,6.17,15261,0
HDRO.US,D,20231107,000000,6.06,6.06,5.95,6.02,34735,0
HDRO.US,D,20231108,000000,6.02,6.02,5.93,5.96,15713,0
HDRO.US,D,20231109,000000,6.06,6.17,5.97,5.98,8734,0
HDRO.US,D,20231110,000000,5.7,5.7,5.55,5.63,50250,0
HDRO.US,D,20231113,000000,5.54,5.64,5.53,5.63,78785,0
HDRO.US,D,20231114,000000,5.89,6.15,5.88,6.1,20749,0
HDRO.US,D,20231115,000000,6.16,6.2625,6.15,6.18,16713,0
HDRO.US,D,20231116,000000,6.14,6.14,6.036,6.08,10254,0
HDRO.US,D,20231117,000000,6.15,6.15,6.02,6.1271,19126,0
HDRO.US,D,20231120,000000,6.19,6.25,6.13,6.25,28672,0
HDRO.US,D,20231121,000000,6.24,6.24,6.05,6.07,13976,0
HDRO.US,D,20231122,000000,6.13,6.13,6.03,6.065,16236,0
HDRO.US,D,20231124,000000,6.08,6.16,6.05,6.14,13921,0
HDRO.US,D,20231127,000000,6.17,6.17,6.104,6.14,9683,0
HDRO.US,D,20231128,000000,6.09,6.18,6.01,6.14,11601,0
HDRO.US,D,20231129,000000,6.2,6.32,6.2,6.26,45019,0
HDRO.US,D,20231130,000000,6.25,6.3399,6.2238,6.2749,10430,0
HDRO.US,D,20231201,000000,6.12,6.4,6.1,6.4,49586,0
HDRO.US,D,20231204,000000,6.39,6.4894,6.35,6.4,54984,0
HDRO.US,D,20231205,000000,6.42,6.42,6.25,6.25,16304,0
HDRO.US,D,20231206,000000,6.24,6.28,6.155,6.16,19969,0
HDRO.US,D,20231207,000000,6.15,6.15,6.1097,6.12,8189,0
HDRO.US,D,20231208,000000,6.12,6.22,6.1047,6.148,29614,0
HDRO.US,D,20231211,000000,6.11,6.11,6.0502,6.09,25943,0
HDRO.US,D,20231212,000000,6.08,6.08,6.01,6.07,22044,0
HDRO.US,D,20231213,000000,6.02,6.23,5.915,6.22,34483,0
HDRO.US,D,20231214,000000,6.32,6.54,6.32,6.49,48602,0
HDRO.US,D,20231215,000000,6.52,6.52,6.37,6.42,13350,0
HDRO.US,D,20231218,000000,6.39,6.45,6.27,6.27,33239,0
HDRO.US,D,20231219,000000,6.28,6.42,6.2702,6.37,31908,0
HDRO.US,D,20231220,000000,6.37,6.418,6.16,6.1788,39357,0
HDRO.US,D,20231221,000000,6.28,6.39,6.28,6.385,18337,0
HDRO.US,D,20231222,000000,6.33,6.4319,6.27,6.4,45756,0
HDRO.US,D,20231226,000000,6.48,6.55,6.4417,6.53,30981,0
HDRO.US,D,20231227,000000,6.6,6.83,6.6,6.63,71229,0
HDRO.US,D,20231228,000000,6.59,6.71,6.57,6.62,51350,0
HDRO.US,D,20231229,000000,6.57,6.585,6.45,6.45,26357,0
HDRO.US,D,20240102,000000,6.42,6.53,6.36,6.38,36491,0
HDRO.US,D,20240103,000000,6.31,6.49,6.2,6.26,15447,0
HDRO.US,D,20240104,000000,6.23,6.2717,6.19,6.24,7313,0
HDRO.US,D,20240105,000000,6.19,6.31,6.05,6.15,28384,0
HDRO.US,D,20240108,000000,6.14,6.22,6.06,6.17,18635,0
HDRO.US,D,20240109,000000,6.15,6.15,6.06,6.08,22871,0
HDRO.US,D,20240110,000000,6.14,6.14,6,6.04,58665,0
HDRO.US,D,20240111,000000,6.03,6.03,5.83,5.9,22784,0
HDRO.US,D,20240112,000000,5.91,5.95,5.77,5.77,25078,0
HDRO.US,D,20240116,000000,5.74,5.74,5.5,5.5,38357,0
HDRO.US,D,20240117,000000,5.38,5.39,5.27,5.31,54726,0
HDRO.US,D,20240118,000000,5.36,5.47,5.33,5.4,35121,0
HDRO.US,D,20240119,000000,5.36,5.44,5.27,5.4,15161,0
HDRO.US,D,20240122,000000,5.4,5.59,5.4,5.47,36305,0
HDRO.US,D,20240123,000000,5.59,5.784,5.59,5.77,22978,0
HDRO.US,D,20240124,000000,5.84,5.8525,5.6448,5.659,19381,0
HDRO.US,D,20240125,000000,5.7,5.7,5.581,5.64,13247,0
HDRO.US,D,20240126,000000,5.62,5.7036,5.62,5.62,25255,0
HDRO.US,D,20240129,000000,5.58,5.73,5.55,5.69,13086,0
HDRO.US,D,20240130,000000,5.65,5.65,5.54,5.56,40404,0
HDRO.US,D,20240131,000000,5.7,5.9499,5.7,5.74,50244,0
HDRO.US,D,20240201,000000,5.86,5.98,5.7579,5.86,18618,0
HDRO.US,D,20240202,000000,5.82,5.83,5.7327,5.77,28468,0
HDRO.US,D,20240205,000000,5.69,5.69,5.5,5.5783,43273,0
HDRO.US,D,20240206,000000,5.52,5.62,5.5,5.58,34151,0
HDRO.US,D,20240207,000000,5.6,5.6,5.51,5.53,20151,0
HDRO.US,D,20240208,000000,5.55,5.5772,5.51,5.56,11094,0
HDRO.US,D,20240209,000000,5.5,5.6047,5.48,5.58,15195,0
HDRO.US,D,20240212,000000,5.6,5.82,5.6,5.814,15566,0
HDRO.US,D,20240213,000000,5.6,5.6599,5.4699,5.52,14811,0
HDRO.US,D,20240214,000000,5.59,5.64,5.53,5.64,33671,0
HDRO.US,D,20240215,000000,5.63,5.65,5.57,5.6202,17370,0
HDRO.US,D,20240216,000000,5.5,5.53,5.44,5.47,14982,0
HDRO.US,D,20240220,000000,5.42,5.45,5.35,5.35,32729,0
HDRO.US,D,20240221,000000,5.33,5.39,5.3,5.3282,35757,0
HDRO.US,D,20240222,000000,5.38,5.38,5.2,5.23,74665,0
HDRO.US,D,20240223,000000,5.2,5.2,5.07,5.09,76105,0
HDRO.US,D,20240226,000000,5.07,5.14,5.03,5.09,38290,0
HDRO.US,D,20240227,000000,5.18,5.32,5.161,5.32,23354,0
HDRO.US,D,20240228,000000,5.25,5.3,5.211,5.22,17039,0
HDRO.US,D,20240229,000000,5.27,5.43,5.25,5.25,33797,0
HDRO.US,D,20240301,000000,5.25,5.43,5.21,5.4,22200,0
HDRO.US,D,20240304,000000,5.42,5.42,5.3001,5.38,15149,0
HDRO.US,D,20240305,000000,5.3,5.33,5.25,5.25,15697,0
HDRO.US,D,20240306,000000,5.36,5.48,5.3001,5.46,26404,0
HDRO.US,D,20240307,000000,5.46,5.5,5.4,5.48,84007,0
HDRO.US,D,20240308,000000,5.51,5.55,5.44,5.45,33058,0
HDRO.US,D,20240311,000000,5.45,5.47,5.33,5.33,10011,0
HDRO.US,D,20240312,000000,5.36,5.38,5.25,5.3,28258,0
HDRO.US,D,20240313,000000,5.26,5.31,5.17,5.17,22048,0
HDRO.US,D,20240314,000000,5.25,5.33,5.12,5.15,82991,0
HDRO.US,D,20240315,000000,5.15,5.18,5.09,5.11,53225,0
HDRO.US,D,20240318,000000,5.18,5.185,5.15,5.17,7316,0
HDRO.US,D,20240319,000000,5.09,5.1,5.01,5.03,16720,0
HDRO.US,D,20240320,000000,5,5.24,5,5.1929,29710,0
HDRO.US,D,20240321,000000,5.22,5.28,5.1839,5.224,29942,0
HDRO.US,D,20240322,000000,5.22,5.22,5.11,5.1414,18642,0
HDRO.US,D,20240325,000000,5.16,5.1999,5.145,5.145,5659,0
HDRO.US,D,20240326,000000,5.2,5.23,5.17,5.17,21963,0
HDRO.US,D,20240327,000000,5.2,5.3,5.17,5.28,5870,0
HDRO.US,D,20240328,000000,5.27,5.33,5.27,5.27,4940,0
HDRO.US,D,20240401,000000,5.33,5.39,5.33,5.39,22109,0
HDRO.US,D,20240402,000000,5.32,5.34,5.23,5.29,13146,0
HDRO.US,D,20240403,000000,5.27,5.34,5.2603,5.34,15589,0
HDRO.US,D,20240404,000000,5.39,5.49,5.28,5.28,22253,0
HDRO.US,D,20240405,000000,5.28,5.33,5.26,5.33,8082,0
HDRO.US,D,20240408,000000,5.33,5.405,5.33,5.34,35761,0
HDRO.US,D,20240409,000000,5.4,5.58,5.4,5.52,31609,0
HDRO.US,D,20240410,000000,5.3,5.3,5.2,5.22,15791,0
HDRO.US,D,20240411,000000,5.26,5.26,5.15,5.25,16733,0
HDRO.US,D,20240412,000000,5.16,5.1825,5.04,5.04,18939,0
HDRO.US,D,20240415,000000,5.06,5.0632,4.91,4.913,22325,0
HDRO.US,D,20240416,000000,4.94,4.94,4.8,4.8491,35256,0
HDRO.US,D,20240417,000000,4.85,4.85,4.7538,4.77,20267,0
HDRO.US,D,20240418,000000,4.86,4.91,4.78,4.8171,14717,0
HDRO.US,D,20240419,000000,4.8,4.83,4.72,4.72,38857,0
HDRO.US,D,20240422,000000,4.75,4.78,4.67,4.73,49104,0
HDRO.US,D,20240423,000000,4.74,4.87,4.74,4.83,16973,0
HDRO.US,D,20240424,000000,4.82,4.82,4.68,4.74,13024,0
HDRO.US,D,20240425,000000,4.66,4.7,4.57,4.7,10988,0
HDRO.US,D,20240426,000000,4.73,4.83,4.73,4.8,7426,0
HDRO.US,D,20240429,000000,4.88,5.02,4.88,5,10722,0
HDRO.US,D,20240430,000000,4.94,4.9599,4.9,4.94,10353,0
HDRO.US,D,20240501,000000,4.94,5.03,4.88,4.94,5597,0
HDRO.US,D,20240502,000000,4.99,5.0068,4.91,5.0068,7161,0
HDRO.US,D,20240503,000000,5.09,5.21,5.09,5.13,31332,0
HDRO.US,D,20240506,000000,5.18,5.24,5.18,5.22,15905,0
HDRO.US,D,20240507,000000,5.2,5.26,5.19,5.19,21695,0
HDRO.US,D,20240508,000000,5.11,5.17,5.11,5.17,7225,0
HDRO.US,D,20240509,000000,5.17,5.26,5.17,5.25,10047,0
HDRO.US,D,20240510,000000,5.3,5.38,5.1501,5.16,15672,0
HDRO.US,D,20240513,000000,5.16,5.3,5.16,5.2581,9029,0
HDRO.US,D,20240514,000000,5.56,5.64,5.5,5.52,44809,0
HDRO.US,D,20240515,000000,5.63,5.66,5.43,5.545,12879,0
HDRO.US,D,20240516,000000,5.56,5.59,5.46,5.51,21671,0
HDRO.US,D,20240517,000000,5.44,5.5095,5.43,5.47,14607,0
HDRO.US,D,20240520,000000,5.48,5.5,5.4401,5.5,12973,0
HDRO.US,D,20240521,000000,5.48,5.61,5.48,5.61,7960,0
HDRO.US,D,20240522,000000,5.7,6.0032,5.67,5.93,87723,0
HDRO.US,D,20240523,000000,6.11,6.17,5.89,5.92,72380,0
HDRO.US,D,20240524,000000,5.97,6.08,5.92,6.08,85171,0
HDRO.US,D,20240528,000000,6.43,6.47,6.29,6.34,141699,0
HDRO.US,D,20240529,000000,6.21,6.21,6.07,6.11,142469,0
HDRO.US,D,20240530,000000,6.12,6.16,6.06,6.07,148159,0
HDRO.US,D,20240531,000000,6.27,6.36,6.17,6.19,141587,0
HDRO.US,D,20240603,000000,6.31,6.37,6.24,6.27,25966,0
HDRO.US,D,20240604,000000,6.16,6.16,6,6,116542,0
HDRO.US,D,20240605,000000,6.04,6.04,5.91,6.02,39018,0
HDRO.US,D,20240606,000000,5.97,5.97,5.87,5.93,18056,0
HDRO.US,D,20240607,000000,5.85,5.89,5.76,5.8,8543,0
HDRO.US,D,20240610,000000,5.73,5.91,5.73,5.9,34557,0
HDRO.US,D,20240611,000000,5.85,5.85,5.65,5.68,92713,0
HDRO.US,D,20240612,000000,5.78,5.92,5.72,5.73,7483,0
HDRO.US,D,20240613,000000,5.7799,5.7799,5.59,5.65,21594,0
HDRO.US,D,20240614,000000,5.55,5.55,5.36,5.41,53889,0
HDRO.US,D,20240617,000000,5.38,5.4,5.31,5.34,88143,0
HDRO.US,D,20240618,000000,5.36,5.3901,5.35,5.36,14581,0
HDRO.US,D,20240620,000000,5.35,5.44,5.35,5.36,120046,0
HDRO.US,D,20240621,000000,5.39,5.39,5.21,5.21,33755,0
