<TICKER>,<PER>,<DATE>,<TIME>,<OPEN>,<HIGH>,<LOW>,<CLOSE>,<VOL>,<OPENINT>
HIGH.US,D,20221031,000000,25.1,27.17,25.0668,25.07,13918,0
HIGH.US,D,20221101,000000,25.25,25.25,25.07,25.1349,6433,0
HIGH.US,D,20221102,000000,25.19,25.26,25.13,25.23,16320,0
HIGH.US,D,20221103,000000,25.4212,25.4212,25.245,25.2936,16878,0
HIGH.US,D,20221104,000000,25.292,25.37,25.14,25.14,7640,0
HIGH.US,D,20221107,000000,25.26,25.28,25.155,25.1691,10222,0
HIGH.US,D,20221108,000000,25.1785,25.23,25.06,25.1372,7929,0
HIGH.US,D,20221109,000000,25.1,25.1,25.0225,25.0225,2620,0
HIGH.US,D,20221110,000000,25.145,25.1654,25.08,25.08,1370,0
HIGH.US,D,20221111,000000,25.21,25.24,25.07,25.1551,5842,0
HIGH.US,D,20221114,000000,25.23,25.23,25.15,25.175,2537,0
HIGH.US,D,20221115,000000,25.18,25.23,25.08,25.09,4382,0
HIGH.US,D,20221116,000000,25.195,25.205,25.15,25.205,1813,0
HIGH.US,D,20221117,000000,25.215,25.215,25.213,25.213,1331,0
HIGH.US,D,20221118,000000,25.22,25.225,25.19,25.213,2209,0
HIGH.US,D,20221121,000000,24.5,25.31,24.5,25.2849,6672,0
HIGH.US,D,20221122,000000,25.29,25.29,25.1785,25.1785,3295,0
HIGH.US,D,20221123,000000,25.1475,25.1781,25.13,25.1781,3465,0
HIGH.US,D,20221125,000000,25.105,25.149,25.07,25.149,4270,0
HIGH.US,D,20221128,000000,25.16,25.24,25.16,25.21,17681,0
HIGH.US,D,20221129,000000,25.22,25.22,25.22,25.22,938,0
HIGH.US,D,20221130,000000,25.26,25.3,24.99,24.99,4273,0
HIGH.US,D,20221201,000000,24.97,25.06,24.76,24.76,9902,0
HIGH.US,D,20221202,000000,24.945,25.04,24.73,24.73,771,0
HIGH.US,D,20221205,000000,24.8917,24.895,24.8917,24.895,424,0
HIGH.US,D,20221206,000000,24.87,24.9036,24.79,24.8634,3484,0
HIGH.US,D,20221207,000000,24.83,24.8688,24.83,24.8688,2032,0
HIGH.US,D,20221208,000000,24.89,24.9699,24.89,24.93,1660,0
HIGH.US,D,20221209,000000,24.965,25,24.9479,24.95,24688,0
HIGH.US,D,20221212,000000,24.95,24.95,24.935,24.935,254,0
HIGH.US,D,20221213,000000,24.99,24.99,24.955,24.955,267,0
HIGH.US,D,20221214,000000,24.93,24.955,24.93,24.955,1011,0
HIGH.US,D,20221215,000000,24.9159,24.955,24.9159,24.955,138,0
HIGH.US,D,20221216,000000,24.84,24.8863,24.829,24.8863,604,0
HIGH.US,D,20221219,000000,24.8194,24.8194,24.8194,24.8194,190,0
HIGH.US,D,20221220,000000,24.82,24.8645,24.82,24.8645,2862,0
HIGH.US,D,20221221,000000,25.05,25.05,24.97,25.015,2606,0
HIGH.US,D,20221222,000000,25,25,24.65,24.9046,5994,0
HIGH.US,D,20221223,000000,25,25.0011,25,25.0011,278,0
HIGH.US,D,20221227,000000,24.7622,24.9545,24.75,24.9545,1387,0
HIGH.US,D,20221228,000000,24.9,24.9,24.85,24.887,2349,0
HIGH.US,D,20221229,000000,25,25.04,25,25.02,446,0
HIGH.US,D,20221230,000000,25,25.0123,24.97,25.0123,839,0
HIGH.US,D,20230103,000000,25.0261,25.03,24.97,25.0218,2073,0
HIGH.US,D,20230104,000000,25.05,25.1,25.05,25.0698,397,0
HIGH.US,D,20230105,000000,25.06,25.07,25.0393,25.0393,854,0
HIGH.US,D,20230106,000000,25.1072,25.115,25.105,25.105,295,0
HIGH.US,D,20230109,000000,25.1599,25.16,25.125,25.125,920,0
HIGH.US,D,20230110,000000,25.125,25.125,25.125,25.125,15,0
HIGH.US,D,20230111,000000,25.1001,25.14,25.1,25.14,820,0
HIGH.US,D,20230112,000000,25.125,25.125,25.125,25.125,112,0
HIGH.US,D,20230113,000000,25.2024,25.2239,25.19,25.2239,979,0
HIGH.US,D,20230117,000000,25.2183,25.265,25.2183,25.265,1036,0
HIGH.US,D,20230118,000000,25.27,25.27,25.1988,25.1988,13209,0
HIGH.US,D,20230119,000000,25.1,25.17,25.1,25.17,407,0
HIGH.US,D,20230120,000000,25.2001,25.2661,25.2001,25.2661,579,0
HIGH.US,D,20230123,000000,25.31,25.32,25.26,25.2703,1081,0
HIGH.US,D,20230124,000000,25.29,25.29,25.29,25.29,14,0
HIGH.US,D,20230125,000000,25.32,25.32,25.29,25.29,727,0
HIGH.US,D,20230126,000000,25.125,25.125,25.125,25.125,80,0
HIGH.US,D,20230127,000000,25.18,25.18,25.145,25.145,212,0
HIGH.US,D,20230130,000000,25.0753,25.0753,25.0753,25.0753,41,0
HIGH.US,D,20230131,000000,25.095,25.095,25.095,25.095,35,0
HIGH.US,D,20230201,000000,25.12,25.16,25.12,25.16,315,0
HIGH.US,D,20230202,000000,25.154,25.18,25.145,25.16,1883,0
HIGH.US,D,20230203,000000,25.175,25.19,25.175,25.1881,1087,0
HIGH.US,D,20230206,000000,25.19,25.19,25.15,25.15,576,0
HIGH.US,D,20230207,000000,25.18,25.19,25.1597,25.16,2787,0
HIGH.US,D,20230208,000000,25.16,25.16,25.11,25.1224,36718,0
HIGH.US,D,20230209,000000,25.1,25.1,24.99,24.9937,3359,0
HIGH.US,D,20230210,000000,24.96,25.0649,24.96,25.0649,516,0
HIGH.US,D,20230213,000000,25.12,25.1903,25.1,25.1903,1775,0
HIGH.US,D,20230214,000000,25.23,25.29,25.23,25.2698,2278,0
HIGH.US,D,20230215,000000,25.28,25.295,25.28,25.295,355,0
HIGH.US,D,20230216,000000,25.29,25.34,25.246,25.246,3067,0
HIGH.US,D,20230217,000000,25.232,25.3017,25.23,25.3017,4357,0
HIGH.US,D,20230221,000000,25.26,25.26,25.2157,25.2157,1802,0
HIGH.US,D,20230222,000000,25.31,25.31,25.305,25.305,756,0
HIGH.US,D,20230223,000000,25.1,25.22,25.1,25.148,1925,0
HIGH.US,D,20230224,000000,25.17,25.17,25.15,25.15,20826,0
HIGH.US,D,20230227,000000,25.17,25.17,25.14,25.155,22295,0
HIGH.US,D,20230228,000000,26.4,26.4,25.15,25.1784,15615,0
HIGH.US,D,20230301,000000,25.3,25.3,25.15,25.155,3321,0
HIGH.US,D,20230302,000000,25.17,25.17,25.15,25.16,2067,0
HIGH.US,D,20230303,000000,25.17,25.17,25.1401,25.16,31472,0
HIGH.US,D,20230306,000000,25.19,25.1917,25.1485,25.165,15292,0
HIGH.US,D,20230307,000000,25.1998,25.2,25.17,25.17,3427,0
HIGH.US,D,20230308,000000,25.2,25.22,25.1866,25.1866,2959,0
HIGH.US,D,20230309,000000,25.18,25.23,25.18,25.22,1883,0
HIGH.US,D,20230310,000000,25.2783,25.2799,25.24,25.26,1920,0
HIGH.US,D,20230313,000000,25.2,25.34,24.84,25.34,1339,0
HIGH.US,D,20230314,000000,25.27,25.3601,25.06,25.1418,8938,0
HIGH.US,D,20230315,000000,25.08,25.15,25.08,25.1397,6235,0
HIGH.US,D,20230316,000000,25.1363,25.1363,25.1053,25.1053,506,0
HIGH.US,D,20230317,000000,25.19,25.19,25.145,25.145,661,0
HIGH.US,D,20230320,000000,25.21,25.21,25.14,25.14,4903,0
HIGH.US,D,20230321,000000,25.14,25.15,25.0981,25.0981,2038,0
HIGH.US,D,20230322,000000,26.34,26.34,25.14,25.16,1452,0
HIGH.US,D,20230323,000000,25.15,25.24,25.143,25.2201,5327,0
HIGH.US,D,20230324,000000,25.21,25.2399,25.2,25.2197,21521,0
HIGH.US,D,20230327,000000,25.12,25.12,24.95,24.9896,43251,0
HIGH.US,D,20230328,000000,25.03,25.038,25.02,25.02,1245,0
HIGH.US,D,20230329,000000,24.98,25,24.97,24.99,12185,0
HIGH.US,D,20230330,000000,24.99,25.005,24.98,24.9876,51662,0
HIGH.US,D,20230331,000000,25,25,24.9116,24.9354,20219,0
HIGH.US,D,20230403,000000,24.9515,25,24.9515,24.975,1241,0
HIGH.US,D,20230404,000000,24.95,25,24.95,24.985,16240,0
HIGH.US,D,20230405,000000,24.98,25,24.96,24.98,9596,0
HIGH.US,D,20230406,000000,24.98,24.98,24.98,24.98,178,0
HIGH.US,D,20230410,000000,25.02,25.05,25.0134,25.0395,2578,0
HIGH.US,D,20230411,000000,25.0414,25.0414,25.03,25.04,136999,0
HIGH.US,D,20230412,000000,25.0499,25.0499,25.04,25.04,1415,0
HIGH.US,D,20230413,000000,25.05,25.06,25.0444,25.0569,2376,0
HIGH.US,D,20230414,000000,24.87,25.0803,24.87,25.0803,6644,0
HIGH.US,D,20230417,000000,25.0899,25.09,25.075,25.08,2941,0
HIGH.US,D,20230418,000000,24.99,25.1,24.99,25.0682,3503,0
HIGH.US,D,20230419,000000,25.05,25.1,25.05,25.0845,2426,0
HIGH.US,D,20230420,000000,25.07,25.1,25.07,25.1,1544,0
HIGH.US,D,20230421,000000,25.105,25.1699,25.1043,25.1327,7519,0
HIGH.US,D,20230424,000000,25.1201,25.1201,25.08,25.08,6563,0
HIGH.US,D,20230425,000000,24.8998,24.9,24.84,24.87,23267,0
HIGH.US,D,20230426,000000,24.96,24.96,24.85,24.88,6505,0
HIGH.US,D,20230427,000000,24.95,24.97,24.93,24.94,10441,0
HIGH.US,D,20230428,000000,24.9306,24.98,24.93,24.9724,3198,0
HIGH.US,D,20230501,000000,25.04,25.04,24.99,25.02,5337,0
HIGH.US,D,20230502,000000,24.95,24.98,24.93,24.9591,7028,0
HIGH.US,D,20230503,000000,24.9799,25.01,24.92,24.92,5424,0
HIGH.US,D,20230504,000000,24.97,24.99,24.965,24.965,1476,0
HIGH.US,D,20230505,000000,24.98,25.01,24.98,24.99,1029,0
HIGH.US,D,20230508,000000,25.035,25.06,25.035,25.045,992,0
HIGH.US,D,20230509,000000,25.06,25.08,25.03,25.03,3361,0
HIGH.US,D,20230510,000000,25.065,25.0799,25.03,25.05,45132,0
HIGH.US,D,20230511,000000,25.0537,25.08,25.0534,25.0534,2968,0
HIGH.US,D,20230512,000000,25.05,25.07,25.035,25.035,2778,0
HIGH.US,D,20230515,000000,25.07,25.1,25.05,25.1,4108,0
HIGH.US,D,20230516,000000,25.09,25.14,25.04,25.1191,10961,0
HIGH.US,D,20230517,000000,25.13,25.14,25.125,25.125,2704,0
HIGH.US,D,20230518,000000,25.13,25.15,25.13,25.13,5006,0
HIGH.US,D,20230519,000000,25.14,25.14,25.13,25.14,547,0
HIGH.US,D,20230522,000000,25.15,25.1899,25.12,25.12,7047,0
HIGH.US,D,20230523,000000,25.125,25.1399,25.11,25.1399,476,0
HIGH.US,D,20230524,000000,25.13,25.1301,25.07,25.11,5602,0
HIGH.US,D,20230525,000000,25.11,25.11,24.94,24.975,50460,0
HIGH.US,D,20230526,000000,25.02,25.035,25.0011,25.035,6480,0
HIGH.US,D,20230530,000000,25.19,25.19,24.99,25.02,7174,0
HIGH.US,D,20230531,000000,25.03,25.04,24.9986,24.9986,3808,0
HIGH.US,D,20230601,000000,25,25.05,24.9724,25.0098,19572,0
HIGH.US,D,20230602,000000,25.05,25.09,25.04,25.09,5948,0
HIGH.US,D,20230605,000000,25.19,25.19,25.0896,25.11,5191,0
HIGH.US,D,20230606,000000,25.1,25.125,25.08,25.125,4011,0
HIGH.US,D,20230607,000000,25.13,25.13,25.0813,25.105,7092,0
HIGH.US,D,20230608,000000,25.1,25.1,25.08,25.09,10446,0
HIGH.US,D,20230609,000000,25.13,25.15,25.1,25.145,4869,0
HIGH.US,D,20230612,000000,25.18,25.19,25.12,25.14,24019,0
HIGH.US,D,20230613,000000,25.19,25.19,25.12,25.14,6452,0
HIGH.US,D,20230614,000000,25.19,25.19,25.155,25.155,2898,0
HIGH.US,D,20230615,000000,25.16,25.17,25.15,25.16,9258,0
HIGH.US,D,20230616,000000,25.19,25.19,25.1615,25.165,4023,0
HIGH.US,D,20230620,000000,25.17,25.19,25.165,25.175,9155,0
HIGH.US,D,20230621,000000,25.19,25.2693,25.1601,25.26,11656,0
HIGH.US,D,20230622,000000,25.19,25.2199,25.16,25.19,13134,0
HIGH.US,D,20230623,000000,25.25,25.71,25.1601,25.205,16839,0
HIGH.US,D,20230626,000000,25.2,25.2,25.16,25.195,24858,0
HIGH.US,D,20230627,000000,25.01,25.01,25,25.005,5072,0
HIGH.US,D,20230628,000000,25.01,25.03,24.97,25.03,31351,0
HIGH.US,D,20230629,000000,25.01,25.01,24.96,25.01,294282,0
HIGH.US,D,20230630,000000,25,25.0265,25,25.02,24181,0
HIGH.US,D,20230703,000000,25.03,25.03,24.96,25.03,19687,0
HIGH.US,D,20230705,000000,25.03,25.03,25.01,25.015,7181,0
HIGH.US,D,20230706,000000,25.0245,25.03,25.02,25.025,37079,0
HIGH.US,D,20230707,000000,25.04,25.04,25.01,25.035,28006,0
HIGH.US,D,20230710,000000,25.03,25.06,25,25.02,377509,0
HIGH.US,D,20230711,000000,25.035,25.05,25.02,25.03,16125,0
HIGH.US,D,20230712,000000,25.038,25.05,25.018,25.04,14251,0
HIGH.US,D,20230713,000000,25.04,25.06,25.03,25.06,23188,0
HIGH.US,D,20230714,000000,25.04,25.06,25.03,25.03,53224,0
HIGH.US,D,20230717,000000,25.11,25.11,25.02,25.07,65991,0
HIGH.US,D,20230718,000000,25.0797,25.08,25.05,25.05,103131,0
HIGH.US,D,20230719,000000,25.1,25.1,25.02,25.07,15223,0
HIGH.US,D,20230720,000000,25.09,25.1,25.07,25.098,73395,0
HIGH.US,D,20230721,000000,25.14,25.14,25.04,25.04,27842,0
HIGH.US,D,20230724,000000,25.08,25.13,25.0799,25.13,15047,0
HIGH.US,D,20230725,000000,25.16,25.16,25.092,25.1299,30247,0
HIGH.US,D,20230726,000000,24.97,24.97,24.9,24.92,49652,0
HIGH.US,D,20230727,000000,24.95,24.96,24.92,24.92,29133,0
HIGH.US,D,20230728,000000,24.9245,24.99,24.9149,24.98,30015,0
HIGH.US,D,20230731,000000,25.24,25.24,24.91,24.98,70760,0
HIGH.US,D,20230801,000000,25.47,25.47,24.9302,24.96,32851,0
HIGH.US,D,20230802,000000,24.98,24.98,24.9201,24.94,47553,0
HIGH.US,D,20230803,000000,25.57,25.57,24.91,24.93,42092,0
HIGH.US,D,20230804,000000,24.955,24.98,24.92,24.9215,23273,0
HIGH.US,D,20230807,000000,24.91,25.0092,24.91,25.0092,34293,0
HIGH.US,D,20230808,000000,24.92,24.98,24.92,24.9644,10528,0
HIGH.US,D,20230809,000000,24.9831,25.11,24.92,24.96,28850,0
HIGH.US,D,20230810,000000,24.92,25.01,24.92,24.9659,17925,0
HIGH.US,D,20230811,000000,24.95,25.03,24.95,25.03,20752,0
HIGH.US,D,20230814,000000,25.01,25.09,25.01,25.046,31429,0
HIGH.US,D,20230815,000000,25.06,25.07,25.0157,25.03,51027,0
HIGH.US,D,20230816,000000,25.05,25.05,24.95,24.99,29072,0
HIGH.US,D,20230817,000000,24.96,25,24.9501,24.97,31183,0
HIGH.US,D,20230818,000000,24.98,25.02,24.9699,25.01,134082,0
HIGH.US,D,20230821,000000,24.99,25.02,24.9562,25.0145,22592,0
HIGH.US,D,20230822,000000,25.0101,25.07,25.01,25.01,32950,0
HIGH.US,D,20230823,000000,25.15,25.15,25.02,25.08,50194,0
HIGH.US,D,20230824,000000,25.06,25.07,25.01,25.07,20604,0
HIGH.US,D,20230825,000000,25.12,25.13,25.05,25.13,32769,0
HIGH.US,D,20230828,000000,24.94,24.96,24.91,24.96,82160,0
HIGH.US,D,20230829,000000,24.96,24.96,24.8852,24.895,47554,0
HIGH.US,D,20230830,000000,24.91,24.94,24.86,24.9128,98244,0
HIGH.US,D,20230831,000000,25.04,25.045,24.91,24.9594,42626,0
HIGH.US,D,20230901,000000,25.01,25.01,24.9499,24.99,93805,0
HIGH.US,D,20230905,000000,24.91,25.045,24.91,24.985,54560,0
HIGH.US,D,20230906,000000,25.1,25.1,24.95,24.95,78802,0
HIGH.US,D,20230907,000000,24.9665,25.01,24.9665,24.9906,25544,0
HIGH.US,D,20230908,000000,24.9917,25.03,24.97,25,373608,0
HIGH.US,D,20230911,000000,25.06,25.0699,25.01,25.04,64724,0
HIGH.US,D,20230912,000000,25.05,25.06,25.03,25.05,32994,0
HIGH.US,D,20230913,000000,25.06,25.07,25.02,25.02,45046,0
HIGH.US,D,20230914,000000,25.11,25.11,25.06,25.1,68360,0
HIGH.US,D,20230915,000000,25.13,25.13,25.02,25.1,57182,0
HIGH.US,D,20230918,000000,25.11,25.13,25.09,25.13,222206,0
HIGH.US,D,20230919,000000,25.13,25.15,25.03,25.03,129204,0
HIGH.US,D,20230920,000000,25.13,25.15,25.05,25.07,198983,0
HIGH.US,D,20230921,000000,25.28,25.28,25.07,25.09,170134,0
HIGH.US,D,20230922,000000,25.14,25.14,25.08,25.12,175058,0
HIGH.US,D,20230925,000000,25.14,25.23,25.04,25.14,412071,0
HIGH.US,D,20230926,000000,25.19,25.19,25.058,25.06,165866,0
HIGH.US,D,20230927,000000,24.95,24.95,24.86,24.95,392827,0
HIGH.US,D,20230928,000000,24.95,24.95,24.85,24.85,133854,0
HIGH.US,D,20230929,000000,24.9,24.98,24.84,24.88,312709,0
HIGH.US,D,20231002,000000,24.92,24.939,24.86,24.93,236965,0
HIGH.US,D,20231003,000000,24.91,24.91,24.77,24.77,354473,0
HIGH.US,D,20231004,000000,24.83,24.93,24.82,24.93,157958,0
HIGH.US,D,20231005,000000,24.94,24.94,24.85,24.88,89428,0
HIGH.US,D,20231006,000000,24.89,24.89,24.8301,24.87,206097,0
HIGH.US,D,20231009,000000,24.94,24.94,24.8797,24.92,95363,0
HIGH.US,D,20231010,000000,24.9,24.93,24.8931,24.92,63428,0
HIGH.US,D,20231011,000000,24.92,24.92,24.89,24.905,106265,0
HIGH.US,D,20231012,000000,24.91,24.92,24.9,24.92,87958,0
HIGH.US,D,20231013,000000,24.92,24.96,24.91,24.94,175470,0
HIGH.US,D,20231016,000000,24.97,24.97,24.93,24.97,165667,0
HIGH.US,D,20231017,000000,25.02,25.02,24.93,24.98,163086,0
HIGH.US,D,20231018,000000,24.99,25.02,24.93,24.94,191060,0
HIGH.US,D,20231019,000000,24.95,25,24.9201,25,186310,0
HIGH.US,D,20231020,000000,24.97,24.9799,24.92,24.94,103567,0
HIGH.US,D,20231023,000000,24.95,24.98,24.94,24.95,376325,0
HIGH.US,D,20231024,000000,24.98,24.98,24.94,24.98,171939,0
HIGH.US,D,20231025,000000,24.97,24.97,24.92,24.94,328230,0
HIGH.US,D,20231026,000000,24.89,24.89,24.735,24.74,394696,0
HIGH.US,D,20231027,000000,24.77,24.8016,24.74,24.75,199007,0
HIGH.US,D,20231030,000000,24.77,24.81,24.75,24.81,218103,0
HIGH.US,D,20231031,000000,24.8,24.8,24.72,24.725,778499,0
HIGH.US,D,20231101,000000,24.77,24.77,24.71,24.75,324583,0
HIGH.US,D,20231102,000000,24.79,24.79,24.695,24.7,253644,0
HIGH.US,D,20231103,000000,24.75,24.76,24.71,24.74,141529,0
HIGH.US,D,20231106,000000,24.75,24.75,24.73,24.74,133652,0
HIGH.US,D,20231107,000000,24.75,24.75,24.73,24.74,214014,0
HIGH.US,D,20231108,000000,24.73,24.76,24.73,24.76,228312,0
HIGH.US,D,20231109,000000,24.75,24.77,24.74,24.77,791156,0
HIGH.US,D,20231110,000000,24.75,24.78,24.75,24.77,171874,0
HIGH.US,D,20231113,000000,24.77,24.79,24.75,24.79,169503,0
HIGH.US,D,20231114,000000,24.81,24.81,24.72,24.735,334571,0
HIGH.US,D,20231115,000000,24.73,24.74,24.7,24.74,281328,0
HIGH.US,D,20231116,000000,24.71,24.74,24.71,24.74,99445,0
HIGH.US,D,20231117,000000,24.71,24.74,24.7,24.74,298466,0
HIGH.US,D,20231120,000000,24.74,24.75,24.71,24.75,126980,0
HIGH.US,D,20231121,000000,24.75,24.76,24.75,24.76,93915,0
HIGH.US,D,20231122,000000,24.76,24.77,24.71,24.75,273302,0
HIGH.US,D,20231124,000000,24.76,24.76,24.73,24.74,59450,0
HIGH.US,D,20231127,000000,24.57,24.585,24.555,24.585,191592,0
HIGH.US,D,20231128,000000,24.58,24.5999,24.5601,24.58,123628,0
HIGH.US,D,20231129,000000,24.59,24.595,24.57,24.58,123579,0
HIGH.US,D,20231130,000000,24.59,24.59,24.57,24.58,93011,0
HIGH.US,D,20231201,000000,24.58,24.585,24.56,24.58,251379,0
HIGH.US,D,20231204,000000,24.58,24.58,24.56,24.58,128124,0
HIGH.US,D,20231205,000000,24.57,24.58,24.56,24.58,226229,0
HIGH.US,D,20231206,000000,24.58,24.61,24.575,24.6,210427,0
HIGH.US,D,20231207,000000,24.65,24.65,24.604,24.615,132468,0
HIGH.US,D,20231208,000000,24.65,24.65,24.6,24.62,184143,0
HIGH.US,D,20231211,000000,24.63,24.65,24.61,24.64,153286,0
HIGH.US,D,20231212,000000,24.65,24.66,24.64,24.64,80839,0
HIGH.US,D,20231213,000000,24.68,24.68,24.63,24.67,1671240,0
HIGH.US,D,20231214,000000,24.63,24.68,24.63,24.66,681785,0
HIGH.US,D,20231215,000000,24.67,24.68,24.655,24.66,148587,0
HIGH.US,D,20231218,000000,24.65,24.7,24.63,24.63,211105,0
HIGH.US,D,20231219,000000,24.68,24.695,24.664,24.68,113848,0
HIGH.US,D,20231220,000000,24.68,24.695,24.67,24.67,140020,0
HIGH.US,D,20231221,000000,24.72,24.72,24.68,24.69,104088,0
HIGH.US,D,20231222,000000,24.74,24.74,24.6906,24.71,132410,0
HIGH.US,D,20231226,000000,24.53,24.55,24.51,24.52,318148,0
HIGH.US,D,20231227,000000,24.75,24.75,24.53,24.54,125990,0
HIGH.US,D,20231228,000000,24.56,24.59,24.54,24.59,146946,0
HIGH.US,D,20231229,000000,24.6,24.6,24.55,24.56,240152,0
HIGH.US,D,20240102,000000,24.58,24.58,24.55,24.56,254867,0
HIGH.US,D,20240103,000000,24.57,24.57,24.5335,24.565,217843,0
HIGH.US,D,20240104,000000,24.5,24.57,24.5,24.54,309478,0
HIGH.US,D,20240105,000000,24.56,24.569,24.54,24.54,160562,0
HIGH.US,D,20240108,000000,24.54,24.57,24.54,24.56,173202,0
HIGH.US,D,20240109,000000,24.57,24.57,24.54,24.55,146132,0
HIGH.US,D,20240110,000000,24.55,24.59,24.55,24.58,443579,0
HIGH.US,D,20240111,000000,24.58,24.61,24.58,24.61,124718,0
HIGH.US,D,20240112,000000,24.64,24.64,24.61,24.61,159022,0
HIGH.US,D,20240116,000000,24.66,24.66,24.61,24.625,169912,0
HIGH.US,D,20240117,000000,24.65,24.68,24.605,24.68,233328,0
HIGH.US,D,20240118,000000,24.68,24.68,24.6108,24.64,168662,0
HIGH.US,D,20240119,000000,24.66,24.67,24.64,24.66,163300,0
HIGH.US,D,20240122,000000,24.67,24.68,24.65,24.65,137217,0
HIGH.US,D,20240123,000000,24.68,24.68,24.66,24.66,664482,0
HIGH.US,D,20240124,000000,24.7,24.7,24.66,24.67,112525,0
HIGH.US,D,20240125,000000,24.7,24.7,24.67,24.67,154704,0
HIGH.US,D,20240126,000000,24.55,24.55,24.48,24.49,454890,0
HIGH.US,D,20240129,000000,24.49,24.51,24.46,24.5,323627,0
HIGH.US,D,20240130,000000,24.5,24.51,24.48,24.5,130768,0
HIGH.US,D,20240131,000000,24.54,24.54,24.49,24.52,129298,0
HIGH.US,D,20240201,000000,24.51,24.51,24.45,24.5,320033,0
HIGH.US,D,20240202,000000,24.52,24.54,24.45,24.5,536883,0
HIGH.US,D,20240205,000000,24.49,24.51,24.47,24.51,249908,0
HIGH.US,D,20240206,000000,24.5,24.53,24.49,24.52,199938,0
HIGH.US,D,20240207,000000,24.51,24.5396,24.5,24.52,118709,0
HIGH.US,D,20240208,000000,24.5,24.54,24.49,24.54,258848,0
HIGH.US,D,20240209,000000,24.54,24.56,24.53,24.55,328023,0
HIGH.US,D,20240212,000000,24.55,24.5599,24.53,24.55,357393,0
HIGH.US,D,20240213,000000,24.52,24.55,24.52,24.55,176281,0
HIGH.US,D,20240214,000000,24.56,24.5699,24.54,24.56,203841,0
HIGH.US,D,20240215,000000,24.6,24.6,24.53,24.56,192117,0
HIGH.US,D,20240216,000000,24.62,24.62,24.55,24.56,211358,0
HIGH.US,D,20240220,000000,24.58,24.6,24.56,24.59,230863,0
HIGH.US,D,20240221,000000,24.64,24.64,24.6,24.61,379781,0
HIGH.US,D,20240222,000000,24.6,24.66,24.6,24.64,200378,0
HIGH.US,D,20240223,000000,24.61,24.67,24.6,24.67,193815,0
HIGH.US,D,20240226,000000,24.52,24.53,24.4,24.45,275756,0
HIGH.US,D,20240227,000000,24.47,24.47,24.4,24.44,410879,0
HIGH.US,D,20240228,000000,24.42,24.48,24.41,24.45,205479,0
HIGH.US,D,20240229,000000,24.4,24.47,24.39,24.43,275784,0
HIGH.US,D,20240301,000000,24.51,24.51,24.4,24.45,365202,0
HIGH.US,D,20240304,000000,24.5,24.5,24.41,24.43,469158,0
HIGH.US,D,20240305,000000,24.48,24.48,24.4,24.42,201852,0
HIGH.US,D,20240306,000000,24.46,24.46,24.4,24.41,171485,0
HIGH.US,D,20240307,000000,24.39,24.44,24.3,24.43,950138,0
HIGH.US,D,20240308,000000,24.41,24.46,24.41,24.45,252495,0
HIGH.US,D,20240311,000000,24.41,24.46,24.41,24.45,164196,0
HIGH.US,D,20240312,000000,24.45,24.48,24.44,24.48,208127,0
HIGH.US,D,20240313,000000,24.49,24.5,24.46,24.48,187376,0
HIGH.US,D,20240314,000000,24.51,24.51,24.44,24.45,416316,0
HIGH.US,D,20240315,000000,24.5,24.5,24.46,24.49,129936,0
HIGH.US,D,20240318,000000,24.5,24.5,24.4702,24.48,191651,0
HIGH.US,D,20240319,000000,24.5,24.5,24.45,24.48,204524,0
HIGH.US,D,20240320,000000,24.5,24.5,24.44,24.5,214764,0
HIGH.US,D,20240321,000000,24.5,24.51,24.4525,24.51,150347,0
HIGH.US,D,20240322,000000,24.53,24.5342,24.49,24.51,796426,0
HIGH.US,D,20240325,000000,24.41,24.41,24.35,24.38,522958,0
HIGH.US,D,20240326,000000,24.38,24.39,24.37,24.384,212827,0
HIGH.US,D,20240327,000000,24.44,24.44,24.38,24.4,188753,0
HIGH.US,D,20240328,000000,24.4,24.4039,24.36,24.4,507596,0
HIGH.US,D,20240401,000000,24.41,24.41,24.35,24.37,328137,0
HIGH.US,D,20240402,000000,24.36,24.4,24.33,24.36,421818,0
HIGH.US,D,20240403,000000,24.41,24.41,24.36,24.39,755723,0
HIGH.US,D,20240404,000000,24.4,24.4075,24.32,24.32,159197,0
HIGH.US,D,20240405,000000,24.35,24.36,24.3201,24.33,183698,0
HIGH.US,D,20240408,000000,24.34,24.39,24.34,24.39,271332,0
HIGH.US,D,20240409,000000,24.4,24.4,24.3501,24.37,277895,0
HIGH.US,D,20240410,000000,24.31,24.44,24.31,24.43,238210,0
HIGH.US,D,20240411,000000,24.47,24.47,24.4101,24.4401,307397,0
HIGH.US,D,20240412,000000,24.49,24.49,24.36,24.42,197575,0
HIGH.US,D,20240415,000000,24.47,24.47,24.31,24.35,391532,0
HIGH.US,D,20240416,000000,24.39,24.405,24.3306,24.35,206808,0
HIGH.US,D,20240417,000000,24.45,24.45,24.3298,24.38,255581,0
HIGH.US,D,20240418,000000,24.3,24.4017,24.3,24.375,168755,0
HIGH.US,D,20240419,000000,24.45,24.45,24.29,24.31,457980,0
HIGH.US,D,20240422,000000,24.29,24.4,24.29,24.38,228614,0
HIGH.US,D,20240423,000000,24.38,24.4201,24.3701,24.42,184256,0
HIGH.US,D,20240424,000000,24.45,24.45,24.39,24.44,161337,0
HIGH.US,D,20240425,000000,24.38,24.38,24.28,24.3,302198,0
HIGH.US,D,20240426,000000,24.32,24.3351,24.28,24.3,136531,0
HIGH.US,D,20240429,000000,24.3,24.33,24.2801,24.33,131272,0
HIGH.US,D,20240430,000000,24.41,24.41,24.31,24.32,189609,0
HIGH.US,D,20240501,000000,24.28,24.37,24.28,24.35,295274,0
HIGH.US,D,20240502,000000,24.3,24.385,24.3,24.36,112000,0
HIGH.US,D,20240503,000000,24.39,24.39,24.3425,24.38,91460,0
HIGH.US,D,20240506,000000,24.35,24.39,24.34,24.37,216300,0
HIGH.US,D,20240507,000000,24.37,24.375,24.34,24.36,222466,0
HIGH.US,D,20240508,000000,24.38,24.4,24.38,24.4,140625,0
HIGH.US,D,20240509,000000,24.38,24.41,24.38,24.3899,100127,0
HIGH.US,D,20240510,000000,24.4,24.42,24.39,24.415,113422,0
HIGH.US,D,20240513,000000,24.4,24.41,24.39,24.4,165523,0
HIGH.US,D,20240514,000000,24.36,24.4299,24.36,24.41,109130,0
HIGH.US,D,20240515,000000,24.43,24.4697,24.38,24.46,196369,0
HIGH.US,D,20240516,000000,24.47,24.49,24.46,24.49,130159,0
HIGH.US,D,20240517,000000,24.5,24.5,24.47,24.485,117080,0
HIGH.US,D,20240520,000000,24.49,24.53,24.4701,24.53,167606,0
HIGH.US,D,20240521,000000,24.53,24.55,24.5024,24.55,190188,0
HIGH.US,D,20240522,000000,24.55,24.55,24.53,24.55,152316,0
HIGH.US,D,20240523,000000,24.57,24.57,24.53,24.55,110591,0
HIGH.US,D,20240524,000000,24.45,24.47,24.4249,24.47,153892,0
HIGH.US,D,20240528,000000,24.5,24.5,24.432,24.49,114423,0
HIGH.US,D,20240529,000000,24.48,24.48,24.36,24.44,172148,0
HIGH.US,D,20240530,000000,24.41,24.45,24.39,24.39,174962,0
HIGH.US,D,20240531,000000,24.44,24.44,24.325,24.44,123663,0
HIGH.US,D,20240603,000000,24.42,24.49,24.42,24.48,411993,0
HIGH.US,D,20240604,000000,24.48,24.48,24.42,24.445,85987,0
HIGH.US,D,20240605,000000,24.46,24.47,24.42,24.47,420656,0
HIGH.US,D,20240606,000000,24.46,24.48,24.45,24.45,133852,0
HIGH.US,D,20240607,000000,24.45,24.46,24.425,24.44,83228,0
HIGH.US,D,20240610,000000,24.44,24.4589,24.43,24.43,187508,0
HIGH.US,D,20240611,000000,24.45,24.45,24.42,24.425,110282,0
HIGH.US,D,20240612,000000,24.48,24.48,24.45,24.47,217403,0
HIGH.US,D,20240613,000000,24.5,24.5,24.46,24.48,129050,0
HIGH.US,D,20240614,000000,24.46,24.48,24.46,24.475,115197,0
HIGH.US,D,20240617,000000,24.49,24.5,24.46,24.46,279881,0
HIGH.US,D,20240618,000000,24.47,24.49,24.4603,24.485,96973,0
HIGH.US,D,20240620,000000,24.47,24.5,24.47,24.47,175675,0
HIGH.US,D,20240621,000000,24.47,24.49,24.47,24.49,80157,0
