<TICKER>,<PER>,<DATE>,<TIME>,<OPEN>,<HIGH>,<LOW>,<CLOSE>,<VOL>,<OPENINT>
HJEN.US,D,20210326,000000,23.9256,24.2211,23.8413,24.0614,18271.76276727,0
HJEN.US,D,20210329,000000,24.3094,24.358,23.6886,23.767,11671.861263212,0
HJEN.US,D,20210330,000000,23.6113,24.5444,23.6113,24.466,33179.028068535,0
HJEN.US,D,20210331,000000,24.9865,25.3515,24.9171,25.2424,52673.144231728,0
HJEN.US,D,20210401,000000,25.7927,26.1963,25.2433,25.2721,61264.916987393,0
HJEN.US,D,20210405,000000,25.6945,25.6945,25.3713,25.4873,24127.359975791,0
HJEN.US,D,20210406,000000,25.5071,25.5071,25.1938,25.3216,23261.022049143,0
HJEN.US,D,20210407,000000,25.0659,25.0659,24.3291,24.3341,32013.153047342,0
HJEN.US,D,20210408,000000,24.3976,24.8388,23.9157,24.5641,29907.316503871,0
HJEN.US,D,20210409,000000,24.5542,24.5741,24.4363,24.4948,7832.3403240393,0
HJEN.US,D,20210412,000000,24.7397,24.7397,23.5915,23.6093,17051.426456159,0
HJEN.US,D,20210413,000000,23.6599,23.9256,23.6599,23.8463,36094.724163925,0
HJEN.US,D,20210414,000000,23.876,24.0823,23.6886,23.6886,12932.539270558,0
HJEN.US,D,20210415,000000,23.6886,23.7769,22.9718,23.1622,27801.4799604,0
HJEN.US,D,20210416,000000,23.2573,23.6599,23.2573,23.6014,3989.7937576487,0
HJEN.US,D,20210419,000000,23.6014,23.6014,22.8736,22.9122,15532.561592908,0
HJEN.US,D,20210420,000000,22.6674,22.8538,22.4413,22.4611,11917.945610246,0
HJEN.US,D,20210421,000000,22.0774,22.8736,21.9197,22.8736,8294.2527459309,0
HJEN.US,D,20210422,000000,23.6599,23.6787,23.0749,23.2474,34827.994902144,0
HJEN.US,D,20210423,000000,23.296,23.8166,23.2236,23.7967,20871.78508962,0
HJEN.US,D,20210426,000000,24.2697,24.476,23.9454,24.4561,57510.113610313,0
HJEN.US,D,20210427,000000,24.5344,24.6038,24.3777,24.4561,33524.958113751,0
HJEN.US,D,20210428,000000,24.1814,24.5047,24.0129,24.2994,18902.101770944,0
HJEN.US,D,20210429,000000,24.4363,24.5791,23.9356,24.1666,44287.114126863,0
HJEN.US,D,20210430,000000,23.5816,23.9356,23.5816,23.5915,14089.337410099,0
HJEN.US,D,20210503,000000,23.5915,23.5915,23.1592,23.2048,15898.662486242,0
HJEN.US,D,20210504,000000,21.8007,21.8007,21.42,21.5876,24701.220604735,0
HJEN.US,D,20210505,000000,21.5658,21.5747,21.1781,21.2762,9852.4507630105,0
HJEN.US,D,20210506,000000,20.7597,21.2911,20.4454,20.7498,28846.329892889,0
HJEN.US,D,20210507,000000,21.301,21.7621,21.301,21.6253,10963.864494286,0
HJEN.US,D,20210510,000000,21.4101,21.4101,20.6427,20.6427,8433.4315979419,0
HJEN.US,D,20210511,000000,19.7285,20.8777,19.7086,20.7627,31757.991818655,0
HJEN.US,D,20210512,000000,20.4265,20.5138,20.0616,20.0824,16217.361886499,0
HJEN.US,D,20210513,000000,20.1509,20.3968,19.9248,20.0041,16989.905369401,0
HJEN.US,D,20210514,000000,20.5336,20.8182,20.5138,20.7637,8438.4743099713,0
HJEN.US,D,20210517,000000,20.5237,20.6625,20.4454,20.5831,11860.458693111,0
HJEN.US,D,20210518,000000,20.7785,21.2713,20.7785,21.0353,5957.4599915143,0
HJEN.US,D,20210519,000000,20.5534,21.0839,20.4751,20.9569,7431.9489889062,0
HJEN.US,D,20210520,000000,21.2713,21.4825,21.2326,21.3903,19454.783009364,0
HJEN.US,D,20210521,000000,21.5459,21.8007,21.42,21.7383,21204.604083559,0
HJEN.US,D,20210524,000000,21.6749,21.7433,21.5757,21.6412,13918.893743506,0
HJEN.US,D,20210525,000000,21.4289,21.6153,21.3705,21.4002,26671.912465818,0
HJEN.US,D,20210526,000000,21.5856,22.0467,21.536,21.9069,18485.573757316,0
HJEN.US,D,20210527,000000,22.0674,22.1567,21.9297,22.1369,8580.6787891999,0
HJEN.US,D,20210528,000000,22.3828,22.6277,22.3333,22.4125,17923.815637243,0
HJEN.US,D,20210601,000000,22.6475,22.8538,22.481,22.6078,19340.817717499,0
HJEN.US,D,20210602,000000,22.5097,22.5484,22.3728,22.4948,27495.89161142,0
HJEN.US,D,20210603,000000,22.4125,22.5197,22.1854,22.244,19748.268849473,0
HJEN.US,D,20210604,000000,22.3134,22.6377,22.3134,22.4314,15170.494869199,0
HJEN.US,D,20210607,000000,22.363,22.8141,22.2837,22.7398,37025.60880455,0
HJEN.US,D,20210608,000000,23.1988,23.3645,23.0253,23.2415,40352.790201537,0
HJEN.US,D,20210609,000000,23.2662,23.3753,22.9222,22.9222,43295.716941886,0
HJEN.US,D,20210610,000000,22.8538,22.8538,22.3134,22.5097,20704.367050245,0
HJEN.US,D,20210611,000000,22.4898,22.6951,22.4898,22.6277,8538.3200081531,0
HJEN.US,D,20210614,000000,22.8637,22.9569,22.6277,22.6277,32474.056926828,0
HJEN.US,D,20210615,000000,22.6475,22.6674,22.3134,22.3134,22173.813335608,0
HJEN.US,D,20210616,000000,22.2737,22.5434,22.1171,22.24,26010.308647563,0
HJEN.US,D,20210617,000000,21.9891,22.1954,21.8355,22.0873,23643.25962097,0
HJEN.US,D,20210618,000000,21.6253,21.772,21.4289,21.5162,28241.204449363,0
HJEN.US,D,20210621,000000,21.8107,22.008,21.6253,21.9773,10093.492398015,0
HJEN.US,D,20210622,000000,22.1864,22.6684,22.0893,22.6,16013.636320512,0
HJEN.US,D,20210623,000000,22.6098,22.7864,22.4254,22.708,16138.695578841,0
HJEN.US,D,20210624,000000,22.9748,23.0779,22.7962,22.8657,7834.357408851,0
HJEN.US,D,20210625,000000,23.0134,23.1116,22.6981,22.7675,15122.084833717,0
HJEN.US,D,20210628,000000,22.9936,23.2802,22.8657,23.2802,9573.0845165827,0
HJEN.US,D,20210629,000000,23.5657,23.8612,23.3902,23.3902,20871.78508962,0
HJEN.US,D,20210630,000000,23.2118,23.3198,22.9628,23.0233,15477.091760586,0
HJEN.US,D,20210701,000000,23.1026,23.1919,22.6792,22.9936,24553.973413477,0
HJEN.US,D,20210702,000000,23.0729,23.0729,22.8657,22.9549,4765.3628677679,0
HJEN.US,D,20210706,000000,22.9152,23.0432,22.7179,22.8458,31406.010519004,0
HJEN.US,D,20210707,000000,22.7665,22.8657,21.9495,22.0278,37298.923796542,0
HJEN.US,D,20210708,000000,21.3883,21.649,21.0918,21.5737,34723.106491933,0
HJEN.US,D,20210709,000000,21.7512,21.8306,21.5648,21.8186,5980.6564668495,0
HJEN.US,D,20210712,000000,21.8999,21.9396,21.5559,21.7284,14142.790157611,0
HJEN.US,D,20210713,000000,21.5747,21.6143,21.2991,21.3486,17455.851960915,0
HJEN.US,D,20210714,000000,21.4082,21.4082,21.0422,21.0769,19323.6724966,0
HJEN.US,D,20210715,000000,20.8548,21.0601,20.6882,20.7755,10647.182178841,0
HJEN.US,D,20210716,000000,20.8548,20.8548,20.3828,20.4711,15094.854188758,0
HJEN.US,D,20210719,000000,20.1459,20.3036,19.9883,20.2937,10700.634926353,0
HJEN.US,D,20210720,000000,20.3134,20.6397,20.2451,20.5961,18813.350039226,0
HJEN.US,D,20210721,000000,20.8846,21.2742,20.8499,21.2742,40720.908179682,0
HJEN.US,D,20210722,000000,21.3685,21.418,21.0224,21.0918,11669.8441784,0
HJEN.US,D,20210723,000000,21.1216,21.1216,20.7329,20.8152,11411.657322497,0
HJEN.US,D,20210726,000000,20.7755,20.8351,20.5891,20.725,19079.605234377,0
HJEN.US,D,20210727,000000,20.6982,20.6982,20.2937,20.5355,9130.3344004027,0
HJEN.US,D,20210728,000000,20.6784,21.304,20.6784,21.1909,6556.5341806051,0
HJEN.US,D,20210729,000000,21.2892,21.2892,21.0422,21.0422,3441.1466888517,0
HJEN.US,D,20210730,000000,21.0026,21.0472,20.9937,21.0472,2164.3320030116,0
HJEN.US,D,20210802,000000,21.2495,21.2693,20.9937,20.9937,13246.195958786,0
HJEN.US,D,20210803,000000,20.954,20.954,20.7854,20.8449,6340.7061057475,0
HJEN.US,D,20210804,000000,22.1766,22.1766,20.3938,20.5018,21638.277318086,0
HJEN.US,D,20210805,000000,20.2738,20.4811,20.136,20.4612,5841.4776148385,0
HJEN.US,D,20210806,000000,20.8846,20.9144,20.5991,20.6496,7892.8528683919,0
HJEN.US,D,20210809,000000,20.8648,21.2693,20.6882,21.1909,30626.407239261,0
HJEN.US,D,20210810,000000,21.5252,22.125,21.2693,21.418,19135.075066701,0
HJEN.US,D,20210811,000000,21.418,21.418,20.9639,20.9976,9697.1352325055,0
HJEN.US,D,20210812,000000,20.9441,20.9441,20.6982,20.8548,17935.918146113,0
HJEN.US,D,20210813,000000,20.718,20.7478,20.4414,20.4414,10503.969157207,0
HJEN.US,D,20210816,000000,20.2451,20.254,20.136,20.1905,20840.520275038,0
HJEN.US,D,20210817,000000,19.9486,19.9486,19.7126,19.8593,25547.387683265,0
HJEN.US,D,20210818,000000,20.3134,20.5494,20.2451,20.4225,12904.300083194,0
HJEN.US,D,20210819,000000,20.2054,20.2054,19.9387,20.0081,22175.830420419,0
HJEN.US,D,20210820,000000,19.8296,19.9387,19.7126,19.8822,9940.1939523218,0
HJEN.US,D,20210823,000000,19.9387,20.4513,19.9387,20.3928,19003.964553937,0
HJEN.US,D,20210824,000000,20.7755,20.8648,20.7081,20.8251,4999.3447059313,0
HJEN.US,D,20210825,000000,21.0323,21.1216,20.9838,21.1008,19157.26299963,0
HJEN.US,D,20210826,000000,20.9937,21.0631,20.8052,20.8102,3490.5652667396,0
HJEN.US,D,20210827,000000,20.8152,21.1216,20.6784,21.0719,5585.3078437458,0
HJEN.US,D,20210830,000000,21.1909,21.2495,20.9044,21.0809,7675.0077087225,0
HJEN.US,D,20210831,000000,21.1811,21.2892,21.1811,21.2208,3457.2833673457,0
HJEN.US,D,20210901,000000,21.4468,21.6442,21.4279,21.5549,3153.7121031768,0
HJEN.US,D,20210902,000000,21.6937,21.7323,21.6442,21.6937,5108.267285766,0
HJEN.US,D,20210903,000000,21.6243,21.7313,21.6243,21.6243,7020.4636873085,0
HJEN.US,D,20210907,000000,21.6837,21.7909,21.6639,21.7611,7029.5405689614,0
HJEN.US,D,20210908,000000,21.5252,21.5252,20.8846,21.0422,23725.960098251,0
HJEN.US,D,20210909,000000,20.8747,21.2286,20.8747,21.0323,4168.3057634888,0
HJEN.US,D,20210910,000000,20.9242,21.0422,20.5991,20.5991,7392.615835077,0
HJEN.US,D,20210913,000000,20.4027,20.4513,20.022,20.4513,24430.93123996,0
HJEN.US,D,20210914,000000,20.9441,20.9441,20.5455,20.5792,3579.3169984568,0
HJEN.US,D,20210915,000000,20.5693,20.5693,20.3413,20.3828,2851.1493814137,0
HJEN.US,D,20210916,000000,20.4324,20.5177,20.2937,20.5177,8774.3189311282,0
HJEN.US,D,20210917,000000,20.3531,20.4811,20.1261,20.4811,5489.4963151875,0
HJEN.US,D,20210920,000000,20.0567,20.1954,19.7523,19.9387,4797.636224756,0
HJEN.US,D,20210921,000000,19.8792,20.0666,19.8792,19.9684,6049.2373504491,0
HJEN.US,D,20210922,000000,20.2054,20.6496,20.2054,20.482,3734.6325289618,0
HJEN.US,D,20210923,000000,20.8062,21.3496,20.725,20.955,24393.615170942,0
HJEN.US,D,20210924,000000,20.7666,20.7964,20.6,20.6,3121.4387461887,0
HJEN.US,D,20210927,000000,20.718,21.1523,20.6892,21.0729,9487.3584120831,0
HJEN.US,D,20210928,000000,20.7666,20.836,20.2639,20.2937,16296.028194157,0
HJEN.US,D,20210929,000000,20.3631,20.3631,19.9783,20.0269,4709.8930354447,0
HJEN.US,D,20210930,000000,20.1548,20.1657,19.9089,19.9803,5249.4632225888,0
HJEN.US,D,20211001,000000,19.8792,19.8792,19.7324,19.8346,3820.3586334613,0
HJEN.US,D,20211004,000000,19.7226,19.7226,19.1196,19.1792,16186.097071917,0
HJEN.US,D,20211005,000000,19.2386,19.2674,19.1395,19.2188,22762.80210064,0
HJEN.US,D,20211006,000000,18.9224,19.0404,18.7945,18.9918,15806.885127307,0
HJEN.US,D,20211007,000000,19.2288,19.6125,19.2288,19.5242,3951.4691462253,0
HJEN.US,D,20211008,000000,19.6135,19.7226,19.5709,19.5709,5111.2929129837,0
HJEN.US,D,20211011,000000,19.7027,20.0269,19.7027,19.9189,13336.964775315,0
HJEN.US,D,20211012,000000,20.1657,20.5504,20.1657,20.5267,7272.5992887777,0
HJEN.US,D,20211013,000000,21.0829,21.6064,21.0829,21.5668,16065.071983212,0
HJEN.US,D,20211014,000000,21.892,22.0497,21.4091,21.5271,147771.63330907,0
HJEN.US,D,20211015,000000,21.5469,21.7532,21.3199,21.3199,140467.76920571,0
HJEN.US,D,20211018,000000,21.3793,21.882,21.3793,21.8523,21130.980487931,0
HJEN.US,D,20211019,000000,21.8722,22.1091,21.773,21.9614,78653.196607115,0
HJEN.US,D,20211020,000000,22.0596,22.2569,21.9019,21.9416,90614.509540813,0
HJEN.US,D,20211021,000000,22.3758,22.7894,22.356,22.4551,41977.552017405,0
HJEN.US,D,20211022,000000,22.2281,22.2281,21.6759,21.6759,86924.25287771,0
HJEN.US,D,20211025,000000,22.1884,22.6921,22.0794,22.6921,55215.679636943,0
HJEN.US,D,20211026,000000,23.2048,23.3525,22.8191,22.9479,110010.79709063,0
HJEN.US,D,20211027,000000,23.3129,23.4516,22.9866,22.9926,15544.664101779,0
HJEN.US,D,20211028,000000,23.0659,23.9346,22.9866,23.6976,40179.320907726,0
HJEN.US,D,20211029,000000,23.6589,24.0624,23.6589,24.0624,29763.09493983,0
HJEN.US,D,20211101,000000,24.3688,24.9608,24.3688,24.8478,44396.036706697,0
HJEN.US,D,20211102,000000,25.0292,25.0292,24.3688,24.5324,44047.081034264,0
HJEN.US,D,20211103,000000,24.1616,24.3688,23.9246,24.3688,34506.269874669,0
HJEN.US,D,20211104,000000,24.5959,24.5959,24.122,24.3609,21076.519198013,0
HJEN.US,D,20211105,000000,23.993,24.1963,23.9246,23.993,18451.283315517,0
HJEN.US,D,20211108,000000,24.4085,25.4248,24.4085,25.2365,26597.280327784,0
HJEN.US,D,20211109,000000,25.3455,25.3455,24.5761,24.9796,19709.944238051,0
HJEN.US,D,20211110,000000,24.6742,25.0589,24.3193,24.5513,15939.004182477,0
HJEN.US,D,20211111,000000,24.6257,25.3356,24.2994,25.0589,30213.913395257,0
HJEN.US,D,20211112,000000,25.168,25.4149,25.1283,25.3852,13474.126542514,0
HJEN.US,D,20211115,000000,25.3058,25.3703,24.5275,24.5364,47696.996001132,0
HJEN.US,D,20211116,000000,24.2796,24.4581,24.1319,24.4481,9525.6830235065,0
HJEN.US,D,20211117,000000,24.3887,24.586,24.2111,24.2747,12095.449073681,0
HJEN.US,D,20211118,000000,24.1914,24.1914,23.4418,23.5895,52715.503012775,0
HJEN.US,D,20211119,000000,23.6302,24.2013,23.6302,23.9831,21032.143332155,0
HJEN.US,D,20211122,000000,24.1914,24.2994,23.4467,23.4903,400031.2854942,0
HJEN.US,D,20211123,000000,23.3922,23.5597,22.9579,23.2533,70802.70251977,0
HJEN.US,D,20211124,000000,22.9579,23.4368,22.9381,23.2979,15261.263685728,0
HJEN.US,D,20211126,000000,22.6921,22.8091,22.3461,22.5345,21658.448166204,0
HJEN.US,D,20211129,000000,22.8488,22.8488,22.3501,22.7695,30801.893617883,0
HJEN.US,D,20211130,000000,22.4938,22.7894,21.7929,22.366,26910.937016011,0
HJEN.US,D,20211201,000000,22.7992,22.7992,21.7155,21.773,22553.025280218,0
HJEN.US,D,20211202,000000,21.6957,21.9019,21.4091,21.773,28230.110482897,0
HJEN.US,D,20211203,000000,21.8325,21.8325,20.7488,21.0829,26596.271785377,0
HJEN.US,D,20211206,000000,20.9748,21.3,20.8459,21.2286,11713.211501853,0
HJEN.US,D,20211207,000000,21.9019,22.4354,21.9019,22.2083,44012.790592464,0
HJEN.US,D,20211208,000000,22.1389,22.1884,21.8623,22.0596,21520.277856599,0
HJEN.US,D,20211209,000000,21.7929,21.7929,21.2415,21.3,11239.196571091,0
HJEN.US,D,20211210,000000,21.419,21.4587,21.0928,21.2019,6074.450910596,0
HJEN.US,D,20211213,000000,21.0333,21.1225,20.7388,20.8558,18077.114082936,0
HJEN.US,D,20211214,000000,20.6992,20.7577,20.3343,20.4464,12802.4373002,0
HJEN.US,D,20211215,000000,20.482,20.8757,20.1261,20.8042,15824.030348207,0
HJEN.US,D,20211216,000000,21.2415,21.3199,20.492,20.5594,8310.3894244249,0
HJEN.US,D,20211217,000000,20.5207,20.7666,20.1954,20.5901,14787.248754966,0
HJEN.US,D,20211220,000000,20.0666,20.0666,19.7324,19.8792,41101.128666698,0
HJEN.US,D,20211221,000000,20.1073,20.375,20.0874,20.3055,388707.37136101,0
HJEN.US,D,20211222,000000,20.3948,20.5435,20.3452,20.5435,82453.384392458,0
HJEN.US,D,20211223,000000,20.5732,20.7418,20.3551,20.5732,10869.061508134,0
HJEN.US,D,20211227,000000,20.6625,20.7021,20.5435,20.6724,25820.702675258,0
HJEN.US,D,20211228,000000,20.5534,20.5534,20.246,20.3254,26792.937554523,0
HJEN.US,D,20211229,000000,19.9684,20.0577,19.8197,19.899,29174.106174798,0
HJEN.US,D,20211230,000000,20.0577,20.5634,20.0577,20.4543,33395.864685799,0
HJEN.US,D,20211231,000000,20.375,20.5227,20.3075,20.3848,14972.820557647,0
HJEN.US,D,20220103,000000,20.5237,20.6427,20.3848,20.5534,6001.8358573729,0
HJEN.US,D,20220104,000000,20.6625,20.6625,20.0676,20.2758,36476.961735752,0
HJEN.US,D,20220105,000000,20.4741,20.5931,19.9287,19.9684,24141.479569473,0
HJEN.US,D,20220106,000000,19.8197,19.8197,19.5232,19.5748,15706.03088672,0
HJEN.US,D,20220107,000000,19.6422,19.7909,19.5332,19.5332,4848.0633450498,0
HJEN.US,D,20220110,000000,19.315,19.3507,18.9779,19.3051,21163.253844919,0
HJEN.US,D,20220111,000000,19.3051,19.543,19.1861,19.4736,8167.1764027904,0
HJEN.US,D,20220112,000000,19.7216,19.7999,19.4836,19.6522,19030.18665649,0
HJEN.US,D,20220113,000000,19.8097,19.8097,19.2605,19.2605,13354.109996215,0
HJEN.US,D,20220114,000000,18.9679,19.195,18.8391,18.9382,11509.485935867,0
HJEN.US,D,20220118,000000,18.7905,18.7905,18.2551,18.3244,14284.994636839,0
HJEN.US,D,20220119,000000,18.3344,18.3344,18.1163,18.1163,3042.7724385303,0
HJEN.US,D,20220120,000000,18.2054,18.6814,18.0865,18.0865,18423.044128152,0
HJEN.US,D,20220121,000000,17.8683,17.8683,17.5025,17.56,46321.344159516,0
HJEN.US,D,20220124,000000,16.9175,17.3548,16.4128,17.3548,64115.057826401,0
HJEN.US,D,20220125,000000,16.9671,17.1753,16.7598,16.9928,27141.893226957,0
HJEN.US,D,20220126,000000,17.3636,17.552,16.8689,16.8689,22343.248459795,0
HJEN.US,D,20220127,000000,16.6111,16.6111,16.1054,16.1054,6094.6217587136,0
HJEN.US,D,20220128,000000,16.0559,16.3533,15.9766,16.3533,5061.8743350957,0
HJEN.US,D,20220131,000000,16.5218,17.3389,16.5218,17.3389,29309.250857186,0
HJEN.US,D,20220201,000000,17.443,17.5719,17.1703,17.5025,7799.0584246454,0
HJEN.US,D,20220202,000000,17.8197,17.8594,17.3963,17.3963,14063.115307546,0
HJEN.US,D,20220203,000000,17.0662,17.1951,16.9075,16.9571,95398.026171887,0
HJEN.US,D,20220204,000000,16.7797,17.1356,16.74,16.9393,43916.979063905,0
HJEN.US,D,20220207,000000,16.8888,17.0692,16.8689,16.8768,10676.429908612,0
HJEN.US,D,20220208,000000,16.7102,17.0265,16.1451,16.9869,140693.68270462,0
HJEN.US,D,20220209,000000,17.4727,17.7306,17.4727,17.7206,23922.625867398,0
HJEN.US,D,20220210,000000,17.0959,17.7454,17.0761,17.1951,17362.05751717,0
HJEN.US,D,20220211,000000,17.3339,17.5809,16.8491,17.0395,11345.093523709,0
HJEN.US,D,20220214,000000,16.9175,17.205,16.8391,16.9324,26699.143110777,0
HJEN.US,D,20220215,000000,17.3141,18.0567,17.3141,18.027,46098.456287817,0
HJEN.US,D,20220216,000000,17.7503,18.0468,17.6314,18.0419,33569.333979609,0
HJEN.US,D,20220217,000000,17.908,18.1361,17.4926,17.5917,20134.540590924,0
HJEN.US,D,20220218,000000,17.5322,17.6612,17.1257,17.1802,18624.752609327,0
HJEN.US,D,20220222,000000,16.7995,17.0166,16.512,16.6359,22887.861358968,0
HJEN.US,D,20220223,000000,16.8788,17.1158,16.4624,16.5437,24517.665886865,0
HJEN.US,D,20220224,000000,16.0162,17.2745,15.9666,17.2149,41187.863313603,0
HJEN.US,D,20220225,000000,17.5719,17.79,17.3131,17.787,17598.056440145,0
HJEN.US,D,20220228,000000,18.6418,19.195,18.3641,18.9779,92843.388257801,0
HJEN.US,D,20220301,000000,18.8301,18.9481,18.265,18.5277,22667.999114487,0
HJEN.US,D,20220302,000000,18.9581,18.9581,18.5426,18.8589,18005.507572119,0
HJEN.US,D,20220303,000000,18.8301,18.8301,18.0171,18.2461,33261.728545817,0
HJEN.US,D,20220304,000000,18.0766,18.2154,17.7206,17.7206,14039.918832211,0
HJEN.US,D,20220307,000000,18.2353,18.5624,18.0667,18.0667,49269.313611894,0
HJEN.US,D,20220308,000000,18.5327,19.4379,18.1599,19.0175,79330.937103864,0
HJEN.US,D,20220309,000000,19.3249,19.5728,18.9481,19.4836,100489.14823676,0
HJEN.US,D,20220310,000000,19.2159,19.2852,18.9779,19.2555,20965.579533367,0
HJEN.US,D,20220311,000000,19.8396,19.8494,19.2555,19.2555,27424.285100603,0
HJEN.US,D,20220314,000000,19.1266,19.1465,18.3443,18.3542,25460.65303636,0
HJEN.US,D,20220315,000000,18.1956,18.4237,17.8594,18.4137,28091.940173292,0
HJEN.US,D,20220316,000000,18.8004,19.1365,18.5228,19.1365,18113.421609547,0
HJEN.US,D,20220317,000000,18.9085,19.315,18.8688,19.2258,19272.2368339,0
HJEN.US,D,20220318,000000,19.2555,19.6918,19.0572,19.6522,31081.259864311,0
HJEN.US,D,20220321,000000,19.7216,19.7909,19.196,19.315,35397.821361464,0
HJEN.US,D,20220322,000000,19.5232,19.9297,19.5232,19.8207,11118.171482386,0
HJEN.US,D,20220323,000000,19.7612,20.0388,19.6522,19.6918,5848.5374116796,0
HJEN.US,D,20220324,000000,19.8802,20.0784,19.7017,20.0091,21373.030665342,0
HJEN.US,D,20220325,000000,20.2173,20.2173,19.5728,19.8603,51091.749739314,0
HJEN.US,D,20220328,000000,19.7116,19.9793,19.4935,19.6223,28567.972188867,0
HJEN.US,D,20220329,000000,19.8009,20.3164,19.8009,20.1974,26981.534984422,0
HJEN.US,D,20220330,000000,20.1876,20.3461,19.9297,19.9297,18267.728597647,0
HJEN.US,D,20220331,000000,20.1777,20.1777,19.8009,19.8009,19246.014731347,0
HJEN.US,D,20220401,000000,19.8207,20.0587,19.5629,19.7017,40555.507225119,0
HJEN.US,D,20220404,000000,19.9297,20.5941,19.8901,20.5742,22577.230297958,0
HJEN.US,D,20220405,000000,20.7627,21.0105,20.1181,20.2074,22498.563990299,0
HJEN.US,D,20220406,000000,19.8207,19.8207,19.3845,19.6223,45563.928812702,0
HJEN.US,D,20220407,000000,19.6918,19.6918,19.1167,19.3051,30268.374685175,0
HJEN.US,D,20220408,000000,19.4241,19.4241,19.0671,19.0671,16557.240677279,0
HJEN.US,D,20220411,000000,19.0076,19.3001,18.9283,19.0919,30824.081550813,0
HJEN.US,D,20220412,000000,19.2258,19.3646,18.8094,18.8094,20005.447162973,0
HJEN.US,D,20220413,000000,18.9977,19.315,18.7201,19.315,12463.567051825,0
HJEN.US,D,20220414,000000,19.2753,19.2753,18.9085,18.9184,7693.1614720283,0
HJEN.US,D,20220418,000000,18.8887,18.8887,18.4722,18.611,29506.925168738,0
HJEN.US,D,20220419,000000,18.73,19.2139,18.6358,19.1068,12671.326787436,0
HJEN.US,D,20220420,000000,19.4538,19.5034,19.0376,19.0473,22035.643026003,0
HJEN.US,D,20220421,000000,19.1465,19.1465,17.8376,17.8376,33163.899932447,0
HJEN.US,D,20220422,000000,17.8574,17.9776,17.2923,17.3616,56461.229508201,0
HJEN.US,D,20220425,000000,17.1435,20.1748,17.0742,17.5402,21226.792016489,0
HJEN.US,D,20220426,000000,17.3915,17.3995,17.0196,17.0543,18564.240064974,0
HJEN.US,D,20220427,000000,17.0642,17.3518,16.9759,17.0742,4333.7067180526,0
HJEN.US,D,20220428,000000,17.0543,17.0543,16.5101,16.975,12295.140470044,0
HJEN.US,D,20220429,000000,17.0742,17.4609,16.975,16.9849,38942.847918121,0
HJEN.US,D,20220502,000000,16.8164,16.9552,16.5784,16.9552,44201.388022363,0
HJEN.US,D,20220503,000000,16.9651,17.0841,16.9552,17.0742,9376.4187474367,0
HJEN.US,D,20220504,000000,17.1138,17.7286,17.0287,17.7286,2782.5684978141,0
HJEN.US,D,20220505,000000,17.55,17.55,16.856,16.9849,6470.8080761056,0
HJEN.US,D,20220506,000000,16.7568,16.7568,16.3603,16.3801,10776.275606794,0
HJEN.US,D,20220509,000000,16.152,16.7717,15.4282,15.4282,27374.866522714,0
HJEN.US,D,20220510,000000,15.5075,15.5572,15.0613,15.2993,14172.037887381,0
HJEN.US,D,20220511,000000,15.2199,15.4778,14.9126,14.9126,26861.518438123,0
HJEN.US,D,20220512,000000,14.5358,14.8631,14.3375,14.6945,21255.031203853,0
HJEN.US,D,20220513,000000,15.2894,15.7852,15.2894,15.5572,12328.422369438,0
HJEN.US,D,20220516,000000,15.6067,15.6563,15.4382,15.4382,5416.8812619643,0
HJEN.US,D,20220517,000000,15.8645,16.1213,15.8446,16.0628,1400.8654017629,0
HJEN.US,D,20220518,000000,16.0529,16.1718,15.6365,15.7852,34250.100103576,0
HJEN.US,D,20220519,000000,15.7059,16.3503,15.7059,16.162,44780.291363336,0
HJEN.US,D,20220520,000000,16.4594,16.4594,15.9041,16.1866,6620.0723521754,0
HJEN.US,D,20220523,000000,16.4891,16.5188,16.271,16.4693,16300.062363781,0
HJEN.US,D,20220524,000000,16.2511,16.2511,15.924,15.924,15004.085372229,0
HJEN.US,D,20220525,000000,15.8645,16.1024,15.8645,16.1024,10355.713423543,0
HJEN.US,D,20220526,000000,15.9438,16.5883,15.9438,16.5685,6993.2330423498,0
HJEN.US,D,20220527,000000,16.8461,17.1733,16.8362,17.1302,21212.672422807,0
HJEN.US,D,20220531,000000,17.1535,17.1535,16.7568,16.7704,6719.9180503572,0
HJEN.US,D,20220601,000000,16.9056,16.9056,16.4594,16.5387,9658.8106210822,0
HJEN.US,D,20220602,000000,16.7321,17.1832,16.7321,17.1231,4198.5620356652,0
HJEN.US,D,20220603,000000,17.1832,17.1832,16.9056,16.975,4279.2454281353,0
HJEN.US,D,20220606,000000,17.2526,17.4708,17.1733,17.2452,7831.3317816334,0
HJEN.US,D,20220607,000000,17.0146,17.2972,16.9552,17.2972,18722.581222697,0
HJEN.US,D,20220608,000000,17.1634,17.3319,17.0048,17.0395,29310.259399592,0
HJEN.US,D,20220609,000000,16.6874,16.7767,16.2948,16.3503,17571.834337592,0
HJEN.US,D,20220610,000000,16.0826,16.1124,15.7356,15.8892,21283.270391218,0
HJEN.US,D,20220613,000000,15.2299,15.2299,14.7441,14.813,25247.85058872,0
HJEN.US,D,20220614,000000,14.9919,14.9919,14.6151,14.6895,11795.911979135,0
HJEN.US,D,20220615,000000,14.8035,15.3425,14.8035,15.1902,40695.694619535,0
HJEN.US,D,20220616,000000,14.7044,14.8631,14.4367,14.5526,24223.171504349,0
HJEN.US,D,20220617,000000,14.7639,14.9358,14.6796,14.9358,12167.055584498,0
HJEN.US,D,20220621,000000,15.101,15.2696,15.0316,15.1777,18231.421071035,0
HJEN.US,D,20220622,000000,14.921,15.1903,14.8362,15.0407,17428.416068685,0
HJEN.US,D,20220623,000000,14.8811,15.0906,14.7614,15.0407,15619.702809299,0
HJEN.US,D,20220624,000000,15.1404,15.4296,15.1404,15.3915,12774.288047582,0
HJEN.US,D,20220627,000000,15.4796,15.4796,15.2601,15.3389,18348.814501122,0
HJEN.US,D,20220628,000000,15.4496,15.4596,15.0108,15.0607,11003.674069713,0
HJEN.US,D,20220629,000000,14.941,14.941,14.542,14.6936,42438.589159252,0
HJEN.US,D,20220630,000000,14.4323,14.7215,14.3126,14.5879,6578.1417377115,0
HJEN.US,D,20220701,000000,14.5919,14.8313,14.5819,14.6916,8484.108426233,0
HJEN.US,D,20220705,000000,14.2328,14.5217,14.0643,14.5217,20805.215546297,0
HJEN.US,D,20220706,000000,14.4622,14.6816,14.3435,14.5111,11825.816460343,0
HJEN.US,D,20220707,000000,14.6816,15.1388,14.6816,15.0399,24873.817767244,0
HJEN.US,D,20220708,000000,15.08,15.3099,14.9609,15.2202,4754.389288253,0
HJEN.US,D,20220711,000000,15.1305,15.1305,14.7017,14.7167,6940.084912123,0
HJEN.US,D,20220712,000000,14.5625,14.648,14.5121,14.5819,1927.021554623,0
HJEN.US,D,20220713,000000,14.3126,14.6318,14.2328,14.52,2204.7452646285,0
HJEN.US,D,20220714,000000,14.2827,14.3326,14.119,14.3226,17424.405617999,0
HJEN.US,D,20220715,000000,14.5021,14.5021,13.8438,14.0013,9668.1939912745,0
HJEN.US,D,20220718,000000,14.6019,14.7315,14.4349,14.4772,29143.945135162,0
HJEN.US,D,20220719,000000,14.7315,14.8412,14.6417,14.8146,16045.813194686,0
HJEN.US,D,20220720,000000,14.921,15.0507,14.8313,14.9271,15600.65316854,0
HJEN.US,D,20220721,000000,14.9609,15.0906,14.9609,15.0906,2428.327890373,0
HJEN.US,D,20220722,000000,15.1504,15.2402,14.8013,14.8313,15527.462443521,0
HJEN.US,D,20220725,000000,14.8412,14.8911,14.6816,14.7814,6805.734814142,0
HJEN.US,D,20220726,000000,14.6318,14.6318,14.4123,14.4473,9436.590464158,0
HJEN.US,D,20220727,000000,14.7415,15.0427,14.7414,15.0307,14227.073808585,0
HJEN.US,D,20220728,000000,15.8087,16.1977,15.7987,16.0707,26713.612019446,0
HJEN.US,D,20220729,000000,16.0181,16.2974,16.0181,16.2341,20449.288047914,0
HJEN.US,D,20220801,000000,16.0979,16.1478,15.7389,15.9344,26301.53821146,0
HJEN.US,D,20220802,000000,15.8486,16.3765,15.8486,16.3573,10427.1717836,0
HJEN.US,D,20220803,000000,16.3972,16.3972,16.0481,16.2875,12752.230568809,0
HJEN.US,D,20220804,000000,16.3573,16.7263,16.3573,16.6764,11385.669497554,0
HJEN.US,D,20220805,000000,16.6964,16.9058,16.6393,16.8462,16405.751143755,0
HJEN.US,D,20220808,000000,17.3247,17.4343,17.0754,17.1203,32543.804704219,0
HJEN.US,D,20220809,000000,16.9557,17.2449,16.826,16.8804,19504.826911361,0
HJEN.US,D,20220810,000000,17.4045,18.0828,17.3049,18.0778,17201.825604926,0
HJEN.US,D,20220811,000000,18.5914,18.6912,18.1825,18.2024,64753.739388828,0
HJEN.US,D,20220812,000000,18.1925,18.6759,17.978,18.6541,43863.301765454,0
HJEN.US,D,20220815,000000,18.6413,18.9206,18.4618,18.6513,42870.715220669,0
HJEN.US,D,20220816,000000,18.362,18.4019,18.0528,18.1775,23366.890921979,0
HJEN.US,D,20220817,000000,17.9531,17.9574,17.603,17.8933,40548.664273475,0
HJEN.US,D,20220818,000000,17.8633,17.8833,17.3148,17.8534,38793.089485678,0
HJEN.US,D,20220819,000000,17.2948,17.2948,16.8162,16.8828,39218.197258394,0
HJEN.US,D,20220822,000000,16.4271,16.428,16.3741,16.3923,10444.216199016,0
HJEN.US,D,20220823,000000,16.6066,16.9158,16.6066,16.6715,12991.854997297,0
HJEN.US,D,20220824,000000,16.7363,17.225,16.7363,17.1086,34244.235795083,0
HJEN.US,D,20220825,000000,17.5741,17.8035,17.3646,17.7835,17664.030046487,0
HJEN.US,D,20220826,000000,17.7736,17.7736,17.0843,17.1452,7864.493795246,0
HJEN.US,D,20220829,000000,16.9557,17.2649,16.8161,17.0604,22998.932071539,0
HJEN.US,D,20220830,000000,17.2549,17.3646,16.7264,16.8552,13581.391248139,0
HJEN.US,D,20220831,000000,16.8859,17.0006,16.7263,16.7462,8920.2449383355,0
HJEN.US,D,20220901,000000,16.4371,16.4869,15.9882,16.1478,22946.796212621,0
HJEN.US,D,20220902,000000,16.2476,16.2476,15.7598,15.8227,12186.757022083,0
HJEN.US,D,20220906,000000,15.9783,16.4371,15.4796,15.679,17385.30372381,0
HJEN.US,D,20220907,000000,15.4895,15.9882,15.4895,15.9538,16660.414762316,0
HJEN.US,D,20220908,000000,15.7489,16.0899,15.7489,16.0899,5577.5342915545,0
HJEN.US,D,20220909,000000,16.3373,16.5966,16.3373,16.5916,7588.7753105835,0
HJEN.US,D,20220912,000000,16.6365,16.6365,16.4311,16.5467,11519.016982864,0
HJEN.US,D,20220913,000000,16.0481,16.1977,15.8885,15.9086,8667.5865451175,0
HJEN.US,D,20220914,000000,15.7887,16.2874,15.5992,16.2874,24179.007185894,0
HJEN.US,D,20220915,000000,15.8486,15.9184,15.6352,15.7439,7465.453951989,0
HJEN.US,D,20220916,000000,15.3998,15.5654,15.1704,15.5234,8801.9366430985,0
HJEN.US,D,20220919,000000,15.2601,15.4996,15.1803,15.31,16809.804050369,0
HJEN.US,D,20220920,000000,15.08,15.1199,14.83,14.87,9457,0
HJEN.US,D,20220921,000000,14.99,15.1541,14.88,14.91,7600,0
HJEN.US,D,20220922,000000,14.84,14.85,14.3565,14.4832,10082,0
HJEN.US,D,20220923,000000,14.03,14.0899,13.75,13.7554,22352,0
HJEN.US,D,20220926,000000,13.67,13.87,13.49,13.54,16807,0
HJEN.US,D,20220927,000000,13.81,13.9378,13.54,13.54,5720,0
HJEN.US,D,20220928,000000,13.59,13.965,13.5,13.93,11933,0
HJEN.US,D,20220929,000000,13.61,13.61,13.19,13.3,14599,0
HJEN.US,D,20220930,000000,13.22,13.594,13.2,13.34,6664,0
HJEN.US,D,20221003,000000,13.54,13.8321,13.54,13.725,3752,0
HJEN.US,D,20221004,000000,14.21,14.568,14.21,14.5149,5068,0
HJEN.US,D,20221005,000000,14.2,14.2,13.805,14.015,4905,0
HJEN.US,D,20221006,000000,13.86,14.17,13.59,13.59,4262,0
HJEN.US,D,20221007,000000,13.48,13.69,13.26,13.37,42508,0
HJEN.US,D,20221010,000000,13.26,13.26,13,13.1349,27459,0
HJEN.US,D,20221011,000000,13,13.15,12.75,12.9785,19507,0
HJEN.US,D,20221012,000000,12.85,12.85,12.5602,12.5602,41590,0
HJEN.US,D,20221013,000000,12.31,12.91,12.09,12.833,35048,0
HJEN.US,D,20221014,000000,12.85,13.172,12.465,12.51,14950,0
HJEN.US,D,20221017,000000,12.77,12.912,12.63,12.6948,7688,0
HJEN.US,D,20221018,000000,13.24,13.25,12.96,13.05,11614,0
HJEN.US,D,20221019,000000,12.81,12.81,12.495,12.59,21137,0
HJEN.US,D,20221020,000000,12.65,12.93,12.595,12.6404,30601,0
HJEN.US,D,20221021,000000,12.39,12.73,12.39,12.7126,14455,0
HJEN.US,D,20221024,000000,12.85,12.85,12.545,12.6258,7719,0
HJEN.US,D,20221025,000000,12.67,13.05,12.6,13.01,15206,0
HJEN.US,D,20221026,000000,13.2,13.55,13.13,13.31,10494,0
HJEN.US,D,20221027,000000,13.32,13.32,13.05,13.05,12339,0
HJEN.US,D,20221028,000000,13.035,13.08,12.95,13.07,4763,0
HJEN.US,D,20221031,000000,13.0782,13.13,13,13.035,9851,0
HJEN.US,D,20221101,000000,13.39,13.41,13.185,13.185,6583,0
HJEN.US,D,20221102,000000,13.16,13.18,12.68,12.682,11417,0
HJEN.US,D,20221103,000000,12.63,13.01,12.63,12.94,5599,0
HJEN.US,D,20221104,000000,13.34,13.3969,13.105,13.3969,15875,0
HJEN.US,D,20221107,000000,13.56,13.76,13.46,13.59,28655,0
HJEN.US,D,20221108,000000,13.7,13.84,13.5603,13.6642,6738,0
HJEN.US,D,20221109,000000,13.59,13.7435,13.3,13.3057,8323,0
HJEN.US,D,20221110,000000,13.9823,14.4994,13.9823,14.3,11465,0
HJEN.US,D,20221111,000000,14.3501,14.87,14.3501,14.8405,13639,0
HJEN.US,D,20221114,000000,14.74,14.7963,14.34,14.34,18506,0
HJEN.US,D,20221115,000000,14.95,15.07,14.62,14.7,16038,0
HJEN.US,D,20221116,000000,14.73,14.73,14.36,14.3994,6246,0
HJEN.US,D,20221117,000000,14.12,14.37,14.09,14.29,5158,0
HJEN.US,D,20221118,000000,14.45,14.45,14.21,14.43,16904,0
HJEN.US,D,20221121,000000,14.25,14.31,13.89,14,13073,0
HJEN.US,D,20221122,000000,14.15,14.3,14.11,14.3,6582,0
HJEN.US,D,20221123,000000,14.38,14.75,14.37,14.695,4868,0
HJEN.US,D,20221125,000000,14.83,14.88,14.7338,14.7338,1902,0
HJEN.US,D,20221128,000000,14.66,14.84,14.39,14.42,10273,0
HJEN.US,D,20221129,000000,14.5,14.52,14.3,14.34,6640,0
HJEN.US,D,20221130,000000,14.59,14.85,14.42,14.8,7499,0
HJEN.US,D,20221201,000000,14.93,15.09,14.73,14.73,11659,0
HJEN.US,D,20221202,000000,14.65,15.08,14.65,14.77,8278,0
HJEN.US,D,20221205,000000,15.03,15.13,14.7385,14.7385,10237,0
HJEN.US,D,20221206,000000,14.66,14.66,14.15,14.15,35723,0
HJEN.US,D,20221207,000000,14.15,14.2378,14.011,14.07,7830,0
HJEN.US,D,20221208,000000,14.18,14.3,14.18,14.23,1740,0
HJEN.US,D,20221209,000000,14.33,14.45,14.1701,14.285,14264,0
HJEN.US,D,20221212,000000,14.39,14.569,14.36,14.52,17584,0
HJEN.US,D,20221213,000000,15,15.1499,14.58,14.75,13775,0
HJEN.US,D,20221214,000000,14.84,15.15,14.84,15.0389,29526,0
HJEN.US,D,20221215,000000,14.83,14.83,14.47,14.5448,15257,0
HJEN.US,D,20221216,000000,14.42,14.42,14.11,14.35,18302,0
HJEN.US,D,20221219,000000,14.39,14.39,14.01,14.0796,19855,0
HJEN.US,D,20221220,000000,13.95,13.95,13.77,13.7975,24129,0
HJEN.US,D,20221221,000000,13.82,13.935,13.79,13.87,7898,0
HJEN.US,D,20221222,000000,13.75,13.75,13.31,13.4985,15679,0
HJEN.US,D,20221223,000000,13.565,13.63,13.45,13.57,12914,0
HJEN.US,D,20221227,000000,13.5,13.57,13.3,13.45,4613,0
HJEN.US,D,20221228,000000,13.6,13.6,13.27,13.31,7284,0
HJEN.US,D,20221229,000000,13.63,13.69,13.61,13.687,4293,0
HJEN.US,D,20221230,000000,13.54,13.8,13.48,13.584,14886,0
HJEN.US,D,20230103,000000,13.88,13.88,13.46,13.5446,10460,0
HJEN.US,D,20230104,000000,13.83,13.99,13.75,13.84,16965,0
HJEN.US,D,20230105,000000,13.71,13.71,13.5001,13.6239,3504,0
HJEN.US,D,20230106,000000,13.9,14.24,13.85,14.1887,2186,0
HJEN.US,D,20230109,000000,14.39,14.71,14.39,14.5985,14199,0
HJEN.US,D,20230110,000000,14.55,14.89,14.55,14.8708,9293,0
HJEN.US,D,20230111,000000,14.97,15.18,14.84,15.18,13937,0
HJEN.US,D,20230112,000000,15.32,15.49,15.221,15.4449,8502,0
HJEN.US,D,20230113,000000,15.36,15.55,15.36,15.52,5365,0
HJEN.US,D,20230117,000000,15.5,15.61,15.39,15.57,29364,0
HJEN.US,D,20230118,000000,15.71,15.88,15.42,15.42,16449,0
HJEN.US,D,20230119,000000,15.08,15.16,14.91,15.0062,21260,0
HJEN.US,D,20230120,000000,15.0401,15.35,15.0401,15.3305,6999,0
HJEN.US,D,20230123,000000,15.37,15.81,15.37,15.75,13268,0
HJEN.US,D,20230124,000000,15.81,15.88,15.52,15.73,15213,0
HJEN.US,D,20230125,000000,15.57,15.9,15.41,15.9,45711,0
HJEN.US,D,20230126,000000,16.01,16.01,15.5158,15.6,28245,0
HJEN.US,D,20230127,000000,15.57,15.83,15.5,15.77,15717,0
HJEN.US,D,20230130,000000,15.73,15.9599,15.6,15.66,25890,0
HJEN.US,D,20230131,000000,15.72,16,15.6879,15.9987,20104,0
HJEN.US,D,20230201,000000,16.08,16.4799,15.9731,16.31,19568,0
HJEN.US,D,20230202,000000,16.55,16.75,16.4,16.45,25880,0
HJEN.US,D,20230203,000000,16.45,16.45,16.04,16.1002,33423,0
HJEN.US,D,20230206,000000,15.92,15.97,15.77,15.8751,14232,0
HJEN.US,D,20230207,000000,15.84,16.02,15.61,16.0065,13038,0
HJEN.US,D,20230208,000000,16.14,16.3,16,16.0051,19202,0
HJEN.US,D,20230209,000000,16.36,16.43,15.977,15.9868,14520,0
HJEN.US,D,20230210,000000,15.87,15.9999,15.74,15.9726,9951,0
HJEN.US,D,20230213,000000,15.83,16.07,15.74,15.9386,15699,0
HJEN.US,D,20230214,000000,15.78,15.93,15.6,15.8928,15110,0
HJEN.US,D,20230215,000000,16,16,15.5,15.9223,17157,0
HJEN.US,D,20230216,000000,15.78,15.9899,15.76,15.7784,12278,0
HJEN.US,D,20230217,000000,15.6,15.6699,15.47,15.6224,7076,0
HJEN.US,D,20230221,000000,15.56,15.655,15.28,15.3222,21970,0
HJEN.US,D,20230222,000000,15.25,15.326,15.12,15.2459,11537,0
HJEN.US,D,20230223,000000,15.33,15.365,15.1101,15.343,11315,0
HJEN.US,D,20230224,000000,15,15.0499,14.81,14.9427,17882,0
HJEN.US,D,20230227,000000,15.07,15.17,15,15.1012,25362,0
HJEN.US,D,20230228,000000,15.07,15.18,15.07,15.1741,12190,0
HJEN.US,D,20230301,000000,15.24,15.26,15.15,15.2365,7101,0
HJEN.US,D,20230302,000000,15.02,15.14,14.91,15.135,5387,0
HJEN.US,D,20230303,000000,15.26,15.6,15.26,15.48,7352,0
HJEN.US,D,20230306,000000,15.49,15.63,15.425,15.425,10117,0
HJEN.US,D,20230307,000000,15.4,15.4,15.042,15.1418,6143,0
HJEN.US,D,20230308,000000,15.11,15.16,14.9644,15.0497,27414,0
HJEN.US,D,20230309,000000,15.3408,15.3408,14.89,14.9034,4722,0
HJEN.US,D,20230310,000000,14.89,14.9699,14.52,14.545,12945,0
HJEN.US,D,20230313,000000,14.38,14.59,14.2061,14.414,9605,0
HJEN.US,D,20230314,000000,14.61,14.7999,14.3801,14.5237,152375,0
HJEN.US,D,20230315,000000,14.13,14.13,13.82,13.9508,19579,0
HJEN.US,D,20230316,000000,13.8,14.18,13.77,14.1052,10278,0
HJEN.US,D,20230317,000000,13.98,13.98,13.61,13.7287,20799,0
HJEN.US,D,20230320,000000,13.85,14.05,13.78,13.79,15474,0
HJEN.US,D,20230321,000000,14,14.22,14,14.1668,5918,0
HJEN.US,D,20230322,000000,14.04,14.24,14.01,14.01,7034,0
HJEN.US,D,20230323,000000,13.94,14.34,13.94,14.0134,4666,0
HJEN.US,D,20230324,000000,13.81,13.87,13.7,13.7751,9047,0
HJEN.US,D,20230327,000000,13.93,14.03,13.69,13.815,10674,0
HJEN.US,D,20230328,000000,13.77,13.8197,13.66,13.685,10959,0
HJEN.US,D,20230329,000000,13.87,13.96,13.87,13.9451,5779,0
HJEN.US,D,20230330,000000,14.35,14.46,14.26,14.3569,6885,0
HJEN.US,D,20230331,000000,14.38,14.515,14.3701,14.4347,19056,0
HJEN.US,D,20230403,000000,14.55,14.63,14.465,14.6055,6745,0
HJEN.US,D,20230404,000000,14.5,14.55,14.225,14.29,11768,0
HJEN.US,D,20230405,000000,14.16,14.17,13.81,13.8875,25715,0
HJEN.US,D,20230406,000000,13.83,13.9,13.8,13.82,7998,0
HJEN.US,D,20230410,000000,13.73,13.8501,13.73,13.8501,11029,0
HJEN.US,D,20230411,000000,13.92,14.05,13.9113,14.019,10921,0
HJEN.US,D,20230412,000000,14.17,14.21,13.925,13.925,5299,0
HJEN.US,D,20230413,000000,14,14.09,13.9,13.92,11201,0
HJEN.US,D,20230414,000000,14.06,14.1,13.9,13.9256,8811,0
HJEN.US,D,20230417,000000,13.88,14.05,13.87,14.0087,13508,0
HJEN.US,D,20230418,000000,14.1,14.11,13.8,13.9001,19809,0
HJEN.US,D,20230419,000000,13.75,13.8399,13.72,13.7675,8915,0
HJEN.US,D,20230420,000000,13.67,13.77,13.66,13.7102,7314,0
HJEN.US,D,20230421,000000,13.69,13.69,13.6201,13.6704,3893,0
HJEN.US,D,20230424,000000,13.69,13.77,13.65,13.71,11549,0
HJEN.US,D,20230425,000000,13.57,13.57,13.3442,13.3652,11430,0
HJEN.US,D,20230426,000000,13.36,13.385,13.095,13.1991,16818,0
HJEN.US,D,20230427,000000,13.45,13.6699,13.45,13.6489,7224,0
HJEN.US,D,20230428,000000,13.54,13.78,13.54,13.774,4343,0
HJEN.US,D,20230501,000000,13.55,13.89,13.55,13.7098,7488,0
HJEN.US,D,20230502,000000,13.51,13.51,13.07,13.31,16300,0
HJEN.US,D,20230503,000000,13.25,13.56,13.25,13.46,13300,0
HJEN.US,D,20230504,000000,13.48,13.55,13.4,13.5395,7307,0
HJEN.US,D,20230505,000000,13.68,14.05,13.68,13.928,12456,0
HJEN.US,D,20230508,000000,14.12,14.13,13.9,13.95,6595,0
HJEN.US,D,20230509,000000,13.64,13.67,13.53,13.57,6151,0
HJEN.US,D,20230510,000000,13.73,13.73,13.35,13.4629,9842,0
HJEN.US,D,20230511,000000,13.29,13.3,13.15,13.1908,8417,0
HJEN.US,D,20230512,000000,13.2,13.37,13.06,13.1451,7129,0
HJEN.US,D,20230515,000000,13.14,13.38,13.0671,13.3726,7388,0
HJEN.US,D,20230516,000000,13.13,13.1699,13.04,13.06,10496,0
HJEN.US,D,20230517,000000,13.06,13.245,13.045,13.17,17846,0
HJEN.US,D,20230518,000000,13.2,13.2,12.99,13.1,10988,0
HJEN.US,D,20230519,000000,13.24,13.35,13.08,13.1,8829,0
HJEN.US,D,20230522,000000,13.14,13.47,13.13,13.4,13740,0
HJEN.US,D,20230523,000000,13.34,13.45,13.22,13.2507,7569,0
HJEN.US,D,20230524,000000,13.15,13.15,12.8601,12.9601,11669,0
HJEN.US,D,20230525,000000,12.98,12.98,12.8,12.91,5965,0
HJEN.US,D,20230526,000000,12.85,12.88,12.77,12.8448,9845,0
HJEN.US,D,20230530,000000,12.85,12.935,12.8,12.83,10875,0
HJEN.US,D,20230531,000000,12.74,12.76,12.535,12.5699,9613,0
HJEN.US,D,20230601,000000,12.65,12.838,12.65,12.77,9739,0
HJEN.US,D,20230602,000000,13.04,13.14,12.9401,13.0655,31869,0
HJEN.US,D,20230605,000000,13.04,13.06,12.85,12.9246,12567,0
HJEN.US,D,20230606,000000,12.79,13.1628,12.6,13.1448,16156,0
HJEN.US,D,20230607,000000,13.2,13.4,13.2,13.285,18460,0
HJEN.US,D,20230608,000000,13.37,13.44,13.26,13.31,20074,0
HJEN.US,D,20230609,000000,13.32,13.39,13.1882,13.27,4891,0
HJEN.US,D,20230612,000000,13.27,13.77,13.2,13.7051,10638,0
HJEN.US,D,20230613,000000,13.8,14.1299,13.8,14.09,9868,0
HJEN.US,D,20230614,000000,14.33,14.36,13.85,13.9059,19818,0
HJEN.US,D,20230615,000000,13.84,14.1399,13.75,14.085,15187,0
HJEN.US,D,20230616,000000,14.3,14.3,13.92,14.0765,9448,0
HJEN.US,D,20230620,000000,13.95,13.95,13.69,13.81,23847,0
HJEN.US,D,20230621,000000,13.7,13.7,13.5662,13.62,7570,0
HJEN.US,D,20230622,000000,13.48,13.48,13.261,13.39,5249,0
HJEN.US,D,20230623,000000,13.04,13.1,13,13,9169,0
HJEN.US,D,20230626,000000,13.02,13.15,13.0053,13.03,9886,0
HJEN.US,D,20230627,000000,13.04,13.08,12.9,12.97,13344,0
HJEN.US,D,20230628,000000,12.97,13.17,12.97,13.02,19114,0
HJEN.US,D,20230629,000000,13.19,13.26,13.1,13.2101,5941,0
HJEN.US,D,20230630,000000,13.36,13.38,13.27,13.345,5083,0
HJEN.US,D,20230703,000000,13.37,13.51,13.37,13.445,8817,0
HJEN.US,D,20230705,000000,13.29,13.3299,13.16,13.22,13981,0
HJEN.US,D,20230706,000000,13,13,12.66,12.7466,18018,0
HJEN.US,D,20230707,000000,13,13.35,13,13.19,16585,0
HJEN.US,D,20230710,000000,13.16,13.42,13.1,13.34,8605,0
HJEN.US,D,20230711,000000,13.47,13.58,13.41,13.55,11841,0
HJEN.US,D,20230712,000000,13.87,13.905,13.81,13.89,7505,0
HJEN.US,D,20230713,000000,14.05,14.338,14.05,14.2943,17920,0
HJEN.US,D,20230714,000000,14.35,14.47,13.9,13.96,16421,0
HJEN.US,D,20230717,000000,13.96,14.3,13.9,14.2249,12810,0
HJEN.US,D,20230718,000000,14.44,14.65,14.35,14.475,12113,0
HJEN.US,D,20230719,000000,14.46,14.68,14.46,14.52,24261,0
HJEN.US,D,20230720,000000,14.47,14.5,14.29,14.375,12466,0
HJEN.US,D,20230721,000000,14.55,14.55,14.3881,14.5,6089,0
HJEN.US,D,20230724,000000,14.5,14.5999,14.4,14.4901,11677,0
HJEN.US,D,20230725,000000,14.29,14.45,14.29,14.31,16175,0
HJEN.US,D,20230726,000000,14.19,14.35,14.19,14.345,11065,0
HJEN.US,D,20230727,000000,14.42,14.4999,14.0959,14.0959,12090,0
HJEN.US,D,20230728,000000,14.21,14.3699,14.2,14.215,11128,0
HJEN.US,D,20230731,000000,14.41,14.63,14.41,14.5815,22168,0
HJEN.US,D,20230801,000000,14.41,14.56,14.395,14.4093,5270,0
HJEN.US,D,20230802,000000,14.22,14.22,13.8,14.02,21242,0
HJEN.US,D,20230803,000000,13.88,14.05,13.85,13.85,81161,0
HJEN.US,D,20230804,000000,14,14.06,13.76,13.76,64209,0
HJEN.US,D,20230807,000000,13.88,13.88,13.612,13.745,15314,0
HJEN.US,D,20230808,000000,13.6,13.72,13.5003,13.7189,15170,0
HJEN.US,D,20230809,000000,13.78,13.87,13.65,13.79,5709,0
HJEN.US,D,20230810,000000,13.71,13.8,13.56,13.5603,14011,0
HJEN.US,D,20230811,000000,13.52,13.56,13.42,13.5347,8535,0
HJEN.US,D,20230814,000000,13.28,13.54,13.28,13.4872,8566,0
HJEN.US,D,20230815,000000,13.42,13.42,13.15,13.2444,7504,0
HJEN.US,D,20230816,000000,13.09,13.17,12.91,12.94,15914,0
HJEN.US,D,20230817,000000,13,13,12.8,12.8,5748,0
HJEN.US,D,20230818,000000,12.75,12.969,12.694,12.93,9994,0
HJEN.US,D,20230821,000000,12.93,12.94,12.85,12.926,3403,0
HJEN.US,D,20230822,000000,12.89,12.94,12.77,12.8051,5378,0
HJEN.US,D,20230823,000000,12.79,12.92,12.79,12.86,4039,0
HJEN.US,D,20230824,000000,12.85,12.85,12.603,12.66,11542,0
HJEN.US,D,20230825,000000,12.76,12.87,12.75,12.815,6207,0
HJEN.US,D,20230828,000000,12.94,13.03,12.94,12.97,11695,0
HJEN.US,D,20230829,000000,12.94,13.28,12.94,13.21,6886,0
HJEN.US,D,20230830,000000,13.25,13.28,13.1226,13.16,4588,0
HJEN.US,D,20230831,000000,13.13,13.2667,13.04,13.1782,4425,0
HJEN.US,D,20230901,000000,13.2,13.25,13.05,13.121,4308,0
HJEN.US,D,20230905,000000,13.03,13.1554,13.0015,13.0654,6508,0
HJEN.US,D,20230906,000000,12.98,13,12.92,13,3160,0
HJEN.US,D,20230907,000000,12.95,12.95,12.7514,12.9466,6224,0
HJEN.US,D,20230908,000000,12.92,12.9869,12.7611,12.87,8030,0
HJEN.US,D,20230911,000000,12.98,13.07,12.92,13.0535,5859,0
HJEN.US,D,20230912,000000,12.84,13.0199,12.83,12.9483,4697,0
HJEN.US,D,20230913,000000,12.86,12.925,12.84,12.9001,5998,0
HJEN.US,D,20230914,000000,13.21,13.2699,13.15,13.2549,3392,0
HJEN.US,D,20230915,000000,13.25,13.31,13.0032,13.11,7256,0
HJEN.US,D,20230918,000000,13,13,12.84,12.9,3632,0
HJEN.US,D,20230919,000000,12.74,12.9395,12.74,12.9395,2906,0
HJEN.US,D,20230920,000000,12.83,12.94,12.755,12.7604,4636,0
HJEN.US,D,20230921,000000,12.58,12.58,12.2,12.326,26680,0
HJEN.US,D,20230922,000000,12.43,12.46,12.21,12.3265,17532,0
HJEN.US,D,20230925,000000,12.21,12.29,12.01,12.21,31166,0
HJEN.US,D,20230926,000000,12.05,12.1099,11.87,11.88,10136,0
HJEN.US,D,20230927,000000,12,12.2,12,12.05,16126,0
HJEN.US,D,20230928,000000,12.002,12.1,11.95,12.0907,7611,0
HJEN.US,D,20230929,000000,12.17,12.25,11.99,12.0042,7069,0
HJEN.US,D,20231002,000000,11.86,11.86,11.5,11.5605,12264,0
HJEN.US,D,20231003,000000,11.36,11.37,11.26,11.26,13666,0
HJEN.US,D,20231004,000000,11.25,11.54,11.12,11.2571,49489,0
HJEN.US,D,20231005,000000,11.21,11.32,11.1501,11.29,13494,0
HJEN.US,D,20231006,000000,11.07,11.3833,11.01,11.3649,35656,0
HJEN.US,D,20231009,000000,11.37,11.5,11.2501,11.3446,12115,0
HJEN.US,D,20231010,000000,11.35,11.75,11.35,11.695,6195,0
HJEN.US,D,20231011,000000,11.9,11.93,11.76,11.836,20793,0
HJEN.US,D,20231012,000000,11.84,11.84,11.6,11.6299,3228,0
HJEN.US,D,20231013,000000,11.67,11.75,11.5201,11.64,16230,0
HJEN.US,D,20231016,000000,11.7,11.85,11.654,11.78,9035,0
HJEN.US,D,20231017,000000,11.67,11.95,11.5803,11.895,12690,0
HJEN.US,D,20231018,000000,11.8,11.8,11.5056,11.54,14996,0
HJEN.US,D,20231019,000000,11.52,11.555,11.3366,11.44,4422,0
HJEN.US,D,20231020,000000,11.27,11.27,11.1301,11.1648,10360,0
HJEN.US,D,20231023,000000,11,11.1,10.85,11.0185,30252,0
HJEN.US,D,20231024,000000,11.06,11.25,11.06,11.17,19218,0
HJEN.US,D,20231025,000000,11.05,11.13,11.05,11.062,5900,0
HJEN.US,D,20231026,000000,10.98,11.0881,10.9203,11.0084,5035,0
HJEN.US,D,20231027,000000,11.04,11.04,10.8501,10.88,9109,0
HJEN.US,D,20231030,000000,11.01,11.06,10.82,11,23176,0
HJEN.US,D,20231031,000000,10.97,11,10.9383,10.964,5375,0
HJEN.US,D,20231101,000000,11,11,10.8601,10.97,2980,0
HJEN.US,D,20231102,000000,11.23,11.51,11.16,11.51,27037,0
HJEN.US,D,20231103,000000,11.86,12.08,11.85,11.98,23326,0
HJEN.US,D,20231106,000000,11.98,11.98,11.5101,11.6301,9797,0
HJEN.US,D,20231107,000000,11.41,11.48,11.2101,11.38,9870,0
HJEN.US,D,20231108,000000,11.34,11.34,11.09,11.1678,3976,0
HJEN.US,D,20231109,000000,11.36,11.59,11.3017,11.33,12557,0
HJEN.US,D,20231110,000000,10.81,10.99,10.6,10.86,29105,0
HJEN.US,D,20231113,000000,10.66,10.7835,10.5801,10.75,13683,0
HJEN.US,D,20231114,000000,11.05,11.61,10.77,11.5654,11958,0
HJEN.US,D,20231115,000000,11.59,11.89,11.59,11.62,10925,0
HJEN.US,D,20231116,000000,11.59,11.59,11.43,11.53,6650,0
HJEN.US,D,20231117,000000,11.67,11.72,11.49,11.61,7354,0
HJEN.US,D,20231120,000000,11.82,11.89,11.73,11.85,11551,0
HJEN.US,D,20231121,000000,11.62,11.67,11.52,11.52,11155,0
HJEN.US,D,20231122,000000,11.52,11.57,11.44,11.472,10765,0
HJEN.US,D,20231124,000000,11.48,11.61,11.46,11.5802,3873,0
HJEN.US,D,20231127,000000,11.59,11.64,11.5301,11.5503,4199,0
HJEN.US,D,20231128,000000,11.48,11.65,11.4,11.65,8308,0
HJEN.US,D,20231129,000000,11.65,11.84,11.65,11.72,9949,0
HJEN.US,D,20231130,000000,11.81,11.87,11.76,11.8051,4408,0
HJEN.US,D,20231201,000000,11.61,12.05,11.61,12.03,11931,0
HJEN.US,D,20231204,000000,12.04,12.19,11.99,12.15,9795,0
HJEN.US,D,20231205,000000,12.04,12.04,11.8,11.8474,10884,0
HJEN.US,D,20231206,000000,11.78,11.8099,11.57,11.57,5333,0
HJEN.US,D,20231207,000000,11.56,11.6356,11.51,11.6356,7136,0
HJEN.US,D,20231208,000000,11.6,11.69,11.58,11.6192,12487,0
HJEN.US,D,20231211,000000,11.57,11.6199,11.5386,11.55,8018,0
HJEN.US,D,20231212,000000,11.49,11.55,11.37,11.4,6459,0
HJEN.US,D,20231213,000000,11.32,11.79,11.15,11.79,16541,0
HJEN.US,D,20231214,000000,11.86,12.28,11.86,12.13,21573,0
HJEN.US,D,20231215,000000,12.2,12.3,12,12,13011,0
HJEN.US,D,20231218,000000,12,12.09,11.83,11.85,13864,0
HJEN.US,D,20231219,000000,11.82,12.06,11.82,11.9866,8863,0
HJEN.US,D,20231220,000000,11.88,12.015,11.65,11.65,22707,0
HJEN.US,D,20231221,000000,11.9,11.97,11.85,11.9415,5217,0
HJEN.US,D,20231222,000000,12.01,12.1,11.9301,12.04,26327,0
HJEN.US,D,20231226,000000,12.15,12.29,12.06,12.2572,33134,0
HJEN.US,D,20231227,000000,12.29,12.43,12.28,12.32,6687,0
HJEN.US,D,20231228,000000,12.32,12.41,12.24,12.316,16134,0
HJEN.US,D,20231229,000000,12.35,12.35,12.06,12.23,17980,0
HJEN.US,D,20240102,000000,12.07,12.1999,12,12.076,10754,0
HJEN.US,D,20240103,000000,11.94,12.41,11.71,12.41,18321,0
HJEN.US,D,20240104,000000,11.84,11.94,11.8,11.8,9706,0
HJEN.US,D,20240105,000000,11.76,11.94,11.71,11.72,17290,0
HJEN.US,D,20240108,000000,11.68,11.94,11.55,11.73,20413,0
HJEN.US,D,20240109,000000,11.56,11.68,11.52,11.52,7356,0
HJEN.US,D,20240110,000000,11.57,11.58,11.4564,11.48,5163,0
HJEN.US,D,20240111,000000,11.4,11.45,11.12,11.25,10355,0
HJEN.US,D,20240112,000000,11.34,11.395,11.16,11.2489,14937,0
HJEN.US,D,20240116,000000,11.08,11.08,10.7854,10.79,41633,0
HJEN.US,D,20240117,000000,10.61,10.61,10.45,10.52,11920,0
HJEN.US,D,20240118,000000,10.58,10.585,10.45,10.536,18525,0
HJEN.US,D,20240119,000000,10.53,10.53,10.38,10.53,10956,0
HJEN.US,D,20240122,000000,10.56,10.83,10.56,10.78,50942,0
HJEN.US,D,20240123,000000,10.83,11.06,10.81,11.0172,11693,0
HJEN.US,D,20240124,000000,11.21,11.35,10.99,10.99,34864,0
HJEN.US,D,20240125,000000,11.02,11.02,10.8601,10.97,6430,0
HJEN.US,D,20240126,000000,11.02,11.1,10.98,10.99,6041,0
HJEN.US,D,20240129,000000,10.93,11.2,10.905,11.2,11420,0
HJEN.US,D,20240130,000000,11.06,11.06,10.93,10.95,15554,0
HJEN.US,D,20240131,000000,11.09,11.37,11.04,11.04,3945,0
HJEN.US,D,20240201,000000,11.3,11.55,11.11,11.23,48225,0
HJEN.US,D,20240202,000000,11.3,11.3,11.1,11.29,8276,0
HJEN.US,D,20240205,000000,11.06,11.09,10.8,10.85,15283,0
HJEN.US,D,20240206,000000,10.76,10.94,10.76,10.8648,8901,0
HJEN.US,D,20240207,000000,10.88,10.95,10.75,10.82,11864,0
HJEN.US,D,20240208,000000,10.86,10.88,10.7601,10.88,10274,0
HJEN.US,D,20240209,000000,10.91,10.95,10.825,10.9418,17483,0
HJEN.US,D,20240212,000000,10.96,11.37,10.96,11.26,13766,0
HJEN.US,D,20240213,000000,11.11,11.11,10.75,10.8247,14917,0
HJEN.US,D,20240214,000000,10.94,10.96,10.855,10.96,10724,0
HJEN.US,D,20240215,000000,10.95,11.1091,10.93,11,9951,0
HJEN.US,D,20240216,000000,10.8,10.91,10.7414,10.83,11253,0
HJEN.US,D,20240220,000000,10.82,10.84,10.64,10.73,21381,0
HJEN.US,D,20240221,000000,10.72,10.76,10.58,10.6704,34350,0
HJEN.US,D,20240222,000000,10.8,10.8,10.5,10.51,15404,0
HJEN.US,D,20240223,000000,10.51,10.52,10.37,10.4033,25603,0
HJEN.US,D,20240226,000000,10.4,10.52,10.37,10.43,13128,0
HJEN.US,D,20240227,000000,10.52,10.729,10.52,10.68,6558,0
HJEN.US,D,20240228,000000,10.68,10.75,10.5757,10.6201,11943,0
HJEN.US,D,20240229,000000,10.7,10.87,10.63,10.6776,6767,0
HJEN.US,D,20240301,000000,10.66,10.9,10.66,10.9,7558,0
HJEN.US,D,20240304,000000,10.97,10.98,10.76,10.88,15173,0
HJEN.US,D,20240305,000000,10.89,10.89,10.76,10.86,8046,0
HJEN.US,D,20240306,000000,10.98,11.13,10.935,11.11,24436,0
HJEN.US,D,20240307,000000,11.09,11.19,11.06,11.1,12975,0
HJEN.US,D,20240308,000000,11.23,11.3199,11.1641,11.1996,4596,0
HJEN.US,D,20240311,000000,11.16,11.16,10.93,10.9573,16698,0
HJEN.US,D,20240312,000000,11,11,10.8,10.82,15105,0
HJEN.US,D,20240313,000000,10.78,10.93,10.7001,10.72,12368,0
HJEN.US,D,20240314,000000,10.97,10.97,10.6301,10.7264,6684,0
HJEN.US,D,20240315,000000,10.73,10.85,10.72,10.81,178169,0
HJEN.US,D,20240318,000000,10.81,10.81,10.68,10.68,8247,0
HJEN.US,D,20240319,000000,10.71,10.7699,10.6,10.7685,14271,0
HJEN.US,D,20240320,000000,10.7,10.885,10.6236,10.83,5862,0
HJEN.US,D,20240321,000000,10.91,11,10.9,10.92,16006,0
HJEN.US,D,20240322,000000,10.9,10.9,10.721,10.8249,5229,0
HJEN.US,D,20240325,000000,10.82,10.96,10.75,10.7724,11333,0
HJEN.US,D,20240326,000000,10.85,10.91,10.78,10.8086,7183,0
HJEN.US,D,20240327,000000,10.82,10.9799,10.8,10.912,5894,0
HJEN.US,D,20240328,000000,11,11.07,10.95,11.07,12659,0
HJEN.US,D,20240401,000000,11.13,11.19,10.9316,11.125,14314,0
HJEN.US,D,20240402,000000,11.12,11.12,11.005,11.04,3363,0
HJEN.US,D,20240403,000000,11.02,11.21,11.02,11.1443,6206,0
HJEN.US,D,20240404,000000,11.23,11.4,11.129,11.129,5334,0
HJEN.US,D,20240405,000000,11.09,11.15,11.065,11.1095,3732,0
HJEN.US,D,20240408,000000,11.14,11.25,11.1322,11.1572,10839,0
HJEN.US,D,20240409,000000,11.2,11.48,11.2,11.35,14077,0
HJEN.US,D,20240410,000000,11.06,11.11,10.9001,11,9876,0
HJEN.US,D,20240411,000000,11.06,11.11,10.85,11.02,6047,0
HJEN.US,D,20240412,000000,10.97,10.97,10.79,10.8185,5817,0
HJEN.US,D,20240415,000000,10.81,10.865,10.56,10.585,9689,0
HJEN.US,D,20240416,000000,10.55,10.55,10.4,10.4741,12638,0
HJEN.US,D,20240417,000000,10.32,10.4286,10.23,10.319,8316,0
HJEN.US,D,20240418,000000,10.38,10.4599,10.31,10.335,8724,0
HJEN.US,D,20240419,000000,10.37,10.41,10.25,10.32,4367,0
HJEN.US,D,20240422,000000,10.27,10.28,10.1201,10.28,16026,0
HJEN.US,D,20240423,000000,10.26,10.47,10.26,10.36,4121,0
HJEN.US,D,20240424,000000,10.35,10.35,10.17,10.22,3648,0
HJEN.US,D,20240425,000000,10.01,10.17,9.9636,10.0951,6209,0
HJEN.US,D,20240426,000000,10.17,10.3858,10.17,10.3858,3209,0
HJEN.US,D,20240429,000000,10.55,10.62,10.48,10.62,18558,0
HJEN.US,D,20240430,000000,10.55,10.55,10.5,10.54,10469,0
HJEN.US,D,20240501,000000,10.48,10.56,10.4,10.4,7772,0
HJEN.US,D,20240502,000000,10.35,10.5901,10.35,10.5901,2347,0
HJEN.US,D,20240503,000000,10.75,10.8999,10.75,10.865,11421,0
HJEN.US,D,20240506,000000,10.94,10.975,10.89,10.91,3792,0
HJEN.US,D,20240507,000000,10.99,10.99,10.8201,10.95,7479,0
HJEN.US,D,20240508,000000,10.75,10.75,10.61,10.61,54810,0
HJEN.US,D,20240509,000000,10.65,11,10.65,10.9589,7437,0
HJEN.US,D,20240510,000000,11.1,11.18,10.8,10.9,13843,0
HJEN.US,D,20240513,000000,10.89,11.1098,10.88,10.96,9077,0
HJEN.US,D,20240514,000000,11.91,12,11.611,11.68,21114,0
HJEN.US,D,20240515,000000,11.68,11.75,11.4999,11.6183,9648,0
HJEN.US,D,20240516,000000,11.63,11.66,11.43,11.66,5234,0
HJEN.US,D,20240517,000000,11.5,11.65,11.48,11.48,4174,0
HJEN.US,D,20240520,000000,11.54,11.64,11.4701,11.5647,7467,0
HJEN.US,D,20240521,000000,11.53,11.76,11.53,11.73,6455,0
HJEN.US,D,20240522,000000,11.81,12.35,11.81,12.1408,18965,0
HJEN.US,D,20240523,000000,12.4,12.4,11.96,12.08,7926,0
HJEN.US,D,20240524,000000,12.06,12.37,12.06,12.305,7008,0
HJEN.US,D,20240528,000000,12.75,13.15,12.75,12.9,83157,0
HJEN.US,D,20240529,000000,12.45,12.47,12.27,12.3,13055,0
HJEN.US,D,20240530,000000,12.37,12.5499,12.2289,12.47,5676,0
HJEN.US,D,20240531,000000,12.82,12.93,12.5701,12.73,35397,0
HJEN.US,D,20240603,000000,12.89,12.95,12.58,12.82,52225,0
HJEN.US,D,20240604,000000,12.68,12.68,12.38,12.44,12734,0
HJEN.US,D,20240605,000000,12.48,12.48,12.23,12.27,22968,0
HJEN.US,D,20240606,000000,12.34,12.34,12.12,12.235,5066,0
HJEN.US,D,20240607,000000,12.0969,12.0969,11.995,11.995,2825,0
HJEN.US,D,20240610,000000,11.91,12.25,11.85,12.2,12162,0
HJEN.US,D,20240611,000000,12,12,11.69,11.92,17196,0
HJEN.US,D,20240612,000000,12.11,12.25,11.97,11.97,8052,0
HJEN.US,D,20240613,000000,11.91,11.94,11.7,11.785,12039,0
HJEN.US,D,20240614,000000,11.62,11.62,11.34,11.36,6361,0
HJEN.US,D,20240617,000000,11.29,11.305,11.1,11.28,10794,0
HJEN.US,D,20240618,000000,11.26,11.44,11.24,11.3009,6604,0
HJEN.US,D,20240620,000000,11.24,11.34,11.23,11.2851,15205,0
HJEN.US,D,20240621,000000,11.1001,11.1212,10.94,10.99,9383,0
