<TICKER>,<PER>,<DATE>,<TIME>,<OPEN>,<HIGH>,<LOW>,<CLOSE>,<VOL>,<OPENINT>
HYFI.US,D,20230516,000000,35.04,35.0499,34.92,34.93,21349,0
HYFI.US,D,20230517,000000,34.81,34.98,34.81,34.9158,12146,0
HYFI.US,D,20230518,000000,34.78,34.92,34.67,34.883,21254,0
HYFI.US,D,20230519,000000,34.85,34.92,34.76,34.85,13857,0
HYFI.US,D,20230522,000000,34.96,35.08,34.755,34.9669,16022,0
HYFI.US,D,20230523,000000,35.02,35.02,34.79,34.8522,18363,0
HYFI.US,D,20230524,000000,34.98,34.98,34.6675,34.7002,17517,0
HYFI.US,D,20230525,000000,34.6701,34.76,34.65,34.662,5516,0
HYFI.US,D,20230526,000000,34.75,34.845,34.65,34.7943,8267,0
HYFI.US,D,20230530,000000,35.2,35.2,34.86,34.9116,11772,0
HYFI.US,D,20230531,000000,34.91,34.91,34.78,34.8588,4762,0
HYFI.US,D,20230601,000000,34.8101,34.96,34.77,34.885,18790,0
HYFI.US,D,20230602,000000,35.02,35.17,34.91,35.0519,13325,0
HYFI.US,D,20230605,000000,35,35.04,34.89,34.98,3516,0
HYFI.US,D,20230606,000000,35.07,35.07,34.9101,35.025,2446,0
HYFI.US,D,20230607,000000,35.09,35.09,34.96,34.9806,13339,0
HYFI.US,D,20230608,000000,34.97,35.12,34.97,35.1142,1894,0
HYFI.US,D,20230609,000000,35.05,35.15,35.05,35.1,1845,0
HYFI.US,D,20230612,000000,35.05,35.18,35.05,35.1283,1804,0
HYFI.US,D,20230613,000000,35.12,35.26,35.12,35.155,2722,0
HYFI.US,D,20230614,000000,35.24,35.345,35.19,35.19,2373,0
HYFI.US,D,20230615,000000,35.25,35.38,35.24,35.3383,25850,0
HYFI.US,D,20230616,000000,35.2803,35.49,35.25,35.2745,7394,0
HYFI.US,D,20230620,000000,35.26,35.27,35.22,35.2436,3435,0
HYFI.US,D,20230621,000000,35.12,35.26,35.1101,35.15,4555,0
HYFI.US,D,20230622,000000,35.056,35.09,34.92,35.07,3480,0
HYFI.US,D,20230623,000000,35,35.03,34.96,34.995,12478,0
HYFI.US,D,20230626,000000,35.01,35.07,34.99,35.0479,7086,0
HYFI.US,D,20230627,000000,35.08,35.18,35.0401,35.11,2097,0
HYFI.US,D,20230628,000000,35.15,35.24,35.03,35.2017,5143,0
HYFI.US,D,20230629,000000,35.06,35.2,35.02,35.1443,2422,0
HYFI.US,D,20230630,000000,35.22,35.38,35.22,35.3396,3718,0
HYFI.US,D,20230703,000000,35.18,35.18,35.0946,35.11,3339,0
HYFI.US,D,20230705,000000,34.98,35.205,34.98,35.02,3985,0
HYFI.US,D,20230706,000000,34.8,34.815,34.12,34.7619,21821,0
HYFI.US,D,20230707,000000,35.01,35.01,34.8042,34.8042,8083,0
HYFI.US,D,20230710,000000,34.79,35.01,34.79,34.98,9609,0
HYFI.US,D,20230711,000000,35.07,35.14,35.01,35.09,7417,0
HYFI.US,D,20230712,000000,35.43,35.43,35.3,35.37,6463,0
HYFI.US,D,20230713,000000,35.4,35.61,35.4,35.5786,7353,0
HYFI.US,D,20230714,000000,35.59,35.59,35.345,35.345,270100,0
HYFI.US,D,20230717,000000,35.34,35.43,35.285,35.4048,28082,0
HYFI.US,D,20230718,000000,35.48,35.5699,35.48,35.505,9504,0
HYFI.US,D,20230719,000000,35.57,35.57,35.51,35.5572,5093,0
HYFI.US,D,20230720,000000,35.405,35.405,35.3,35.365,20474,0
HYFI.US,D,20230721,000000,35.47,35.59,35.47,35.4822,56054,0
HYFI.US,D,20230724,000000,35.51,35.6199,35.47,35.47,4418,0
HYFI.US,D,20230725,000000,35.4,35.5,35.39,35.43,16685,0
HYFI.US,D,20230726,000000,35.49,35.58,35.47,35.58,5824,0
HYFI.US,D,20230727,000000,35.64,35.64,35.255,35.3155,10798,0
HYFI.US,D,20230728,000000,35.47,35.51,35.2201,35.51,74090,0
HYFI.US,D,20230731,000000,35.57,35.65,35.56,35.635,13390,0
HYFI.US,D,20230801,000000,35.36,35.36,35.2,35.2291,7420,0
HYFI.US,D,20230802,000000,35.22,35.22,35.08,35.1674,9114,0
HYFI.US,D,20230803,000000,35.03,35.13,34.995,35.0559,6616,0
HYFI.US,D,20230804,000000,35.26,35.34,35.19,35.22,9129,0
HYFI.US,D,20230807,000000,35.29,35.29,35.1601,35.245,4001,0
HYFI.US,D,20230808,000000,35.23,35.36,35.23,35.3344,108577,0
HYFI.US,D,20230809,000000,35.34,35.41,35.34,35.355,3245,0
HYFI.US,D,20230810,000000,35.43,35.44,35.29,35.325,22620,0
HYFI.US,D,20230811,000000,35.23,35.29,35.1906,35.245,4452,0
HYFI.US,D,20230814,000000,35.16,35.39,35.16,35.3045,12877,0
HYFI.US,D,20230815,000000,35.17,35.27,35.15,35.214,8702,0
HYFI.US,D,20230816,000000,35.13,35.28,35.13,35.13,10812,0
HYFI.US,D,20230817,000000,35.07,35.07,34.9298,34.9298,5632,0
HYFI.US,D,20230818,000000,35.0191,35.04,34.88,34.94,9051,0
HYFI.US,D,20230821,000000,35.03,35.03,34.91,34.9175,5425,0
HYFI.US,D,20230822,000000,35.03,35.03,34.96,34.9797,3495,0
HYFI.US,D,20230823,000000,35.12,35.25,35.1,35.2407,12699,0
HYFI.US,D,20230824,000000,35.21,35.21,35.01,35.05,24897,0
HYFI.US,D,20230825,000000,35.08,35.22,35.05,35.1644,20093,0
HYFI.US,D,20230828,000000,35.28,35.32,35.23,35.3081,23569,0
HYFI.US,D,20230829,000000,35.3097,35.5,35.285,35.48,103733,0
HYFI.US,D,20230830,000000,35.48,35.5395,35.45,35.4668,17188,0
HYFI.US,D,20230831,000000,35.475,35.51,35.4,35.4812,14117,0
HYFI.US,D,20230901,000000,35.41,35.41,35.22,35.2488,5336,0
HYFI.US,D,20230905,000000,35.29,35.29,35.1,35.113,5511,0
HYFI.US,D,20230906,000000,35.04,35.09,35.01,35.055,7160,0
HYFI.US,D,20230907,000000,35.09,35.2,35.09,35.1748,5961,0
HYFI.US,D,20230908,000000,35.26,35.26,35.13,35.145,3366,0
HYFI.US,D,20230911,000000,35.199,35.22,35.17,35.19,6747,0
HYFI.US,D,20230912,000000,35.09,35.22,35.09,35.185,4151,0
HYFI.US,D,20230913,000000,35.25,35.31,35.23,35.2517,4542,0
HYFI.US,D,20230914,000000,35.28,35.3,35.26,35.285,1364,0
HYFI.US,D,20230915,000000,35.21,35.24,35.18,35.2062,52004,0
HYFI.US,D,20230918,000000,35.18,35.25,35.18,35.1907,6375,0
HYFI.US,D,20230919,000000,35.19,35.19,35.1,35.1148,10497,0
HYFI.US,D,20230920,000000,35.17,35.26,35.12,35.12,16008,0
HYFI.US,D,20230921,000000,34.99,34.99,34.885,34.8853,3792,0
HYFI.US,D,20230922,000000,35.02,35.0201,34.97,34.97,1778,0
HYFI.US,D,20230925,000000,34.86,34.91,34.81,34.8747,14134,0
HYFI.US,D,20230926,000000,34.89,34.89,34.7,34.755,7264,0
HYFI.US,D,20230927,000000,34.84,34.84,34.6209,34.7106,17284,0
HYFI.US,D,20230928,000000,34.69,34.84,34.69,34.8396,6642,0
HYFI.US,D,20230929,000000,34.96,34.985,34.8,34.8,5050,0
HYFI.US,D,20231002,000000,34.45,34.45,34.34,34.3927,3308,0
HYFI.US,D,20231003,000000,34.29,34.32,34.05,34.0703,11689,0
HYFI.US,D,20231004,000000,34.13,34.2324,34.05,34.2312,3042,0
HYFI.US,D,20231005,000000,34.21,34.26,34.17,34.225,6405,0
HYFI.US,D,20231006,000000,34.05,34.29,34.02,34.2576,2052,0
HYFI.US,D,20231009,000000,34.24,34.494,34.2301,34.494,5234,0
HYFI.US,D,20231010,000000,34.37,34.54,34.34,34.4848,7090,0
HYFI.US,D,20231011,000000,34.49,34.51,34.38,34.5,4974,0
HYFI.US,D,20231012,000000,34.45,34.45,34.24,34.3171,2852,0
HYFI.US,D,20231013,000000,34.48,34.52,34.2953,34.2953,2869,0
HYFI.US,D,20231016,000000,34.26,34.285,34.21,34.2261,69314,0
HYFI.US,D,20231017,000000,34.0868,34.1398,34.0868,34.11,10004,0
HYFI.US,D,20231018,000000,34.03,34.035,33.9292,33.9292,8066,0
HYFI.US,D,20231019,000000,34.02,34.0209,33.8301,33.8301,4809,0
HYFI.US,D,20231020,000000,33.885,33.96,33.885,33.9061,10329,0
HYFI.US,D,20231023,000000,33.86,34.12,33.86,34.05,2299,0
HYFI.US,D,20231024,000000,34.09,34.2,34.09,34.175,3828,0
HYFI.US,D,20231025,000000,34.13,34.13,33.98,34.005,7304,0
HYFI.US,D,20231026,000000,34.08,34.15,34.04,34.1352,5042,0
HYFI.US,D,20231027,000000,34.12,34.14,34.01,34.0567,38488,0
HYFI.US,D,20231030,000000,34.12,34.149,34.0008,34.0823,19422,0
HYFI.US,D,20231031,000000,34.17,34.31,34.17,34.2002,1864,0
HYFI.US,D,20231101,000000,34.081,34.25,34.07,34.2302,1917,0
HYFI.US,D,20231102,000000,34.565,34.63,34.54,34.5833,2980,0
HYFI.US,D,20231103,000000,35.96,35.96,34.74,34.955,6979,0
HYFI.US,D,20231106,000000,35.03,35.03,34.796,34.8507,6034,0
HYFI.US,D,20231107,000000,34.75,34.9189,34.75,34.86,7609,0
HYFI.US,D,20231108,000000,34.93,34.99,34.83,34.9,33993,0
HYFI.US,D,20231109,000000,34.89,34.89,34.665,34.665,4176,0
HYFI.US,D,20231110,000000,34.8,34.87,34.7215,34.7852,52848,0
HYFI.US,D,20231113,000000,34.67,34.8,34.67,34.7714,6330,0
HYFI.US,D,20231114,000000,35.21,35.2299,35.12,35.1393,8273,0
HYFI.US,D,20231115,000000,35.035,35.08,34.99,35.08,11567,0
HYFI.US,D,20231116,000000,35.07,35.1586,35.05,35.1104,4072,0
HYFI.US,D,20231117,000000,35.17,35.21,35.09,35.1762,16957,0
HYFI.US,D,20231120,000000,35.26,35.3399,35.19,35.2619,5651,0
HYFI.US,D,20231121,000000,35.2613,35.27,35.24,35.27,10790,0
HYFI.US,D,20231122,000000,35.26,35.39,35.25,35.3335,5543,0
HYFI.US,D,20231124,000000,35.33,35.34,35.3175,35.325,2607,0
HYFI.US,D,20231127,000000,35.34,35.42,35.31,35.3977,5963,0
HYFI.US,D,20231128,000000,35.41,35.55,35.32,35.4998,77777,0
HYFI.US,D,20231129,000000,35.7,35.77,35.66,35.686,16000,0
HYFI.US,D,20231130,000000,35.57,35.655,35.5049,35.63,19823,0
HYFI.US,D,20231201,000000,35.49,35.775,35.49,35.7193,7828,0
HYFI.US,D,20231204,000000,35.58,35.7,35.56,35.655,7691,0
HYFI.US,D,20231205,000000,35.76,35.76,35.675,35.7133,11953,0
HYFI.US,D,20231206,000000,35.7352,35.84,35.6968,35.6968,24475,0
HYFI.US,D,20231207,000000,35.84,35.8689,35.69,35.78,28510,0
HYFI.US,D,20231208,000000,35.75,35.78,35.64,35.7487,16371,0
HYFI.US,D,20231211,000000,35.7,35.785,35.62,35.7317,22417,0
HYFI.US,D,20231212,000000,35.66,35.865,35.66,35.86,3398,0
HYFI.US,D,20231213,000000,35.82,36.375,35.82,36.3374,14906,0
HYFI.US,D,20231214,000000,36.56,36.72,36.4001,36.4489,20464,0
HYFI.US,D,20231215,000000,36.38,36.5499,36.36,36.4391,7543,0
HYFI.US,D,20231218,000000,36.56,36.56,36.3464,36.4664,25484,0
HYFI.US,D,20231219,000000,36.43,36.6267,36.43,36.5365,16962,0
HYFI.US,D,20231220,000000,36.62,36.77,36.56,36.5847,91107,0
HYFI.US,D,20231221,000000,36.8,36.8,36.6,36.7986,5609,0
HYFI.US,D,20231222,000000,36.81,36.91,36.62,36.7,44633,0
HYFI.US,D,20231226,000000,36.72,36.77,36.7,36.74,6038,0
HYFI.US,D,20231227,000000,36.7317,36.99,36.7317,36.8903,11990,0
HYFI.US,D,20231228,000000,36.73,36.74,36.53,36.5804,9789,0
HYFI.US,D,20231229,000000,36.56,36.56,36.4983,36.4983,3448,0
HYFI.US,D,20240102,000000,36.3321,36.4299,36.33,36.358,6432,0
HYFI.US,D,20240103,000000,36.24,36.365,36.2,36.305,31264,0
HYFI.US,D,20240104,000000,36.36,36.36,36.15,36.17,22236,0
HYFI.US,D,20240105,000000,36.03,36.3099,36.03,36.11,13687,0
HYFI.US,D,20240108,000000,36.13,36.39,36.1265,36.3499,9804,0
HYFI.US,D,20240109,000000,36.32,36.43,36.29,36.43,30494,0
HYFI.US,D,20240110,000000,36.52,36.52,36.4,36.4769,140106,0
HYFI.US,D,20240111,000000,36.48,36.59,36.4092,36.5754,4911,0
HYFI.US,D,20240112,000000,36.7,36.7,36.585,36.625,6870,0
HYFI.US,D,20240116,000000,36.53,36.55,36.3702,36.3702,11357,0
HYFI.US,D,20240117,000000,36.26,36.32,36.23,36.286,9659,0
HYFI.US,D,20240118,000000,36.32,36.38,36.28,36.3515,9118,0
HYFI.US,D,20240119,000000,36.33,36.39,36.2,36.37,40005,0
HYFI.US,D,20240122,000000,36.5,36.5,36.39,36.425,43160,0
HYFI.US,D,20240123,000000,36.45,36.45,36.33,36.4043,83728,0
HYFI.US,D,20240124,000000,36.55,37.75,36.43,36.43,181529,0
HYFI.US,D,20240125,000000,36.6,36.64,36.5,36.6365,59562,0
HYFI.US,D,20240126,000000,36.6499,36.7196,36.61,36.6347,72943,0
HYFI.US,D,20240129,000000,36.669,36.7028,36.635,36.7028,8398,0
HYFI.US,D,20240130,000000,36.68,36.7399,36.61,36.6652,27883,0
HYFI.US,D,20240131,000000,36.705,36.73,36.5988,36.5988,3422,0
HYFI.US,D,20240201,000000,36.56,36.68,36.53,36.68,53264,0
HYFI.US,D,20240202,000000,36.41,36.59,36.4,36.5,111860,0
HYFI.US,D,20240205,000000,36.41,36.41,36.19,36.22,37210,0
HYFI.US,D,20240206,000000,36.31,36.5,36.3,36.4531,5396,0
HYFI.US,D,20240207,000000,36.57,36.57,36.37,36.459,29505,0
HYFI.US,D,20240208,000000,36.48,36.5,36.4,36.4612,14600,0
HYFI.US,D,20240209,000000,36.48,36.59,36.4705,36.5493,6954,0
HYFI.US,D,20240212,000000,36.49,36.59,36.4644,36.4644,200809,0
HYFI.US,D,20240213,000000,36.26,36.3,36.17,36.24,23887,0
HYFI.US,D,20240214,000000,36.26,36.4,36.26,36.3654,35344,0
HYFI.US,D,20240215,000000,36.39,36.52,36.39,36.4966,79707,0
HYFI.US,D,20240216,000000,36.34,36.39,36.31,36.3673,5109,0
HYFI.US,D,20240220,000000,36.39,36.52,36.36,36.47,19382,0
HYFI.US,D,20240221,000000,36.44,36.46,36.34,36.41,17442,0
HYFI.US,D,20240222,000000,36.54,36.58,36.5,36.5362,46117,0
HYFI.US,D,20240223,000000,36.59,36.61,36.53,36.56,14961,0
HYFI.US,D,20240226,000000,36.58,36.58,36.39,36.4,11926,0
HYFI.US,D,20240227,000000,36.42,36.5199,36.42,36.44,9000,0
HYFI.US,D,20240228,000000,36.39,36.52,36.39,36.44,84322,0
HYFI.US,D,20240229,000000,36.54,36.68,36.4606,36.55,32785,0
HYFI.US,D,20240301,000000,36.31,36.49,36.31,36.47,10608,0
HYFI.US,D,20240304,000000,36.4,36.5,36.3814,36.49,20360,0
HYFI.US,D,20240305,000000,36.45,36.52,36.4019,36.4194,13708,0
HYFI.US,D,20240306,000000,36.57,36.59,36.48,36.5172,15039,0
HYFI.US,D,20240307,000000,36.63,36.63,36.505,36.505,16105,0
HYFI.US,D,20240308,000000,36.61,36.78,36.5699,36.5699,57141,0
HYFI.US,D,20240311,000000,36.55,36.66,36.5,36.53,17319,0
HYFI.US,D,20240312,000000,36.56,36.59,36.51,36.59,17932,0
HYFI.US,D,20240313,000000,36.57,36.83,36.57,36.62,10818,0
HYFI.US,D,20240314,000000,36.63,36.63,36.4,36.44,11686,0
HYFI.US,D,20240315,000000,36.3801,36.51,36.3801,36.4795,13197,0
HYFI.US,D,20240318,000000,36.59,36.59,36.49,36.5197,2392,0
HYFI.US,D,20240319,000000,36.47,36.66,36.47,36.66,6506,0
HYFI.US,D,20240320,000000,36.57,36.87,36.57,36.78,24812,0
HYFI.US,D,20240321,000000,36.84,36.84,36.73,36.7333,8849,0
HYFI.US,D,20240322,000000,36.79,36.79,36.68,36.73,24540,0
HYFI.US,D,20240325,000000,36.71,36.73,36.6701,36.71,8274,0
HYFI.US,D,20240326,000000,36.677,36.7,36.65,36.6502,5022,0
HYFI.US,D,20240327,000000,36.71,36.81,36.68,36.81,21505,0
HYFI.US,D,20240328,000000,36.79,36.85,36.76,36.78,98685,0
HYFI.US,D,20240401,000000,36.65,36.65,36.41,36.41,28254,0
HYFI.US,D,20240402,000000,36.35,36.39,36.3,36.36,24614,0
HYFI.US,D,20240403,000000,36.3395,36.39,36.3,36.36,11972,0
HYFI.US,D,20240404,000000,36.42,36.46,36.35,36.35,22004,0
HYFI.US,D,20240405,000000,36.38,36.38,36.29,36.29,15003,0
HYFI.US,D,20240408,000000,36.28,36.39,36.28,36.3643,198576,0
HYFI.US,D,20240409,000000,36.44,36.47,36.41,36.45,12303,0
HYFI.US,D,20240410,000000,36.15,36.3164,36.15,36.1646,11834,0
HYFI.US,D,20240411,000000,36.18,36.2327,36.092,36.18,115685,0
HYFI.US,D,20240412,000000,36.15,36.15,36.06,36.08,7575,0
HYFI.US,D,20240415,000000,36.05,36.07,35.89,35.9148,15860,0
HYFI.US,D,20240416,000000,35.86,35.8897,35.8,35.825,4572,0
HYFI.US,D,20240417,000000,35.93,35.93,35.85,35.85,12956,0
HYFI.US,D,20240418,000000,35.9,35.9,35.82,35.88,7840,0
HYFI.US,D,20240419,000000,35.89,35.96,35.88,35.93,6154,0
HYFI.US,D,20240422,000000,35.98,36.09,35.94,36.09,10126,0
HYFI.US,D,20240423,000000,36.08,36.25,36.08,36.18,25917,0
HYFI.US,D,20240424,000000,36.1328,36.17,36.09,36.15,10061,0
HYFI.US,D,20240425,000000,36.02,36.08,35.92,36.04,22457,0
HYFI.US,D,20240426,000000,36.1,36.18,36.1,36.1,40445,0
HYFI.US,D,20240429,000000,36.15,36.23,36.15,36.21,9266,0
HYFI.US,D,20240430,000000,36.09,36.17,36.02,36.02,6543,0
HYFI.US,D,20240501,000000,35.89,36.0439,35.87,36.015,6844,0
HYFI.US,D,20240502,000000,36.05,36.17,36.03,36.12,26356,0
HYFI.US,D,20240503,000000,36.28,36.385,36.28,36.345,15463,0
HYFI.US,D,20240506,000000,36.43,36.45,36.41,36.41,4671,0
HYFI.US,D,20240507,000000,36.51,36.51,36.41,36.423,22192,0
HYFI.US,D,20240508,000000,36.39,36.4,36.35,36.38,8608,0
HYFI.US,D,20240509,000000,36.34,36.43,36.34,36.42,16053,0
HYFI.US,D,20240510,000000,36.34,36.37,36.31,36.3135,4891,0
HYFI.US,D,20240513,000000,36.35,36.4,36.31,36.31,7819,0
HYFI.US,D,20240514,000000,36.335,36.37,36.3,36.36,9005,0
HYFI.US,D,20240515,000000,36.51,36.56,36.47,36.53,8489,0
HYFI.US,D,20240516,000000,36.47,36.67,36.47,36.5001,36303,0
HYFI.US,D,20240517,000000,36.4596,36.5,36.44,36.4741,6237,0
HYFI.US,D,20240520,000000,36.52,36.52,36.47,36.49,10908,0
HYFI.US,D,20240521,000000,36.56,36.58,36.52,36.53,8630,0
HYFI.US,D,20240522,000000,36.4531,36.51,36.42,36.43,39761,0
HYFI.US,D,20240523,000000,36.47,36.47,36.3,36.35,45474,0
HYFI.US,D,20240524,000000,36.37,36.46,36.34,36.45,27800,0
HYFI.US,D,20240528,000000,36.46,36.46,36.33,36.33,15943,0
HYFI.US,D,20240529,000000,36.21,36.28,36.21,36.2441,10610,0
HYFI.US,D,20240530,000000,36.26,36.38,36.26,36.3494,20779,0
HYFI.US,D,20240531,000000,36.36,36.48,36.36,36.4787,27501,0
HYFI.US,D,20240603,000000,36.3,36.4,36.3,36.3486,11361,0
HYFI.US,D,20240604,000000,36.38,36.44,36.3601,36.3775,34245,0
HYFI.US,D,20240605,000000,36.45,36.48,36.4,36.4714,17367,0
HYFI.US,D,20240606,000000,36.52,36.52,36.42,36.47,114344,0
HYFI.US,D,20240607,000000,36.4,36.42,36.3,36.34,10734,0
HYFI.US,D,20240610,000000,36.27,36.3753,36.27,36.33,7158,0
HYFI.US,D,20240611,000000,36.34,36.41,36.3,36.41,21570,0
HYFI.US,D,20240612,000000,36.63,36.64,36.53,36.55,11884,0
HYFI.US,D,20240613,000000,36.54,36.54,36.47,36.5,16692,0
HYFI.US,D,20240614,000000,36.34,36.43,36.34,36.37,8538,0
HYFI.US,D,20240617,000000,36.36,36.58,36.31,36.4485,14232,0
HYFI.US,D,20240618,000000,36.5,36.61,36.47,36.5831,10611,0
HYFI.US,D,20240620,000000,36.5,36.69,36.42,36.5019,23455,0
HYFI.US,D,20240621,000000,36.5,36.59,36.48,36.54,38108,0
