<TICKER>,<PER>,<DATE>,<TIME>,<OPEN>,<HIGH>,<LOW>,<CLOSE>,<VOL>,<OPENINT>
IBIB.US,D,20230922,000000,24.98,24.98,24.98,24.98,27,0
IBIB.US,D,20230925,000000,24.9599,24.9599,24.955,24.955,208,0
IBIB.US,D,20230926,000000,24.935,24.935,24.935,24.935,1,0
IBIB.US,D,20230927,000000,24.94,24.94,24.94,24.94,1,0
IBIB.US,D,20230928,000000,24.975,24.975,24.975,24.975,39,0
IBIB.US,D,20230929,000000,24.9693,24.9693,24.9693,24.9693,1,0
IBIB.US,D,20231002,000000,24.941,24.941,24.94,24.94,210,0
IBIB.US,D,20231003,000000,24.905,24.905,24.905,24.905,1,0
IBIB.US,D,20231004,000000,24.913,24.9131,24.913,24.9131,415,0
IBIB.US,D,20231005,000000,24.935,24.94,24.9315,24.935,3200,0
IBIB.US,D,20231006,000000,24.92,24.9294,24.92,24.929,1145,0
IBIB.US,D,20231009,000000,24.94,24.975,24.94,24.975,1321,0
IBIB.US,D,20231010,000000,24.995,24.995,24.995,24.995,349,0
IBIB.US,D,20231011,000000,24.9924,24.995,24.9924,24.995,375,0
IBIB.US,D,20231012,000000,25.02,25.02,25.005,25.01,5643,0
IBIB.US,D,20231013,000000,25.07,25.08,25.07,25.07,3842,0
IBIB.US,D,20231016,000000,25.0797,25.09,25.0797,25.085,4551,0
IBIB.US,D,20231017,000000,25.08,25.08,25.0501,25.055,4432,0
IBIB.US,D,20231018,000000,25.06,25.07,25.0485,25.05,4089,0
IBIB.US,D,20231019,000000,25.07,25.1,25.07,25.1,15717,0
IBIB.US,D,20231020,000000,25.12,25.1294,25.11,25.12,17615,0
IBIB.US,D,20231023,000000,25.1,25.1,25.09,25.09,614,0
IBIB.US,D,20231024,000000,25.1,25.1,25.07,25.08,13766,0
IBIB.US,D,20231025,000000,25.09,25.09,25.08,25.08,2474,0
IBIB.US,D,20231026,000000,25.109,25.115,25.105,25.105,2959,0
IBIB.US,D,20231027,000000,25.1286,25.14,25.1199,25.14,8011,0
IBIB.US,D,20231030,000000,25.1222,25.13,25.12,25.13,11942,0
IBIB.US,D,20231031,000000,25.13,25.13,25.11,25.115,5272,0
IBIB.US,D,20231101,000000,25.1393,25.145,25.1333,25.145,2643,0
IBIB.US,D,20231102,000000,25.15,25.16,25.15,25.15,5990,0
IBIB.US,D,20231103,000000,25.18,25.19,25.18,25.185,3195,0
IBIB.US,D,20231106,000000,25.18,25.18,25.17,25.17,3992,0
IBIB.US,D,20231107,000000,25.16,25.17,25.1599,25.17,7208,0
IBIB.US,D,20231108,000000,25.16,25.16,25.14,25.14,6118,0
IBIB.US,D,20231109,000000,25.1499,25.1499,25.1,25.1,3258,0
IBIB.US,D,20231110,000000,25.12,25.1393,25.12,25.13,7276,0
IBIB.US,D,20231113,000000,25.13,25.15,25.1257,25.15,9186,0
IBIB.US,D,20231114,000000,25.19,25.19,25.1833,25.185,10157,0
IBIB.US,D,20231115,000000,25.16,25.16,25.145,25.145,1067,0
IBIB.US,D,20231116,000000,25.18,25.18,25.15,25.16,4111,0
IBIB.US,D,20231117,000000,25.1799,25.19,25.16,25.19,2951,0
IBIB.US,D,20231120,000000,25.2,25.21,25.1905,25.205,8015,0
IBIB.US,D,20231121,000000,25.2093,25.22,25.2,25.21,7282,0
IBIB.US,D,20231122,000000,25.21,25.21,25.2,25.205,6126,0
IBIB.US,D,20231124,000000,25.22,25.22,25.205,25.205,5513,0
IBIB.US,D,20231127,000000,25.19,25.215,25.19,25.215,9827,0
IBIB.US,D,20231128,000000,25.22,25.26,25.21,25.255,1088,0
IBIB.US,D,20231129,000000,25.31,25.31,25.2882,25.295,3941,0
IBIB.US,D,20231130,000000,25.31,25.31,25.28,25.29,5764,0
IBIB.US,D,20231201,000000,25.29,25.3287,25.29,25.32,14366,0
IBIB.US,D,20231204,000000,25.3,25.3,25.28,25.29,2383,0
IBIB.US,D,20231205,000000,25.3,25.3099,25.3,25.3,5102,0
IBIB.US,D,20231206,000000,25.2684,25.2684,25.26,25.265,3316,0
IBIB.US,D,20231207,000000,25.28,25.29,25.2787,25.285,4354,0
IBIB.US,D,20231208,000000,25.26,25.27,25.255,25.27,16607,0
IBIB.US,D,20231211,000000,25.27,25.27,25.255,25.26,10868,0
IBIB.US,D,20231212,000000,25.27,25.27,25.25,25.26,3645,0
IBIB.US,D,20231213,000000,25.27,25.3581,25.27,25.3581,2884,0
IBIB.US,D,20231214,000000,25.18,25.18,25.15,25.153,17650,0
IBIB.US,D,20231215,000000,25.16,25.16,25.1493,25.15,5817,0
IBIB.US,D,20231218,000000,25.17,25.17,25.14,25.16,8007,0
IBIB.US,D,20231219,000000,25.14,25.16,25.14,25.15,862,0
IBIB.US,D,20231220,000000,25.1648,25.17,25.1648,25.17,395,0
IBIB.US,D,20231221,000000,25.18,25.19,25.18,25.185,3836,0
IBIB.US,D,20231222,000000,25.2,25.25,25.2,25.2,5842,0
IBIB.US,D,20231226,000000,25.19,25.19,25.18,25.18,13404,0
IBIB.US,D,20231227,000000,25.185,25.19,25.1846,25.185,1874,0
IBIB.US,D,20231228,000000,25.18,25.185,25.1632,25.165,18202,0
IBIB.US,D,20231229,000000,25.18,25.18,25.17,25.177,1586,0
IBIB.US,D,20240102,000000,25.18,25.18,25.15,25.18,11285,0
IBIB.US,D,20240103,000000,25.18,25.19,25.1694,25.19,9184,0
IBIB.US,D,20240104,000000,25.1648,25.18,25.1648,25.165,551,0
IBIB.US,D,20240105,000000,25.1613,25.175,25.1613,25.165,4252,0
IBIB.US,D,20240108,000000,25.1621,25.17,25.155,25.165,5764,0
IBIB.US,D,20240109,000000,25.175,25.175,25.175,25.175,72,0
IBIB.US,D,20240110,000000,25.17,25.175,25.17,25.175,4333,0
IBIB.US,D,20240111,000000,25.2167,25.2287,25.21,25.22,3130,0
IBIB.US,D,20240112,000000,25.27,25.28,25.27,25.27,2048,0
IBIB.US,D,20240116,000000,25.2423,25.25,25.23,25.25,1521,0
IBIB.US,D,20240117,000000,25.21,25.23,25.21,25.22,8448,0
IBIB.US,D,20240118,000000,25.25,25.25,25.23,25.24,1870,0
IBIB.US,D,20240119,000000,25.23,25.23,25.23,25.23,80,0
IBIB.US,D,20240122,000000,25.25,25.25,25.24,25.24,2694,0
IBIB.US,D,20240123,000000,25.22,25.24,25.22,25.235,1963,0
IBIB.US,D,20240124,000000,25.24,25.2466,25.235,25.245,7905,0
IBIB.US,D,20240125,000000,25.28,25.29,25.28,25.2855,2798,0
IBIB.US,D,20240126,000000,25.2799,25.28,25.2501,25.265,1543,0
IBIB.US,D,20240129,000000,25.29,25.29,25.27,25.275,2033,0
IBIB.US,D,20240130,000000,25.272,25.28,25.265,25.265,7443,0
IBIB.US,D,20240131,000000,25.2868,25.2868,25.275,25.275,8501,0
IBIB.US,D,20240201,000000,25.285,25.29,25.26,25.26,1561,0
IBIB.US,D,20240202,000000,25.22,25.23,25.21,25.212,1606,0
IBIB.US,D,20240205,000000,25.2132,25.23,25.2132,25.225,152116,0
IBIB.US,D,20240206,000000,25.26,25.26,25.25,25.255,4597,0
IBIB.US,D,20240207,000000,25.27,25.27,25.26,25.265,3959,0
IBIB.US,D,20240208,000000,25.2673,25.28,25.26,25.28,3503,0
IBIB.US,D,20240209,000000,25.26,25.27,25.26,25.27,355,0
IBIB.US,D,20240212,000000,25.29,25.29,25.27,25.28,3468,0
IBIB.US,D,20240213,000000,25.2942,25.3,25.28,25.28,1560,0
IBIB.US,D,20240214,000000,25.31,25.32,25.305,25.305,3004,0
IBIB.US,D,20240215,000000,25.34,25.34,25.32,25.32,596,0
IBIB.US,D,20240216,000000,25.31,25.31,25.2901,25.3,5551,0
IBIB.US,D,20240220,000000,25.33,25.33,25.31,25.315,1207,0
IBIB.US,D,20240221,000000,25.325,25.33,25.318,25.32,4294,0
IBIB.US,D,20240222,000000,25.33,25.33,25.315,25.317,6177,0
IBIB.US,D,20240223,000000,25.315,25.32,25.31,25.32,5789,0
IBIB.US,D,20240226,000000,25.32,25.33,25.32,25.32,383,0
IBIB.US,D,20240227,000000,25.3387,25.34,25.335,25.335,1386,0
IBIB.US,D,20240228,000000,25.354,25.365,25.354,25.36,926,0
IBIB.US,D,20240229,000000,25.375,25.3873,25.37,25.375,3959,0
IBIB.US,D,20240301,000000,25.41,25.4192,25.41,25.41,7735,0
IBIB.US,D,20240304,000000,25.4088,25.4088,25.405,25.405,1066,0
IBIB.US,D,20240305,000000,25.4162,25.43,25.41,25.41,7829,0
IBIB.US,D,20240306,000000,25.435,25.44,25.42,25.42,1175,0
IBIB.US,D,20240307,000000,25.4281,25.4392,25.4281,25.43,6050,0
IBIB.US,D,20240308,000000,25.45,25.45,25.435,25.435,220,0
IBIB.US,D,20240311,000000,25.44,25.45,25.42,25.43,4227,0
IBIB.US,D,20240312,000000,25.43,25.45,25.43,25.44,10448,0
IBIB.US,D,20240313,000000,25.4501,25.46,25.45,25.4585,8430,0
IBIB.US,D,20240314,000000,25.46,25.46,25.4359,25.445,7500,0
IBIB.US,D,20240315,000000,25.46,25.46,25.45,25.45,1368,0
IBIB.US,D,20240318,000000,25.47,25.47,25.4522,25.46,11735,0
IBIB.US,D,20240319,000000,25.48,25.48,25.47,25.47,2900,0
IBIB.US,D,20240320,000000,25.49,25.49,25.4699,25.49,1701,0
IBIB.US,D,20240321,000000,25.495,25.495,25.495,25.495,656,0
IBIB.US,D,20240322,000000,25.51,25.515,25.51,25.51,11982,0
IBIB.US,D,20240325,000000,25.505,25.5199,25.4998,25.506,1326,0
IBIB.US,D,20240326,000000,25.51,25.51,25.5,25.5,846,0
IBIB.US,D,20240327,000000,25.515,25.515,25.515,25.515,1925,0
IBIB.US,D,20240328,000000,25.52,25.53,25.49,25.53,1546,0
IBIB.US,D,20240401,000000,25.5,25.5,25.3,25.3,1963,0
IBIB.US,D,20240402,000000,25.3123,25.32,25.3,25.32,8068,0
IBIB.US,D,20240403,000000,25.3397,25.35,25.335,25.335,1842,0
IBIB.US,D,20240404,000000,25.3589,25.36,25.35,25.36,4712,0
IBIB.US,D,20240405,000000,25.38,25.39,25.3742,25.3754,3033,0
IBIB.US,D,20240408,000000,25.38,25.3888,25.38,25.3802,1750,0
IBIB.US,D,20240409,000000,25.4,25.4,25.38,25.38,3885,0
IBIB.US,D,20240410,000000,25.3753,25.3753,25.375,25.375,351,0
IBIB.US,D,20240411,000000,25.3961,25.3961,25.385,25.39,908,0
IBIB.US,D,20240412,000000,25.4209,25.44,25.415,25.415,3193,0
IBIB.US,D,20240415,000000,25.42,25.42,25.4185,25.42,678,0
IBIB.US,D,20240416,000000,25.4337,25.435,25.4337,25.435,1084,0
IBIB.US,D,20240417,000000,25.425,25.44,25.425,25.44,1588,0
IBIB.US,D,20240418,000000,25.4363,25.44,25.425,25.44,9045,0
IBIB.US,D,20240419,000000,25.435,25.435,25.435,25.435,147,0
IBIB.US,D,20240422,000000,25.435,25.4399,25.435,25.435,1039,0
IBIB.US,D,20240423,000000,25.44,25.45,25.44,25.45,676,0
IBIB.US,D,20240424,000000,25.45,25.45,25.445,25.445,690,0
IBIB.US,D,20240425,000000,25.46,25.46,25.455,25.455,868,0
IBIB.US,D,20240426,000000,25.465,25.465,25.465,25.465,392,0
IBIB.US,D,20240429,000000,25.49,25.49,25.465,25.465,7899,0
IBIB.US,D,20240430,000000,25.445,25.445,25.445,25.445,25,0
IBIB.US,D,20240501,000000,25.44,25.445,25.44,25.445,2008,0
IBIB.US,D,20240502,000000,25.465,25.47,25.45,25.47,2712,0
IBIB.US,D,20240503,000000,25.51,25.51,25.47,25.47,8438,0
IBIB.US,D,20240506,000000,25.51,25.51,25.4701,25.48,1931,0
IBIB.US,D,20240507,000000,25.4792,25.49,25.475,25.475,922,0
IBIB.US,D,20240508,000000,25.4761,25.4761,25.47,25.47,741,0
IBIB.US,D,20240509,000000,25.505,25.505,25.505,25.505,399,0
IBIB.US,D,20240510,000000,25.5,25.52,25.49,25.49,4023,0
IBIB.US,D,20240513,000000,25.52,25.52,25.495,25.495,6013,0
IBIB.US,D,20240514,000000,25.52,25.52,25.49,25.495,1299,0
IBIB.US,D,20240515,000000,25.51,25.51,25.49,25.49,3000,0
IBIB.US,D,20240516,000000,25.52,25.52,25.505,25.505,5562,0
IBIB.US,D,20240517,000000,25.5299,25.5299,25.52,25.52,184,0
IBIB.US,D,20240520,000000,25.54,25.54,25.51,25.525,1389,0
IBIB.US,D,20240521,000000,25.55,25.55,25.5341,25.535,4069,0
IBIB.US,D,20240522,000000,25.55,25.55,25.54,25.54,8500,0
IBIB.US,D,20240523,000000,25.545,25.545,25.54,25.54,2091,0
IBIB.US,D,20240524,000000,25.55,25.555,25.53,25.53,5386,0
IBIB.US,D,20240528,000000,25.561,25.561,25.5553,25.5553,483,0
IBIB.US,D,20240529,000000,25.54,25.555,25.54,25.555,1278,0
IBIB.US,D,20240530,000000,25.57,25.58,25.565,25.565,3000,0
IBIB.US,D,20240531,000000,25.569,25.57,25.569,25.57,557,0
IBIB.US,D,20240603,000000,25.585,25.585,25.58,25.58,612,0
IBIB.US,D,20240604,000000,25.5601,25.565,25.5601,25.565,265,0
IBIB.US,D,20240605,000000,25.57,25.57,25.57,25.57,176,0
IBIB.US,D,20240606,000000,25.5751,25.58,25.5751,25.58,116,0
IBIB.US,D,20240607,000000,25.575,25.5799,25.565,25.565,8253,0
IBIB.US,D,20240610,000000,25.57,25.57,25.57,25.57,38,0
IBIB.US,D,20240611,000000,25.59,25.59,25.58,25.58,587,0
IBIB.US,D,20240612,000000,25.59,25.59,25.55,25.55,1013,0
IBIB.US,D,20240613,000000,25.57,25.57,25.57,25.57,62,0
IBIB.US,D,20240614,000000,25.56,25.57,25.56,25.57,4020,0
IBIB.US,D,20240617,000000,25.5848,25.5848,25.575,25.575,394,0
IBIB.US,D,20240618,000000,25.61,25.61,25.605,25.605,202,0
IBIB.US,D,20240620,000000,25.615,25.615,25.615,25.615,65,0
IBIB.US,D,20240621,000000,25.64,25.64,25.625,25.625,699,0
