<TICKER>,<PER>,<DATE>,<TIME>,<OPEN>,<HIGH>,<LOW>,<CLOSE>,<VOL>,<OPENINT>
IBII.US,D,20230925,000000,24.6559,24.6559,24.6559,24.6559,5,0
IBII.US,D,20230926,000000,24.5664,24.5664,24.5664,24.5664,1,0
IBII.US,D,20230927,000000,24.4965,24.4965,24.4965,24.4965,2,0
IBII.US,D,20230928,000000,24.6603,24.6603,24.6603,24.6603,67,0
IBII.US,D,20230929,000000,24.5865,24.5865,24.5865,24.5865,2,0
IBII.US,D,20231002,000000,24.43,24.43,24.375,24.375,2066,0
IBII.US,D,20231003,000000,24.34,24.34,24.166,24.166,100,0
IBII.US,D,20231004,000000,24.2942,24.2942,24.2942,24.2942,2,0
IBII.US,D,20231005,000000,24.27,24.2813,24.27,24.275,1300,0
IBII.US,D,20231006,000000,24.17,24.17,24.1573,24.1573,1102,0
IBII.US,D,20231009,000000,24.3,24.46,24.3,24.46,1913,0
IBII.US,D,20231010,000000,24.4481,24.4481,24.4481,24.4481,10,0
IBII.US,D,20231011,000000,24.5569,24.6134,24.5569,24.6134,2444,0
IBII.US,D,20231012,000000,24.52,24.52,24.3695,24.4028,3663,0
IBII.US,D,20231013,000000,24.625,24.6364,24.5881,24.5881,1722,0
IBII.US,D,20231016,000000,24.48,24.5082,24.48,24.5082,5192,0
IBII.US,D,20231017,000000,24.27,24.34,24.27,24.33,2191,0
IBII.US,D,20231018,000000,24.3382,24.3382,24.2184,24.245,2432,0
IBII.US,D,20231019,000000,24.23,24.2317,24.2,24.2317,1078,0
IBII.US,D,20231020,000000,24.26,24.32,24.26,24.3148,449,0
IBII.US,D,20231023,000000,24.2,24.34,24.2,24.3165,937,0
IBII.US,D,20231024,000000,24.29,24.355,24.23,24.355,7134,0
IBII.US,D,20231025,000000,24.23,24.25,24.2,24.2,2077,0
IBII.US,D,20231026,000000,24.27,24.3868,24.27,24.3868,1131,0
IBII.US,D,20231027,000000,24.41,24.43,24.4027,24.43,1092,0
IBII.US,D,20231030,000000,24.33,24.39,24.2984,24.3629,9335,0
IBII.US,D,20231031,000000,24.4,24.41,24.3,24.3,10698,0
IBII.US,D,20231101,000000,24.3691,24.575,24.3691,24.575,605,0
IBII.US,D,20231102,000000,24.759,24.759,24.72,24.72,1006,0
IBII.US,D,20231103,000000,24.9335,24.9335,24.9027,24.9027,3192,0
IBII.US,D,20231106,000000,24.86,24.86,24.7894,24.81,925,0
IBII.US,D,20231107,000000,24.895,24.92,24.8905,24.91,1919,0
IBII.US,D,20231108,000000,24.9279,24.969,24.9279,24.9591,903,0
IBII.US,D,20231109,000000,24.93,24.93,24.6975,24.6975,5046,0
IBII.US,D,20231110,000000,24.75,24.76,24.67,24.695,5757,0
IBII.US,D,20231113,000000,24.5999,24.6731,24.5999,24.665,3754,0
IBII.US,D,20231114,000000,24.98,24.9822,24.97,24.9822,1422,0
IBII.US,D,20231115,000000,24.78,24.86,24.77,24.82,6923,0
IBII.US,D,20231116,000000,24.92,24.977,24.92,24.9557,6648,0
IBII.US,D,20231117,000000,24.97,25.02,24.95,24.98,3848,0
IBII.US,D,20231120,000000,24.96,25.08,24.96,25.08,1491,0
IBII.US,D,20231121,000000,25.05,25.06,24.94,24.9913,3364,0
IBII.US,D,20231122,000000,25.0299,25.0299,24.9682,25.0146,1724,0
IBII.US,D,20231124,000000,24.94,24.94,24.89,24.89,4975,0
IBII.US,D,20231127,000000,24.92,24.98,24.909,24.98,5124,0
IBII.US,D,20231128,000000,24.9731,25.105,24.9731,25.105,270,0
IBII.US,D,20231129,000000,25.22,25.24,25.21,25.2171,942,0
IBII.US,D,20231130,000000,25.17,25.17,25.12,25.13,3851,0
IBII.US,D,20231201,000000,25.2,25.3401,25.2,25.3401,12672,0
IBII.US,D,20231204,000000,25.28,25.28,25.18,25.225,4672,0
IBII.US,D,20231205,000000,25.375,25.41,25.3631,25.3631,586,0
IBII.US,D,20231206,000000,25.4,25.4189,25.4,25.4,3163,0
IBII.US,D,20231207,000000,25.45,25.45,25.3798,25.3798,1889,0
IBII.US,D,20231208,000000,25.277,25.33,25.22,25.33,8931,0
IBII.US,D,20231211,000000,25.23,25.28,25.22,25.28,5911,0
IBII.US,D,20231212,000000,25.26,25.3,25.25,25.28,6260,0
IBII.US,D,20231213,000000,25.3083,25.6982,25.3083,25.6982,19730,0
IBII.US,D,20231214,000000,25.75,25.825,25.705,25.7657,1444,0
IBII.US,D,20231215,000000,25.73,25.73,25.68,25.73,5367,0
IBII.US,D,20231218,000000,25.69,25.69,25.6378,25.6378,3180,0
IBII.US,D,20231219,000000,25.71,25.71,25.645,25.645,405,0
IBII.US,D,20231220,000000,25.69,25.7863,25.69,25.7863,2683,0
IBII.US,D,20231221,000000,25.785,25.785,25.7357,25.75,4995,0
IBII.US,D,20231222,000000,25.75,25.78,25.6899,25.72,1853,0
IBII.US,D,20231226,000000,25.71,25.73,25.6991,25.7081,2411,0
IBII.US,D,20231227,000000,25.86,25.86,25.86,25.86,240,0
IBII.US,D,20231228,000000,25.81,25.81,25.755,25.755,403,0
IBII.US,D,20231229,000000,25.7231,25.7231,25.7,25.7,2314,0
IBII.US,D,20240102,000000,25.62,25.655,25.62,25.655,601,0
IBII.US,D,20240103,000000,25.56,25.74,25.56,25.725,3535,0
IBII.US,D,20240104,000000,25.565,25.565,25.565,25.565,2,0
IBII.US,D,20240105,000000,25.5025,25.5025,25.485,25.485,655,0
IBII.US,D,20240108,000000,25.6,25.6,25.5598,25.5598,1105,0
IBII.US,D,20240109,000000,25.57,25.5799,25.52,25.53,3141,0
IBII.US,D,20240110,000000,25.53,25.53,25.49,25.49,8986,0
IBII.US,D,20240111,000000,25.65,25.65,25.6495,25.6495,625,0
IBII.US,D,20240112,000000,25.7565,25.8,25.7565,25.79,2424,0
IBII.US,D,20240116,000000,25.7,25.7,25.59,25.61,3313,0
IBII.US,D,20240117,000000,25.5294,25.53,25.51,25.52,4248,0
IBII.US,D,20240118,000000,25.54,25.54,25.54,25.54,5,0
IBII.US,D,20240119,000000,25.52,25.5398,25.52,25.5398,1061,0
IBII.US,D,20240122,000000,25.56,25.56,25.56,25.56,51,0
IBII.US,D,20240123,000000,25.47,25.48,25.47,25.47,724,0
IBII.US,D,20240124,000000,25.46,25.47,25.3981,25.3981,341,0
IBII.US,D,20240125,000000,25.45,25.495,25.45,25.495,207,0
IBII.US,D,20240126,000000,25.4796,25.4796,25.4639,25.4639,407,0
IBII.US,D,20240129,000000,25.54,25.612,25.54,25.612,414,0
IBII.US,D,20240130,000000,25.62,25.62,25.5993,25.5993,455,0
IBII.US,D,20240131,000000,25.8,25.8,25.7493,25.7885,4419,0
IBII.US,D,20240201,000000,25.8605,25.8605,25.8605,25.8605,99,0
IBII.US,D,20240202,000000,25.64,25.64,25.56,25.56,1113,0
IBII.US,D,20240205,000000,25.3825,25.42,25.37,25.38,116033,0
IBII.US,D,20240206,000000,25.4895,25.4895,25.4895,25.4895,117,0
IBII.US,D,20240207,000000,25.47,25.4773,25.44,25.4467,3045,0
IBII.US,D,20240208,000000,25.39,25.39,25.3711,25.387,1351,0
IBII.US,D,20240209,000000,25.37,25.37,25.35,25.35,265,0
IBII.US,D,20240212,000000,25.3399,25.37,25.3399,25.37,1375,0
IBII.US,D,20240213,000000,25.23,25.23,25.15,25.15,5412,0
IBII.US,D,20240214,000000,25.2816,25.2816,25.2816,25.2816,102,0
IBII.US,D,20240215,000000,25.37,25.37,25.325,25.325,1313,0
IBII.US,D,20240216,000000,25.2781,25.29,25.2781,25.29,4886,0
IBII.US,D,20240220,000000,25.3,25.3,25.3,25.3,65,0
IBII.US,D,20240221,000000,25.25,25.26,25.23,25.2579,1878,0
IBII.US,D,20240222,000000,25.27,25.27,25.1867,25.1867,524,0
IBII.US,D,20240223,000000,25.21,25.27,25.21,25.27,421,0
IBII.US,D,20240226,000000,25.24,25.265,25.24,25.25,2192,0
IBII.US,D,20240227,000000,25.269,25.28,25.22,25.22,1137,0
IBII.US,D,20240228,000000,25.29,25.33,25.28,25.33,3425,0
IBII.US,D,20240229,000000,25.405,25.405,25.36,25.36,2228,0
IBII.US,D,20240301,000000,25.43,25.5,25.43,25.5,4518,0
IBII.US,D,20240304,000000,25.48,25.48,25.4702,25.4702,558,0
IBII.US,D,20240305,000000,25.61,25.62,25.58,25.62,5591,0
IBII.US,D,20240306,000000,25.6463,25.66,25.64,25.64,781,0
IBII.US,D,20240307,000000,25.6071,25.62,25.6071,25.62,6026,0
IBII.US,D,20240308,000000,25.6437,25.6437,25.6437,25.6437,57,0
IBII.US,D,20240311,000000,25.6395,25.6395,25.6,25.605,1059,0
IBII.US,D,20240312,000000,25.54,25.54,25.54,25.54,33,0
IBII.US,D,20240313,000000,25.52,25.52,25.49,25.49,686,0
IBII.US,D,20240314,000000,25.3581,25.3581,25.307,25.307,1635,0
IBII.US,D,20240315,000000,25.3096,25.3096,25.2985,25.2985,677,0
IBII.US,D,20240318,000000,25.2787,25.2787,25.26,25.26,193,0
IBII.US,D,20240319,000000,25.31,25.34,25.3095,25.32,3670,0
IBII.US,D,20240320,000000,25.355,25.435,25.355,25.435,504,0
IBII.US,D,20240321,000000,25.5173,25.5173,25.485,25.485,602,0
IBII.US,D,20240322,000000,25.595,25.6,25.595,25.6,242,0
IBII.US,D,20240325,000000,25.5735,25.5993,25.51,25.51,936,0
IBII.US,D,20240326,000000,25.5056,25.53,25.5056,25.52,1535,0
IBII.US,D,20240327,000000,25.6011,25.6011,25.6011,25.6011,42,0
IBII.US,D,20240328,000000,25.61,25.61,25.61,25.61,7,0
IBII.US,D,20240401,000000,25.26,25.26,25.26,25.26,456,0
IBII.US,D,20240402,000000,25.2324,25.25,25.2324,25.25,489,0
IBII.US,D,20240403,000000,25.15,25.2451,25.15,25.2451,914,0
IBII.US,D,20240404,000000,25.26,25.3539,25.2505,25.3539,2188,0
IBII.US,D,20240405,000000,25.32,25.32,25.24,25.24,2875,0
IBII.US,D,20240408,000000,25.19,25.2197,25.1857,25.21,3102,0
IBII.US,D,20240409,000000,25.3091,25.31,25.29,25.29,3782,0
IBII.US,D,20240410,000000,25.06,25.06,25.01,25.01,819,0
IBII.US,D,20240411,000000,24.9894,24.995,24.97,24.9773,4107,0
IBII.US,D,20240412,000000,25.09,25.105,25.07,25.075,64040,0
IBII.US,D,20240415,000000,24.93,24.9639,24.88,24.9639,7656,0
IBII.US,D,20240416,000000,24.88,24.89,24.86,24.862,682,0
IBII.US,D,20240417,000000,24.95,24.97,24.95,24.97,141,0
IBII.US,D,20240418,000000,24.8813,24.91,24.8813,24.91,815,0
IBII.US,D,20240419,000000,24.96,24.97,24.96,24.96,2288,0
IBII.US,D,20240422,000000,24.94,24.96,24.94,24.96,891,0
IBII.US,D,20240423,000000,24.99,24.99,24.99,24.99,96,0
IBII.US,D,20240424,000000,24.9298,24.93,24.91,24.93,3181,0
IBII.US,D,20240425,000000,24.84,24.875,24.835,24.87,2788,0
IBII.US,D,20240426,000000,24.9401,24.9436,24.935,24.94,1296,0
IBII.US,D,20240429,000000,25.025,25.04,25.0009,25.02,3430,0
IBII.US,D,20240430,000000,24.92,24.92,24.8868,24.8875,1318,0
IBII.US,D,20240501,000000,24.88,25.01,24.87,24.935,1139,0
IBII.US,D,20240502,000000,25.03,25.04,25.03,25.04,1906,0
IBII.US,D,20240503,000000,25.14,25.1908,25.14,25.19,651,0
IBII.US,D,20240506,000000,25.2,25.2,25.1701,25.195,807,0
IBII.US,D,20240507,000000,25.25,25.27,25.19,25.19,2993,0
IBII.US,D,20240508,000000,25.15,25.16,25.14,25.16,1572,0
IBII.US,D,20240509,000000,25.1989,25.25,25.1989,25.25,441,0
IBII.US,D,20240510,000000,25.23,25.23,25.1936,25.1936,403,0
IBII.US,D,20240513,000000,25.24,25.24,25.2125,25.2125,3185,0
IBII.US,D,20240514,000000,25.24,25.28,25.24,25.28,1297,0
IBII.US,D,20240515,000000,25.36,25.425,25.36,25.425,791,0
IBII.US,D,20240516,000000,25.43,25.43,25.3906,25.3906,5172,0
IBII.US,D,20240517,000000,25.36,25.36,25.36,25.36,9,0
IBII.US,D,20240520,000000,25.34,25.37,25.3384,25.34,1074,0
IBII.US,D,20240521,000000,25.4156,25.42,25.41,25.41,501,0
IBII.US,D,20240522,000000,25.37,25.4,25.37,25.4,1442,0
IBII.US,D,20240523,000000,25.37,25.37,25.28,25.28,2744,0
IBII.US,D,20240524,000000,25.2797,25.325,25.2797,25.325,395,0
IBII.US,D,20240528,000000,25.28,25.28,25.22,25.22,286,0
IBII.US,D,20240529,000000,25.12,25.14,25.12,25.14,357,0
IBII.US,D,20240530,000000,25.25,25.2753,25.25,25.2603,1175,0
IBII.US,D,20240531,000000,25.325,25.3607,25.325,25.3607,106,0
IBII.US,D,20240603,000000,25.48,25.5078,25.47,25.5078,1672,0
IBII.US,D,20240604,000000,25.6,25.62,25.57,25.62,625,0
IBII.US,D,20240605,000000,25.62,25.6706,25.62,25.6706,1479,0
IBII.US,D,20240606,000000,25.64,25.655,25.64,25.655,842,0
IBII.US,D,20240607,000000,25.44,25.4442,25.415,25.415,1500,0
IBII.US,D,20240610,000000,25.38,25.38,25.37,25.37,460,0
IBII.US,D,20240611,000000,25.4,25.46,25.3801,25.46,1581,0
IBII.US,D,20240612,000000,25.62,25.62,25.5,25.5,1298,0
IBII.US,D,20240613,000000,25.6599,25.68,25.63,25.63,3910,0
IBII.US,D,20240614,000000,25.67,25.67,25.6305,25.64,545,0
IBII.US,D,20240617,000000,25.59,25.5974,25.59,25.595,437,0
IBII.US,D,20240618,000000,25.6903,25.74,25.6903,25.725,9786,0
IBII.US,D,20240620,000000,25.6451,25.73,25.6451,25.73,1784,0
IBII.US,D,20240621,000000,25.6988,25.6988,25.68,25.69,2042,0
