<TICKER>,<PER>,<DATE>,<TIME>,<OPEN>,<HIGH>,<LOW>,<CLOSE>,<VOL>,<OPENINT>
INCM.US,D,20230609,000000,25.08,25.085,25.0428,25.0428,570379,0
INCM.US,D,20230612,000000,25.01,25.0566,25,25.0566,1011075,0
INCM.US,D,20230613,000000,25.1192,25.1192,25.0658,25.0658,342,0
INCM.US,D,20230614,000000,25.21,25.2199,25.04,25.085,12301,0
INCM.US,D,20230615,000000,25.259,25.2702,25.2,25.2702,7510,0
INCM.US,D,20230616,000000,25.3,25.3,25.25,25.25,7915,0
INCM.US,D,20230620,000000,25.23,25.23,25.1908,25.1908,5307,0
INCM.US,D,20230621,000000,25.2199,25.2199,25.1845,25.1845,5025,0
INCM.US,D,20230622,000000,25.105,25.1099,25.0735,25.0735,3526,0
INCM.US,D,20230623,000000,25.0668,25.068,25.0403,25.0403,4214,0
INCM.US,D,20230626,000000,25.08,25.08,25.0348,25.0348,6100,0
INCM.US,D,20230627,000000,25.07,25.1008,25.0699,25.1008,6123,0
INCM.US,D,20230628,000000,25.17,25.17,25.1,25.1353,7775,0
INCM.US,D,20230629,000000,25.0702,25.1328,25.0702,25.1328,3674,0
INCM.US,D,20230630,000000,25.1734,25.26,25.1734,25.232,4616,0
INCM.US,D,20230703,000000,25.16,25.1699,25.1398,25.1398,5602,0
INCM.US,D,20230705,000000,25.16,25.18,25.1205,25.1205,15270,0
INCM.US,D,20230706,000000,24.9399,24.95,24.8829,24.925,8364,0
INCM.US,D,20230707,000000,24.9,24.955,24.9,24.905,5517,0
INCM.US,D,20230710,000000,24.94,24.97,24.9399,24.965,8867,0
INCM.US,D,20230711,000000,24.99,25.0432,24.99,25.0432,5599,0
INCM.US,D,20230712,000000,25.2628,25.2628,25.245,25.245,602,0
INCM.US,D,20230713,000000,25.42,25.43,25.346,25.4,9615,0
INCM.US,D,20230714,000000,25.44,25.44,25.2894,25.2894,4716,0
INCM.US,D,20230717,000000,25.32,25.38,25.3142,25.3325,4901,0
INCM.US,D,20230718,000000,25.38,25.43,25.3467,25.3613,12945,0
INCM.US,D,20230719,000000,25.47,25.64,25.435,25.48,14832,0
INCM.US,D,20230720,000000,25.46,25.47,25.3972,25.431,6512,0
INCM.US,D,20230721,000000,25.4899,25.51,25.4515,25.4515,12587,0
INCM.US,D,20230724,000000,25.52,25.55,25.5021,25.5021,7620,0
INCM.US,D,20230725,000000,25.49,25.5,25.44,25.44,5805,0
INCM.US,D,20230726,000000,25.41,25.55,25.41,25.4769,33494,0
INCM.US,D,20230727,000000,25.53,25.53,25.33,25.3324,15398,0
INCM.US,D,20230728,000000,25.46,25.5,25.4293,25.435,9850,0
INCM.US,D,20230731,000000,25.5,25.5,25.4,25.4164,5556,0
INCM.US,D,20230801,000000,25.33,25.33,25.215,25.2251,4738,0
INCM.US,D,20230802,000000,25.09,25.14,25.09,25.11,28432,0
INCM.US,D,20230803,000000,24.99,25.02,24.99,25,4949,0
INCM.US,D,20230804,000000,25.04,25.0999,24.9882,24.9884,6040,0
INCM.US,D,20230807,000000,25.19,25.19,25.0492,25.0549,83410,0
INCM.US,D,20230808,000000,25.0134,25.06,25.0065,25.0354,93890,0
INCM.US,D,20230809,000000,25.23,25.23,25.0687,25.089,13278,0
INCM.US,D,20230810,000000,25.22,25.23,25.03,25.07,10038,0
INCM.US,D,20230811,000000,25.0483,25.07,24.9775,24.9775,6864,0
INCM.US,D,20230814,000000,25.1,25.1,24.92,24.9621,11543,0
INCM.US,D,20230815,000000,24.92,24.93,24.8326,24.8326,19732,0
INCM.US,D,20230816,000000,24.9,24.9,24.74,24.74,7026,0
INCM.US,D,20230817,000000,24.85,24.85,24.72,24.7499,7438,0
INCM.US,D,20230818,000000,24.72,24.72,24.6,24.6759,577237,0
INCM.US,D,20230821,000000,24.68,24.69,24.6,24.6278,7230,0
INCM.US,D,20230822,000000,24.6,24.63,24.6,24.63,3219,0
INCM.US,D,20230823,000000,25.25,25.25,24.7862,24.791,518,0
INCM.US,D,20230824,000000,24.85,24.85,24.7081,24.7081,9542,0
INCM.US,D,20230825,000000,24.68,24.8,24.68,24.7849,10996,0
INCM.US,D,20230828,000000,24.91,24.97,24.8499,24.875,14048,0
INCM.US,D,20230829,000000,24.99,25.055,24.99,25.055,2831,0
INCM.US,D,20230830,000000,25.09,25.0999,25.0886,25.0886,1824,0
INCM.US,D,20230831,000000,25.66,25.66,25.07,25.075,17108,0
INCM.US,D,20230901,000000,25,25,24.86,24.86,17487,0
INCM.US,D,20230905,000000,25.14,25.14,24.7903,24.82,15037,0
INCM.US,D,20230906,000000,24.77,24.77,24.6905,24.7079,15922,0
INCM.US,D,20230907,000000,24.6999,24.73,24.68,24.7203,23363,0
INCM.US,D,20230908,000000,24.8,24.8,24.75,24.77,32492,0
INCM.US,D,20230911,000000,24.81,24.81,24.775,24.81,16465,0
INCM.US,D,20230912,000000,24.9,24.9,24.76,24.81,24609,0
INCM.US,D,20230913,000000,24.819,24.86,24.81,24.83,37348,0
INCM.US,D,20230914,000000,24.89,24.9,24.77,24.897,26071,0
INCM.US,D,20230915,000000,24.819,24.87,24.73,24.7492,13582,0
INCM.US,D,20230918,000000,24.9,24.9,24.7799,24.79,35813,0
INCM.US,D,20230919,000000,24.76,24.7799,24.75,24.7601,52773,0
INCM.US,D,20230920,000000,24.83,24.85,24.6786,24.6786,19881,0
INCM.US,D,20230921,000000,24.67,24.67,24.5174,24.5174,38436,0
INCM.US,D,20230922,000000,24.51,24.59,24.4725,24.4725,26106,0
INCM.US,D,20230925,000000,24.5,24.5,24.401,24.4649,19755,0
INCM.US,D,20230926,000000,24.49,24.49,24.24,24.2578,17400,0
INCM.US,D,20230927,000000,24.34,24.34,24.1696,24.2242,41047,0
INCM.US,D,20230928,000000,24.27,24.31,24.2,24.2841,13014,0
INCM.US,D,20230929,000000,24.54,24.54,24.22,24.31,630875,0
INCM.US,D,20231002,000000,24.19,24.19,23.95,24.02,63481,0
INCM.US,D,20231003,000000,23.86,24.01,23.77,23.7761,219499,0
INCM.US,D,20231004,000000,23.79,23.84,23.6776,23.79,21714,0
INCM.US,D,20231005,000000,23.8,23.82,23.75,23.7855,25129,0
INCM.US,D,20231006,000000,23.8,23.89,23.68,23.834,46427,0
INCM.US,D,20231009,000000,23.82,24.04,23.82,23.9765,134627,0
INCM.US,D,20231010,000000,24,24.119,23.94,24.06,44367,0
INCM.US,D,20231011,000000,24.17,24.23,24.109,24.23,28423,0
INCM.US,D,20231012,000000,24.19,24.19,23.96,24.037,28749,0
INCM.US,D,20231013,000000,24.1099,24.1099,24.0133,24.0137,16001,0
INCM.US,D,20231016,000000,24.04,24.13,24.0327,24.095,214525,0
INCM.US,D,20231017,000000,24.04,24.06,23.97,23.9974,33150,0
INCM.US,D,20231018,000000,23.9213,23.9349,23.8,23.8285,21868,0
INCM.US,D,20231019,000000,23.775,23.81,23.68,23.68,96768,0
INCM.US,D,20231020,000000,23.68,23.68,23.57,23.57,96663,0
INCM.US,D,20231023,000000,23.52,23.63,23.401,23.58,34913,0
INCM.US,D,20231024,000000,23.61,23.71,23.5947,23.67,51908,0
INCM.US,D,20231025,000000,23.64,23.64,23.4899,23.52,16965,0
INCM.US,D,20231026,000000,23.5,23.56,23.45,23.49,316754,0
INCM.US,D,20231027,000000,23.63,23.63,23.3584,23.45,23911,0
INCM.US,D,20231030,000000,23.4314,23.51,23.4,23.4704,22855,0
INCM.US,D,20231031,000000,23.51,23.53,23.41,23.53,37879,0
INCM.US,D,20231101,000000,23.52,23.55,23.39,23.53,62226,0
INCM.US,D,20231102,000000,23.74,23.83,23.706,23.82,48909,0
INCM.US,D,20231103,000000,24.08,24.13,24.03,24.06,433272,0
INCM.US,D,20231106,000000,24.13,24.13,24,24.04,18699,0
INCM.US,D,20231107,000000,24.14,24.14,24.04,24.04,52700,0
INCM.US,D,20231108,000000,24.056,24.09,24.047,24.0786,31781,0
INCM.US,D,20231109,000000,24.17,24.17,23.93,23.97,33681,0
INCM.US,D,20231110,000000,24.05,24.11,23.9,24.11,32865,0
INCM.US,D,20231113,000000,24.07,24.07,23.99,24.07,191579,0
INCM.US,D,20231114,000000,24.36,24.43,24.35,24.42,131940,0
INCM.US,D,20231115,000000,24.4,24.46,24.38,24.38,36025,0
INCM.US,D,20231116,000000,24.38,24.4995,24.38,24.49,74053,0
INCM.US,D,20231117,000000,24.47,24.54,24.45,24.505,72794,0
INCM.US,D,20231120,000000,24.5599,24.66,24.51,24.59,74245,0
INCM.US,D,20231121,000000,24.605,24.6095,24.55,24.6,45820,0
INCM.US,D,20231122,000000,24.66,24.66,24.6038,24.66,47070,0
INCM.US,D,20231124,000000,24.63,24.64,24.57,24.62,39279,0
INCM.US,D,20231127,000000,24.66,24.67,24.61,24.66,317246,0
INCM.US,D,20231128,000000,24.69,24.83,24.67,24.735,920769,0
INCM.US,D,20231129,000000,24.85,24.9,24.78,24.78,100346,0
INCM.US,D,20231130,000000,24.89,24.89,24.78,24.88,68274,0
INCM.US,D,20231201,000000,24.75,24.94,24.75,24.93,294712,0
INCM.US,D,20231204,000000,24.8,24.92,24.8,24.88,206709,0
INCM.US,D,20231205,000000,24.93,24.99,24.905,24.98,1249364,0
INCM.US,D,20231206,000000,24.985,25.07,24.955,25.06,1697846,0
INCM.US,D,20231207,000000,25.18,25.2099,25,25.13,236181,0
INCM.US,D,20231208,000000,25,25.09,24.95,25.02,73717,0
INCM.US,D,20231211,000000,25.02,25.145,25,25.12,102190,0
INCM.US,D,20231212,000000,25.07,25.19,25.0209,25.19,80406,0
INCM.US,D,20231213,000000,25.31,25.55,25.1,25.45,667297,0
INCM.US,D,20231214,000000,26.38,26.38,25.5,25.65,96307,0
INCM.US,D,20231215,000000,25.51,25.58,25.44,25.5,145828,0
INCM.US,D,20231218,000000,25.76,25.83,25.52,25.81,197116,0
INCM.US,D,20231219,000000,25.94,25.94,25.5178,25.64,78217,0
INCM.US,D,20231220,000000,25.67,25.6999,25.51,25.56,111894,0
INCM.US,D,20231221,000000,25.98,25.98,25.58,25.67,104002,0
INCM.US,D,20231222,000000,25.68,25.789,25.6001,25.67,65854,0
INCM.US,D,20231226,000000,26.03,26.03,25.67,25.7,125618,0
INCM.US,D,20231227,000000,26.005,26.005,25.7491,25.84,61056,0
INCM.US,D,20231228,000000,26.14,26.14,25.7501,25.82,31344,0
INCM.US,D,20231229,000000,26.02,26.02,25.68,25.7,87976,0
INCM.US,D,20240102,000000,25.72,25.81,25.66,25.77,40985,0
INCM.US,D,20240103,000000,25.7,26.16,25.6029,25.65,102226,0
INCM.US,D,20240104,000000,25.7,25.745,25.59,25.74,98182,0
INCM.US,D,20240105,000000,25.69,25.81,25.55,25.81,103787,0
INCM.US,D,20240108,000000,25.67,25.71,25.5526,25.59,63453,0
INCM.US,D,20240109,000000,25.81,25.81,25.58,25.63,23828,0
INCM.US,D,20240110,000000,25.7,25.79,25.56,25.79,20256,0
INCM.US,D,20240111,000000,25.77,25.77,25.5501,25.68,87756,0
INCM.US,D,20240112,000000,25.7,25.7099,25.62,25.7,27290,0
INCM.US,D,20240116,000000,25.83,26.08,25.5,26.08,43729,0
INCM.US,D,20240117,000000,25.61,25.69,25.41,25.62,27730,0
INCM.US,D,20240118,000000,25.55,25.57,25.4,25.48,23016,0
INCM.US,D,20240119,000000,25.59,25.59,25.4,25.56,22138,0
INCM.US,D,20240122,000000,25.62,26.1,25.55,26.1,31003,0
INCM.US,D,20240123,000000,25.62,25.725,25.5262,25.62,25287,0
INCM.US,D,20240124,000000,25.62,25.71,25.52,25.52,35690,0
INCM.US,D,20240125,000000,25.61,25.66,25.5293,25.62,45559,0
INCM.US,D,20240126,000000,25.66,25.77,25.6,25.66,55117,0
INCM.US,D,20240129,000000,25.76,25.82,25.6229,25.82,37399,0
INCM.US,D,20240130,000000,25.82,25.86,25.66,25.86,20738,0
INCM.US,D,20240131,000000,25.82,25.8299,25.63,25.72,39172,0
INCM.US,D,20240201,000000,25.74,25.85,25.59,25.85,30867,0
INCM.US,D,20240202,000000,25.67,25.7,25.6,25.6688,51876,0
INCM.US,D,20240205,000000,25.66,25.66,25.44,25.45,46645,0
INCM.US,D,20240206,000000,25.64,25.64,25.485,25.57,76187,0
INCM.US,D,20240207,000000,25.72,25.72,25.538,25.63,44716,0
INCM.US,D,20240208,000000,25.6,25.6799,25.48,25.63,30514,0
INCM.US,D,20240209,000000,25.57,25.57,25.4675,25.54,51753,0
INCM.US,D,20240212,000000,25.54,25.58,25.495,25.5292,21267,0
INCM.US,D,20240213,000000,25.39,25.43,25.21,25.32,36335,0
INCM.US,D,20240214,000000,25.41,25.44,25.3662,25.3957,33785,0
INCM.US,D,20240215,000000,25.45,25.7201,25.38,25.59,19858,0
INCM.US,D,20240216,000000,25.59,25.59,25.445,25.498,75876,0
INCM.US,D,20240220,000000,25.54,25.55,25.4636,25.51,34712,0
INCM.US,D,20240221,000000,25.52,25.54,25.43,25.53,37554,0
INCM.US,D,20240222,000000,25.63,25.64,25.4985,25.64,45369,0
INCM.US,D,20240223,000000,25.52,25.675,25.49,25.67,32616,0
INCM.US,D,20240226,000000,25.67,25.69,25.56,25.5627,14625,0
INCM.US,D,20240227,000000,25.5,25.69,25.5,25.5,55109,0
INCM.US,D,20240228,000000,25.6,25.63,25.54,25.63,52068,0
INCM.US,D,20240229,000000,25.63,25.68,25.588,25.6,64011,0
INCM.US,D,20240301,000000,25.57,25.64,25.46,25.61,27032,0
INCM.US,D,20240304,000000,25.58,25.69,25.53,25.56,37827,0
INCM.US,D,20240305,000000,25.68,25.73,25.6,25.6552,55893,0
INCM.US,D,20240306,000000,25.77,25.78,25.6943,25.74,39463,0
INCM.US,D,20240307,000000,25.88,25.88,25.75,25.81,30152,0
INCM.US,D,20240308,000000,25.88,25.9,25.8,25.8,28388,0
INCM.US,D,20240311,000000,25.82,25.91,25.7833,25.88,34986,0
INCM.US,D,20240312,000000,25.89,25.95,25.7825,25.88,33978,0
INCM.US,D,20240313,000000,26.12,26.12,25.8,25.84,38734,0
INCM.US,D,20240314,000000,25.84,25.84,25.63,25.71,34779,0
INCM.US,D,20240315,000000,25.75,25.75,25.62,25.64,51844,0
INCM.US,D,20240318,000000,25.86,25.86,25.6609,25.68,45219,0
INCM.US,D,20240319,000000,25.79,25.85,25.695,25.77,57103,0
INCM.US,D,20240320,000000,25.78,25.86,25.7,25.82,29560,0
INCM.US,D,20240321,000000,26.03,26.03,25.81,25.87,38728,0
INCM.US,D,20240322,000000,25.97,25.97,25.83,25.9,70935,0
INCM.US,D,20240325,000000,25.92,25.92,25.8,25.8,195073,0
INCM.US,D,20240326,000000,25.842,25.91,25.81,25.91,38075,0
INCM.US,D,20240327,000000,25.91,26.07,25.8925,26.07,34835,0
INCM.US,D,20240328,000000,26.19,26.19,26.01,26.08,33769,0
INCM.US,D,20240401,000000,26.06,26.06,25.775,25.81,23670,0
INCM.US,D,20240402,000000,25.88,25.88,25.6773,25.76,33959,0
INCM.US,D,20240403,000000,25.84,25.84,25.65,25.74,31662,0
INCM.US,D,20240404,000000,25.755,25.85,25.66,25.67,123212,0
INCM.US,D,20240405,000000,25.8,25.8,25.592,25.67,54167,0
INCM.US,D,20240408,000000,25.78,25.78,25.64,25.64,64983,0
INCM.US,D,20240409,000000,25.68,25.88,25.6603,25.78,47715,0
INCM.US,D,20240410,000000,25.52,25.61,25.45,25.47,49720,0
INCM.US,D,20240411,000000,25.65,25.65,25.425,25.5,48214,0
INCM.US,D,20240412,000000,25.83,25.83,25.37,25.37,59309,0
INCM.US,D,20240415,000000,25.28,25.41,25.23,25.23,34845,0
INCM.US,D,20240416,000000,25.34,25.34,25.15,25.17,54176,0
INCM.US,D,20240417,000000,25.41,25.41,25.13,25.2,47431,0
INCM.US,D,20240418,000000,25.44,25.44,25.13,25.18,79223,0
INCM.US,D,20240419,000000,25.22,25.32,25.22,25.27,25260,0
INCM.US,D,20240422,000000,25.25,25.45,25.25,25.37,17732,0
INCM.US,D,20240423,000000,25.49,25.64,25.41,25.5,26378,0
INCM.US,D,20240424,000000,25.56,25.7595,25.418,25.52,2053119,0
INCM.US,D,20240425,000000,25.29,25.579,25.29,25.45,74443,0
INCM.US,D,20240426,000000,25.44,25.66,25.44,25.51,21738,0
INCM.US,D,20240429,000000,25.65,25.74,25.51,25.67,58461,0
INCM.US,D,20240430,000000,25.5,25.66,25.36,25.43,416523,0
INCM.US,D,20240501,000000,25.43,25.45,25.22,25.29,101655,0
INCM.US,D,20240502,000000,25.3,25.5,25.2701,25.5,147567,0
INCM.US,D,20240503,000000,25.8,25.8,25.49,25.59,68530,0
INCM.US,D,20240506,000000,25.54,25.68,25.54,25.68,136136,0
INCM.US,D,20240507,000000,25.78,25.78,25.5801,25.75,72610,0
INCM.US,D,20240508,000000,25.55,25.738,25.55,25.73,22007,0
INCM.US,D,20240509,000000,25.75,25.82,25.6201,25.82,29125,0
INCM.US,D,20240510,000000,25.92,25.92,25.7101,25.81,39786,0
INCM.US,D,20240513,000000,25.84,25.85,25.8,25.8,54583,0
INCM.US,D,20240514,000000,25.85,25.85,25.76,25.76,80102,0
INCM.US,D,20240515,000000,25.85,26.08,25.85,26.06,73238,0
INCM.US,D,20240516,000000,25.98,26.08,25.98,26.05,30413,0
INCM.US,D,20240517,000000,26.12,26.17,26.0034,26.04,27190,0
INCM.US,D,20240520,000000,26.1,26.1,26,26.0101,23238,0
INCM.US,D,20240521,000000,25.99,26.07,25.99,26.01,27189,0
INCM.US,D,20240522,000000,25.96,26.2092,25.9105,25.94,60803,0
INCM.US,D,20240523,000000,25.95,25.98,25.79,25.86,66095,0
INCM.US,D,20240524,000000,25.93,25.96,25.85,25.93,120793,0
INCM.US,D,20240528,000000,27.47,27.47,25.75,25.83,44535,0
INCM.US,D,20240529,000000,26,26,25.63,25.72,61670,0
INCM.US,D,20240530,000000,25.65,26.01,25.65,25.72,28744,0
INCM.US,D,20240531,000000,25.86,25.97,25.7901,25.97,18764,0
INCM.US,D,20240603,000000,25.98,25.98,25.74,25.91,40551,0
INCM.US,D,20240604,000000,25.99,26,25.88,25.925,16712,0
INCM.US,D,20240605,000000,25.84,26.165,25.84,25.98,37013,0
INCM.US,D,20240606,000000,26.04,26.095,25.9208,25.95,62313,0
INCM.US,D,20240607,000000,25.91,26.02,25.7917,25.8573,40630,0
INCM.US,D,20240610,000000,25.93,26.01,25.73,25.87,33106,0
INCM.US,D,20240611,000000,25.81,25.94,25.7534,25.8683,38435,0
INCM.US,D,20240612,000000,26.0258,26.1,25.85,25.85,45551,0
INCM.US,D,20240613,000000,25.87,26.32,25.8501,25.99,31002,0
INCM.US,D,20240614,000000,26.06,26.06,25.89,25.99,51402,0
INCM.US,D,20240617,000000,25.98,25.98,25.8261,25.96,17188,0
INCM.US,D,20240618,000000,26.03,26.1391,25.9401,26.03,32613,0
INCM.US,D,20240620,000000,26,26.109,25.9,26,31002,0
INCM.US,D,20240621,000000,26.07,26.07,25.95,25.96,40889,0
