<TICKER>,<PER>,<DATE>,<TIME>,<OPEN>,<HIGH>,<LOW>,<CLOSE>,<VOL>,<OPENINT>
INDE.US,D,20230926,000000,24.89,24.9,24.805,24.805,1146,0
INDE.US,D,20230927,000000,24.98,24.98,24.98,24.98,2,0
INDE.US,D,20230928,000000,24.75,24.7927,24.7275,24.7927,245,0
INDE.US,D,20230929,000000,24.76,24.78,24.7173,24.7173,380,0
INDE.US,D,20231002,000000,24.7332,24.7332,24.7332,24.7332,200,0
INDE.US,D,20231003,000000,24.6802,24.6802,24.6802,24.6802,132,0
INDE.US,D,20231004,000000,24.65,24.65,24.63,24.63,250,0
INDE.US,D,20231005,000000,24.765,24.86,24.7514,24.8,944,0
INDE.US,D,20231006,000000,25.0269,25.0269,25.0269,25.0269,11,0
INDE.US,D,20231009,000000,24.7089,24.7089,24.7089,24.7089,4,0
INDE.US,D,20231010,000000,25.05,25.05,24.9999,24.9999,281,0
INDE.US,D,20231011,000000,25.04,25.05,25.0299,25.0499,816,0
INDE.US,D,20231012,000000,24.8643,24.8643,24.8643,24.8643,14,0
INDE.US,D,20231013,000000,25.11,25.11,24.99,24.99,706,0
INDE.US,D,20231016,000000,25.1,25.1537,25.0999,25.1537,328,0
INDE.US,D,20231017,000000,25.26,25.27,25.25,25.255,987,0
INDE.US,D,20231018,000000,25.24,25.24,24.8697,24.8697,2044,0
INDE.US,D,20231019,000000,25.0599,25.0599,25.0599,25.0599,14,0
INDE.US,D,20231020,000000,24.875,24.875,24.8396,24.8396,122,0
INDE.US,D,20231023,000000,24.49,24.49,24.4897,24.4897,449,0
INDE.US,D,20231024,000000,24.59,24.59,24.5437,24.5437,368,0
INDE.US,D,20231025,000000,24.31,24.45,24.2405,24.2405,932,0
INDE.US,D,20231026,000000,24.0081,24.0081,24.0081,24.0081,100,0
INDE.US,D,20231027,000000,24.2494,24.2494,24.2494,24.2494,5,0
INDE.US,D,20231030,000000,24.4086,24.4086,24.4086,24.4086,190,0
INDE.US,D,20231031,000000,24.2252,25.38,24.2252,25.38,71655,0
INDE.US,D,20231101,000000,24.65,24.65,24.31,24.63,27552,0
INDE.US,D,20231102,000000,24.77,24.77,24.77,24.77,568,0
INDE.US,D,20231103,000000,24.9223,24.9223,24.9223,24.9223,3400,0
INDE.US,D,20231106,000000,25,25.01,24.9505,24.9505,345,0
INDE.US,D,20231107,000000,25.1221,25.1221,25.1221,25.1221,5,0
INDE.US,D,20231108,000000,25.2847,25.2847,25.2847,25.2847,5,0
INDE.US,D,20231109,000000,25.1706,25.1706,25.1706,25.1706,7,0
INDE.US,D,20231110,000000,25.35,25.48,25.35,25.4304,2246,0
INDE.US,D,20231113,000000,25.3293,25.3293,25.3293,25.3293,65,0
INDE.US,D,20231114,000000,25.685,25.74,25.685,25.7301,1150,0
INDE.US,D,20231115,000000,25.73,25.73,25.6199,25.6199,581,0
INDE.US,D,20231116,000000,25.75,25.75,25.6751,25.6751,200,0
INDE.US,D,20231117,000000,25.7488,25.76,25.7,25.7371,86893,0
INDE.US,D,20231120,000000,25.8,25.82,25.7689,25.7689,650,0
INDE.US,D,20231121,000000,25.7301,25.7301,25.7301,25.7301,21,0
INDE.US,D,20231122,000000,25.7699,25.7699,25.6806,25.6806,549,0
INDE.US,D,20231124,000000,25.705,25.7051,25.705,25.7051,105,0
INDE.US,D,20231127,000000,25.79,25.79,25.73,25.73,1321,0
INDE.US,D,20231128,000000,25.95,25.98,25.9007,25.9007,4291,0
INDE.US,D,20231129,000000,25.9843,25.9843,25.9843,25.9843,1,0
INDE.US,D,20231130,000000,26.289,26.289,26.2699,26.2699,105,0
INDE.US,D,20231201,000000,26.2645,26.4439,26.2645,26.4439,2876,0
INDE.US,D,20231204,000000,26.6113,26.67,26.6113,26.6592,574,0
INDE.US,D,20231205,000000,26.6352,26.6352,26.6352,26.6352,114,0
INDE.US,D,20231206,000000,26.78,26.78,26.625,26.625,408,0
INDE.US,D,20231207,000000,26.75,26.805,26.6883,26.6883,1740,0
INDE.US,D,20231208,000000,26.63,26.63,26.6176,26.6176,315,0
INDE.US,D,20231211,000000,26.695,26.7797,26.695,26.715,494,0
INDE.US,D,20231212,000000,26.5,26.5403,26.5,26.5403,284,0
INDE.US,D,20231213,000000,26.5087,26.7532,26.5087,26.7532,653,0
INDE.US,D,20231214,000000,27.15,27.15,27,27.0883,2751,0
INDE.US,D,20231215,000000,27.0993,27.0993,27.0993,27.0993,168,0
INDE.US,D,20231218,000000,27.34,27.34,27.1947,27.26,1648,0
INDE.US,D,20231219,000000,27.4013,27.46,27.3751,27.3751,5673,0
INDE.US,D,20231220,000000,27.03,27.03,26.7453,26.7453,12317,0
INDE.US,D,20231221,000000,26.95,27.0749,26.95,27.0749,134,0
INDE.US,D,20231222,000000,26.95,27.02,26.882,26.9442,997,0
INDE.US,D,20231226,000000,26.975,26.975,26.975,26.975,54,0
INDE.US,D,20231227,000000,27.19,27.34,27.1154,27.1154,4711,0
INDE.US,D,20231228,000000,27.2199,27.2199,27.1553,27.1553,2146,0
INDE.US,D,20231229,000000,27.11,27.12,27.0346,27.0346,733,0
INDE.US,D,20240102,000000,27.06,27.06,26.9778,26.9778,911,0
INDE.US,D,20240103,000000,27.0316,27.0316,27.0316,27.0316,10,0
INDE.US,D,20240104,000000,27.38,27.42,27.2848,27.2848,1636,0
INDE.US,D,20240105,000000,27.4043,27.4043,27.4043,27.4043,26,0
INDE.US,D,20240108,000000,27.22,27.38,27.2125,27.3159,2118,0
INDE.US,D,20240109,000000,27.1223,27.1223,27.0701,27.115,610,0
INDE.US,D,20240110,000000,27.3,27.3,27.26,27.26,106,0
INDE.US,D,20240111,000000,27.48,27.5175,27.45,27.5175,354,0
INDE.US,D,20240112,000000,27.9309,27.9309,27.8796,27.8796,649,0
INDE.US,D,20240116,000000,28,28,27.5,27.5902,3282,0
INDE.US,D,20240117,000000,27.165,27.1749,27.165,27.1749,307,0
INDE.US,D,20240118,000000,27.19,27.19,27.1763,27.1875,4362,0
INDE.US,D,20240119,000000,27.635,27.635,27.635,27.635,68,0
INDE.US,D,20240122,000000,27.7349,27.748,27.7349,27.748,3364,0
INDE.US,D,20240123,000000,27.22,27.23,26.97,27.0284,2603,0
INDE.US,D,20240124,000000,27.3799,27.3799,27.2901,27.317,1117,0
INDE.US,D,20240125,000000,27.5,27.5,27.4213,27.4821,563,0
INDE.US,D,20240126,000000,27.475,27.5152,27.475,27.5152,383,0
INDE.US,D,20240129,000000,27.83,27.9348,27.83,27.9348,872,0
INDE.US,D,20240130,000000,27.52,27.7051,27.52,27.7051,462,0
INDE.US,D,20240131,000000,27.93,28.1,27.9149,27.9149,957,0
INDE.US,D,20240201,000000,28,28.1,27.9166,28.0802,2987,0
INDE.US,D,20240202,000000,27.895,28.0143,27.895,28.0143,390,0
INDE.US,D,20240205,000000,27.842,27.9086,27.842,27.8784,816,0
INDE.US,D,20240206,000000,28.205,28.2495,28.12,28.2026,1875,0
INDE.US,D,20240207,000000,29.1,29.1,28.2216,28.265,3665,0
INDE.US,D,20240208,000000,27.895,27.895,27.875,27.8851,470,0
INDE.US,D,20240209,000000,28.015,28.04,28.015,28.03,231,0
INDE.US,D,20240212,000000,27.6557,27.6586,27.5832,27.6447,3183,0
INDE.US,D,20240213,000000,27.48,27.48,27.34,27.3664,744,0
INDE.US,D,20240214,000000,28.005,28.05,28.005,28.005,568,0
INDE.US,D,20240215,000000,28.79,28.79,28.2,28.2927,4123,0
INDE.US,D,20240216,000000,28.46,28.465,28.39,28.465,771,0
INDE.US,D,20240220,000000,28.62,28.66,28.5811,28.66,2420,0
INDE.US,D,20240221,000000,28.37,28.37,28.3,28.3541,483,0
INDE.US,D,20240222,000000,28.58,28.679,28.58,28.657,4164,0
INDE.US,D,20240223,000000,28.7999,28.8,28.735,28.755,7663,0
INDE.US,D,20240226,000000,28.9,28.9,28.6177,28.6216,2768,0
INDE.US,D,20240227,000000,28.63,28.63,28.5113,28.595,4099,0
INDE.US,D,20240228,000000,28.15,28.21,28.1035,28.1713,1927,0
INDE.US,D,20240229,000000,28.41,28.41,28.3521,28.3521,624,0
INDE.US,D,20240301,000000,28.88,28.9,28.7901,28.8527,2262,0
INDE.US,D,20240304,000000,31.76,31.76,28.78,28.8338,598,0
INDE.US,D,20240305,000000,28.62,28.6837,28.62,28.6737,3342,0
INDE.US,D,20240306,000000,29.42,29.42,28.555,28.5957,5003,0
INDE.US,D,20240307,000000,28.78,28.78,28.7275,28.7275,354,0
INDE.US,D,20240308,000000,28.81,28.825,28.74,28.74,1059,0
INDE.US,D,20240311,000000,28.24,28.3272,28.24,28.3272,2099,0
INDE.US,D,20240312,000000,28.05,28.09,28.05,28.06,705,0
INDE.US,D,20240313,000000,27.47,27.47,27.32,27.38,6609,0
INDE.US,D,20240314,000000,27.61,27.61,27.43,27.49,3387,0
INDE.US,D,20240315,000000,27.5148,27.5148,27.5148,27.5148,43,0
INDE.US,D,20240318,000000,27.5727,27.66,27.5727,27.6016,4101,0
INDE.US,D,20240319,000000,27.3485,27.3485,27.3485,27.3485,335,0
INDE.US,D,20240320,000000,27.46,27.6,27.46,27.5468,1611,0
INDE.US,D,20240321,000000,27.79,27.79,27.705,27.74,608,0
INDE.US,D,20240322,000000,27.6605,27.6605,27.6605,27.6605,65,0
INDE.US,D,20240325,000000,27.68,27.68,27.635,27.635,3403,0
INDE.US,D,20240326,000000,27.77,27.77,27.73,27.75,1639,0
INDE.US,D,20240327,000000,28.0299,28.05,27.99,27.99,1245,0
INDE.US,D,20240328,000000,28.2699,28.2699,28.157,28.2054,3139,0
INDE.US,D,20240401,000000,28.32,28.39,28.184,28.205,1632,0
INDE.US,D,20240402,000000,28.2301,28.2598,28.2301,28.2598,197,0
INDE.US,D,20240403,000000,28.41,28.41,28.4084,28.4084,232,0
INDE.US,D,20240404,000000,28.51,28.5201,28.3613,28.3613,3144,0
INDE.US,D,20240405,000000,28.6408,28.6408,28.6408,28.6408,47,0
INDE.US,D,20240408,000000,28.7526,28.7778,28.75,28.75,1304,0
INDE.US,D,20240409,000000,28.77,28.79,28.64,28.7527,2889,0
INDE.US,D,20240410,000000,28.5557,28.5557,28.5557,28.5557,15,0
INDE.US,D,20240411,000000,28.54,28.6382,28.4383,28.565,1480,0
INDE.US,D,20240412,000000,28.44,28.44,28.15,28.2232,1690,0
INDE.US,D,20240415,000000,28.11,28.11,28.04,28.0533,961,0
INDE.US,D,20240416,000000,28.05,28.0976,28.05,28.0976,1093,0
INDE.US,D,20240417,000000,28.1,28.105,28.03,28.03,1514,0
INDE.US,D,20240418,000000,27.92,28.095,27.92,28.015,1831,0
INDE.US,D,20240419,000000,28.25,28.25,28.25,28.25,315,0
INDE.US,D,20240422,000000,28.6378,28.6378,28.5964,28.5987,512,0
INDE.US,D,20240423,000000,28.64,28.6809,28.64,28.6809,2001,0
INDE.US,D,20240424,000000,28.58,28.6099,28.58,28.6074,437,0
INDE.US,D,20240425,000000,28.66,28.78,28.66,28.7229,2071,0
INDE.US,D,20240426,000000,28.695,28.705,28.64,28.705,588,0
INDE.US,D,20240429,000000,28.85,28.89,28.85,28.89,952,0
INDE.US,D,20240430,000000,29.0099,29.01,28.87,28.87,680,0
INDE.US,D,20240501,000000,28.86,29.0399,28.86,28.9086,561,0
INDE.US,D,20240502,000000,29.0647,29.1978,29.0647,29.1978,829,0
INDE.US,D,20240503,000000,29.1418,29.1418,29.1418,29.1418,10,0
INDE.US,D,20240506,000000,28.7686,28.78,28.75,28.7729,1784,0
INDE.US,D,20240507,000000,28.3006,28.4899,28.3006,28.4063,13227,0
INDE.US,D,20240508,000000,28.47,28.5,28.4467,28.4467,1083,0
INDE.US,D,20240509,000000,28.26,28.26,28.06,28.165,2712,0
INDE.US,D,20240510,000000,28.135,28.135,28.0501,28.1,5030,0
INDE.US,D,20240513,000000,28.36,28.36,28.23,28.23,5601,0
INDE.US,D,20240514,000000,28.4102,28.4102,28.4102,28.4102,23,0
INDE.US,D,20240515,000000,28.52,28.5509,28.5,28.535,1607,0
INDE.US,D,20240516,000000,28.655,28.655,28.6375,28.645,1202,0
INDE.US,D,20240517,000000,28.91,29.0041,28.89,28.89,745,0
INDE.US,D,20240520,000000,28.96,29.0513,28.96,28.99,907,0
INDE.US,D,20240521,000000,28.9099,28.9099,28.8355,28.8355,579,0
INDE.US,D,20240522,000000,28.8207,28.87,28.7993,28.8263,953,0
INDE.US,D,20240523,000000,29.18,29.18,29.045,29.045,1223,0
INDE.US,D,20240524,000000,29.205,29.205,29.205,29.205,94,0
INDE.US,D,20240528,000000,29.02,29.02,28.8926,28.8926,1735,0
INDE.US,D,20240529,000000,28.76,28.7889,28.7061,28.7598,1743,0
INDE.US,D,20240530,000000,28.56,28.5993,28.55,28.5993,596,0
INDE.US,D,20240531,000000,28.5999,28.6777,28.5999,28.6777,1119,0
INDE.US,D,20240603,000000,29.56,29.73,29.5,29.61,7462,0
INDE.US,D,20240604,000000,27.66,27.7573,27.435,27.7573,10978,0
INDE.US,D,20240605,000000,28.48,28.6074,28.42,28.6074,4468,0
INDE.US,D,20240606,000000,28.91,28.99,28.8701,28.93,4466,0
INDE.US,D,20240607,000000,29.27,29.32,29.18,29.18,1310,0
INDE.US,D,20240610,000000,29.51,29.51,29.4509,29.4509,299,0
INDE.US,D,20240611,000000,29.4977,29.4977,29.4977,29.4977,172,0
INDE.US,D,20240612,000000,29.8,29.94,29.8,29.82,578,0
INDE.US,D,20240613,000000,29.96,30.02,29.93,29.93,1994,0
INDE.US,D,20240614,000000,30.34,30.35,30.26,30.26,1749,0
INDE.US,D,20240617,000000,30.24,30.3391,30.24,30.3391,1925,0
INDE.US,D,20240618,000000,30.38,30.4638,30.34,30.4638,1523,0
INDE.US,D,20240620,000000,30.14,30.24,30.12,30.1938,1307,0
INDE.US,D,20240621,000000,30.17,30.1852,30.12,30.1852,611,0
