<TICKER>,<PER>,<DATE>,<TIME>,<OPEN>,<HIGH>,<LOW>,<CLOSE>,<VOL>,<OPENINT>
ITDE.US,D,20231024,000000,24.3291,24.3291,24.3291,24.3291,259,0
ITDE.US,D,20231025,000000,24.1,24.11,24.0001,24.0001,1097,0
ITDE.US,D,20231026,000000,23.91,23.91,23.8611,23.8611,256,0
ITDE.US,D,20231027,000000,23.81,23.81,23.7324,23.7324,402,0
ITDE.US,D,20231030,000000,23.96,23.9891,23.9515,23.9891,901,0
ITDE.US,D,20231031,000000,24.092,24.092,24.092,24.092,234,0
ITDE.US,D,20231101,000000,24.23,24.34,24.23,24.3362,1184,0
ITDE.US,D,20231102,000000,24.7563,24.8103,24.7563,24.8103,388,0
ITDE.US,D,20231103,000000,25.1788,25.1788,25.114,25.114,523,0
ITDE.US,D,20231106,000000,25.17,25.17,25.0505,25.0652,2209,0
ITDE.US,D,20231107,000000,25,25.11,25,25.073,1104,0
ITDE.US,D,20231108,000000,25.1099,25.1099,25.0499,25.0821,1280,0
ITDE.US,D,20231109,000000,25.21,25.21,24.8941,24.8941,2654,0
ITDE.US,D,20231110,000000,24.9889,25.1563,24.9889,25.1563,2672,0
ITDE.US,D,20231113,000000,25.0479,25.2,25.0479,25.155,4924,0
ITDE.US,D,20231114,000000,25.62,25.81,25.62,25.7534,3877,0
ITDE.US,D,20231115,000000,25.88,25.88,25.7795,25.7795,2647,0
ITDE.US,D,20231116,000000,25.77,25.77,25.68,25.7562,1869,0
ITDE.US,D,20231117,000000,25.85,25.8882,25.85,25.8882,488,0
ITDE.US,D,20231120,000000,25.9621,26.0999,25.9621,26.0553,1872,0
ITDE.US,D,20231121,000000,26.02,26.02,25.9643,25.99,3371,0
ITDE.US,D,20231122,000000,26.09,26.09,26.05,26.059,1479,0
ITDE.US,D,20231124,000000,26.08,26.1056,26.08,26.1056,2109,0
ITDE.US,D,20231127,000000,26.07,26.0877,26.07,26.0877,400,0
ITDE.US,D,20231128,000000,26.0599,26.1399,26.0599,26.1359,443,0
ITDE.US,D,20231129,000000,26.215,26.215,26.1692,26.1692,330,0
ITDE.US,D,20231130,000000,26.15,26.2257,26.1499,26.2257,905,0
ITDE.US,D,20231201,000000,26.4843,26.4843,26.4843,26.4843,203,0
ITDE.US,D,20231204,000000,26.3899,26.39,26.3499,26.3552,1119,0
ITDE.US,D,20231205,000000,26.3043,26.3043,26.3043,26.3043,299,0
ITDE.US,D,20231206,000000,26.39,26.39,26.2746,26.2746,535,0
ITDE.US,D,20231207,000000,26.37,26.4353,26.3699,26.4353,1539,0
ITDE.US,D,20231208,000000,26.37,26.4872,26.37,26.4872,532,0
ITDE.US,D,20231211,000000,26.53,26.57,26.48,26.57,9873,0
ITDE.US,D,20231212,000000,26.4822,26.636,26.4822,26.636,1192,0
ITDE.US,D,20231213,000000,26.65,27.0642,26.65,27.0642,13266,0
ITDE.US,D,20231214,000000,27.29,27.38,27.2799,27.3105,11629,0
ITDE.US,D,20231215,000000,27.28,27.31,27.1924,27.2207,10825,0
ITDE.US,D,20231218,000000,27.29,27.29,27.2402,27.28,8812,0
ITDE.US,D,20231219,000000,27.44,27.47,27.43,27.47,3074,0
ITDE.US,D,20231220,000000,27.46,27.49,27.17,27.17,9676,0
ITDE.US,D,20231221,000000,27.4,27.45,27.29,27.45,28849,0
ITDE.US,D,20231222,000000,27.32,27.32,27.2347,27.2347,1055,0
ITDE.US,D,20231226,000000,27.3065,27.3702,27.3,27.3702,2544,0
ITDE.US,D,20231227,000000,27.43,27.464,27.4027,27.464,23168,0
ITDE.US,D,20231228,000000,27.5194,27.5599,27.4792,27.4792,1868,0
ITDE.US,D,20231229,000000,27.5046,27.52,27.3786,27.4041,3224,0
ITDE.US,D,20240102,000000,27.25,27.2537,27.18,27.1971,7926,0
ITDE.US,D,20240103,000000,26.98,27,26.9305,26.9802,8505,0
ITDE.US,D,20240104,000000,26.9693,26.99,26.926,26.926,4158,0
ITDE.US,D,20240105,000000,26.95,27.0999,26.9444,26.9444,2607,0
ITDE.US,D,20240108,000000,27.06,27.2559,26.93,27.2559,18078,0
ITDE.US,D,20240109,000000,27.12,27.15,27.12,27.1365,4152,0
ITDE.US,D,20240110,000000,27.21,27.2289,27.17,27.2289,17628,0
ITDE.US,D,20240111,000000,27.295,27.295,27.22,27.2367,1760,0
ITDE.US,D,20240112,000000,27.2397,27.2983,27.2397,27.2936,1268,0
ITDE.US,D,20240116,000000,27.13,27.13,27.0156,27.0156,939,0
ITDE.US,D,20240117,000000,26.8226,26.8226,26.8226,26.8226,84,0
ITDE.US,D,20240118,000000,26.97,26.9856,26.9,26.9856,3278,0
ITDE.US,D,20240119,000000,27.06,27.2171,26.9799,27.2171,6250,0
ITDE.US,D,20240122,000000,27.32,27.38,27.2945,27.2945,4414,0
ITDE.US,D,20240123,000000,27.2479,27.3166,27.2373,27.3166,16161,0
ITDE.US,D,20240124,000000,27.52,27.52,27.3527,27.3527,3125,0
ITDE.US,D,20240125,000000,27.4424,27.4673,27.4424,27.4673,359,0
ITDE.US,D,20240126,000000,27.5099,27.5532,27.4963,27.4963,2832,0
ITDE.US,D,20240129,000000,27.56,27.6764,27.4999,27.6764,2420,0
ITDE.US,D,20240130,000000,27.6587,27.665,27.6454,27.665,1493,0
ITDE.US,D,20240131,000000,27.65,27.65,27.38,27.3892,5923,0
ITDE.US,D,20240201,000000,27.48,27.6469,27.48,27.6469,935,0
ITDE.US,D,20240202,000000,27.74,27.74,27.7108,27.7108,315,0
ITDE.US,D,20240205,000000,27.5549,27.5549,27.5549,27.5549,402,0
ITDE.US,D,20240206,000000,27.67,27.7082,27.6699,27.7082,3074,0
ITDE.US,D,20240207,000000,27.8,27.8391,27.7609,27.8112,7528,0
ITDE.US,D,20240208,000000,27.77,27.83,27.77,27.8139,3284,0
ITDE.US,D,20240209,000000,27.86,27.9499,27.86,27.9499,864,0
ITDE.US,D,20240212,000000,28.0865,28.0874,27.9769,27.9769,808,0
ITDE.US,D,20240213,000000,27.66,27.66,27.5261,27.5261,3527,0
ITDE.US,D,20240214,000000,27.74,27.8262,27.67,27.8262,4538,0
ITDE.US,D,20240215,000000,27.93,28.0657,27.9299,28.0657,976,0
ITDE.US,D,20240216,000000,28.03,28.1099,27.9886,27.9886,1761,0
ITDE.US,D,20240220,000000,28,28,27.89,27.9029,3033,0
ITDE.US,D,20240221,000000,27.8772,27.9308,27.85,27.9308,2361,0
ITDE.US,D,20240222,000000,28.18,28.3335,28.18,28.3335,3636,0
ITDE.US,D,20240223,000000,28.43,28.43,28.3252,28.373,6186,0
ITDE.US,D,20240226,000000,28.39,28.39,28.2861,28.2861,2809,0
ITDE.US,D,20240227,000000,28.35,28.35,28.3,28.34,4458,0
ITDE.US,D,20240228,000000,28.21,28.24,28.21,28.2334,4608,0
ITDE.US,D,20240229,000000,28.55,28.55,28.3,28.35,22976,0
ITDE.US,D,20240301,000000,28.44,28.61,28.44,28.61,6449,0
ITDE.US,D,20240304,000000,28.59,28.59,28.5623,28.5623,935,0
ITDE.US,D,20240305,000000,28.53,28.53,28.3099,28.3802,2913,0
ITDE.US,D,20240306,000000,28.615,28.6658,28.54,28.5958,2381,0
ITDE.US,D,20240307,000000,28.78,28.8599,28.78,28.8549,3336,0
ITDE.US,D,20240308,000000,28.99,28.99,28.7502,28.7502,7306,0
ITDE.US,D,20240311,000000,28.7,28.7,28.6788,28.6788,1414,0
ITDE.US,D,20240312,000000,28.7,28.9075,28.7,28.9075,687,0
ITDE.US,D,20240313,000000,28.92,28.92,28.8566,28.8566,916,0
ITDE.US,D,20240314,000000,28.91,28.91,28.66,28.6814,11801,0
ITDE.US,D,20240315,000000,28.595,28.595,28.595,28.595,365,0
ITDE.US,D,20240318,000000,28.6,28.7501,28.6,28.6653,6254,0
ITDE.US,D,20240319,000000,28.67,28.78,28.6199,28.78,4025,0
ITDE.US,D,20240320,000000,28.76,29.0219,28.76,29.0219,949,0
ITDE.US,D,20240321,000000,29.21,29.21,29.1174,29.1174,19773,0
ITDE.US,D,20240322,000000,29.0599,29.0676,29.04,29.0569,4545,0
ITDE.US,D,20240325,000000,28.99,29.03,28.98,28.98,2600,0
ITDE.US,D,20240326,000000,29.09,29.09,28.9406,28.9406,2194,0
ITDE.US,D,20240327,000000,29.06,29.1665,29.06,29.1665,1559,0
ITDE.US,D,20240328,000000,29.17,29.23,29.17,29.2139,7428,0
ITDE.US,D,20240401,000000,29.19,29.1989,29.05,29.07,11713,0
ITDE.US,D,20240402,000000,28.9,28.9,28.81,28.9,2927,0
ITDE.US,D,20240403,000000,29,29,28.9578,28.9578,3271,0
ITDE.US,D,20240404,000000,29.19,29.19,28.7337,28.7337,3066,0
ITDE.US,D,20240405,000000,28.95,28.95,28.87,28.9053,1685,0
ITDE.US,D,20240408,000000,28.95,29.01,28.95,28.9658,4164,0
ITDE.US,D,20240409,000000,29.05,29.05,28.95,29.0291,12236,0
ITDE.US,D,20240410,000000,28.93,28.93,28.59,28.66,9759,0
ITDE.US,D,20240411,000000,28.79,28.86,28.58,28.8,2425,0
ITDE.US,D,20240412,000000,28.58,28.58,28.36,28.4,6147,0
ITDE.US,D,20240415,000000,28.62,28.62,28.12,28.12,6212,0
ITDE.US,D,20240416,000000,27.9598,28.01,27.912,27.9703,4233,0
ITDE.US,D,20240417,000000,27.97,27.97,27.87,27.8987,5424,0
ITDE.US,D,20240418,000000,27.92,27.98,27.8363,27.8382,5541,0
ITDE.US,D,20240419,000000,27.84,27.84,27.67,27.74,1707,0
ITDE.US,D,20240422,000000,27.89,28.03,27.81,27.9653,3571,0
ITDE.US,D,20240423,000000,28.08,28.29,28.0597,28.251,2735,0
ITDE.US,D,20240424,000000,28.44,28.44,28.16,28.25,43942,0
ITDE.US,D,20240425,000000,27.94,28.1252,27.8776,28.1252,2714,0
ITDE.US,D,20240426,000000,28.33,28.4,28.32,28.37,1647,0
ITDE.US,D,20240429,000000,28.43,28.52,28.43,28.4881,6728,0
ITDE.US,D,20240430,000000,28.4,28.435,28.117,28.117,5082,0
ITDE.US,D,20240501,000000,28.17,28.175,28.0773,28.0773,11136,0
ITDE.US,D,20240502,000000,28.218,28.3753,28.218,28.3753,940,0
ITDE.US,D,20240503,000000,28.56,28.6802,28.56,28.6802,638,0
ITDE.US,D,20240506,000000,28.83,28.8962,28.81,28.8962,1042,0
ITDE.US,D,20240507,000000,28.97,29.01,28.9454,28.9454,8644,0
ITDE.US,D,20240508,000000,28.83,28.9056,28.81,28.9056,5522,0
ITDE.US,D,20240509,000000,28.93,29.073,28.93,29.073,1154,0
ITDE.US,D,20240510,000000,29.18,29.18,29.055,29.0976,394,0
ITDE.US,D,20240513,000000,29.19,29.19,29.1,29.1097,4025,0
ITDE.US,D,20240514,000000,29.19,29.2878,29.185,29.2878,1675,0
ITDE.US,D,20240515,000000,29.48,29.62,29.4047,29.6101,10833,0
ITDE.US,D,20240516,000000,29.59,29.645,29.5446,29.5446,3202,0
ITDE.US,D,20240517,000000,29.54,29.5708,29.54,29.5708,2687,0
ITDE.US,D,20240520,000000,29.6,29.655,29.579,29.5798,6347,0
ITDE.US,D,20240521,000000,29.63,29.63,29.545,29.6,6275,0
ITDE.US,D,20240522,000000,29.545,29.545,29.4399,29.4399,5156,0
ITDE.US,D,20240523,000000,29.65,29.65,29.21,29.2147,4079,0
ITDE.US,D,20240524,000000,29.3906,29.435,29.38,29.3985,3471,0
ITDE.US,D,20240528,000000,29.51,29.51,29.3,29.38,2387,0
ITDE.US,D,20240529,000000,29.14,29.14,29.0643,29.0643,2140,0
ITDE.US,D,20240530,000000,29.08,29.17,29.04,29.0839,3041,0
ITDE.US,D,20240531,000000,29.055,29.2666,28.99,29.2666,1299,0
ITDE.US,D,20240603,000000,29.46,29.46,29.23,29.3362,2549,0
ITDE.US,D,20240604,000000,29.23,29.355,29.23,29.3248,1278,0
ITDE.US,D,20240605,000000,29.49,29.5946,29.37,29.5946,5114,0
ITDE.US,D,20240606,000000,29.605,29.6197,29.5701,29.6197,951,0
ITDE.US,D,20240607,000000,29.5,29.52,29.4504,29.4504,1521,0
ITDE.US,D,20240610,000000,29.41,29.52,29.41,29.4976,2220,0
ITDE.US,D,20240611,000000,29.4,29.4624,29.4,29.4624,481,0
ITDE.US,D,20240612,000000,29.8896,29.89,29.7628,29.7628,1055,0
ITDE.US,D,20240613,000000,29.6607,29.6919,29.6046,29.6919,3479,0
ITDE.US,D,20240614,000000,29.5689,29.5971,29.51,29.5971,2644,0
ITDE.US,D,20240617,000000,29.6,29.77,29.5418,29.7512,3705,0
ITDE.US,D,20240618,000000,29.81,29.8701,29.81,29.862,1162,0
ITDE.US,D,20240620,000000,29.9,29.9,29.805,29.8091,3239,0
ITDE.US,D,20240621,000000,29.742,29.742,29.72,29.742,2018,0
