<TICKER>,<PER>,<DATE>,<TIME>,<OPEN>,<HIGH>,<LOW>,<CLOSE>,<VOL>,<OPENINT>
IVVB.US,D,20230703,000000,25.29,25.29,25.2874,25.2874,297,0
IVVB.US,D,20230705,000000,25.27,25.3,25.2699,25.2699,15531,0
IVVB.US,D,20230706,000000,25.09,25.16,25.021,25.1334,6395,0
IVVB.US,D,20230707,000000,25.17,25.26,25.0957,25.0957,10993,0
IVVB.US,D,20230710,000000,25.13,25.15,25.0601,25.1214,3764,0
IVVB.US,D,20230711,000000,25.12,25.252,25.1105,25.252,7553,0
IVVB.US,D,20230712,000000,25.43,25.4499,25.3767,25.3767,2255,0
IVVB.US,D,20230713,000000,25.49,25.5,25.44,25.5,1673,0
IVVB.US,D,20230714,000000,25.501,25.501,25.4922,25.4922,263,0
IVVB.US,D,20230717,000000,25.581,25.6085,25.5801,25.591,1595,0
IVVB.US,D,20230718,000000,25.67,25.6982,25.67,25.6982,2405,0
IVVB.US,D,20230719,000000,25.76,25.77,25.6997,25.7193,10330,0
IVVB.US,D,20230720,000000,25.7,25.7,25.6299,25.6299,2976,0
IVVB.US,D,20230721,000000,25.77,25.77,25.6548,25.6548,5476,0
IVVB.US,D,20230724,000000,25.73,25.74,25.7015,25.7058,1180,0
IVVB.US,D,20230725,000000,25.7561,25.81,25.7561,25.776,2147,0
IVVB.US,D,20230726,000000,25.74,25.798,25.7061,25.798,1983,0
IVVB.US,D,20230727,000000,25.89,25.95,25.6634,25.6634,9962,0
IVVB.US,D,20230728,000000,25.84,25.86,25.84,25.86,1444,0
IVVB.US,D,20230731,000000,25.82,25.83,25.791,25.8103,2017,0
IVVB.US,D,20230801,000000,25.7981,25.8,25.76,25.7952,7967,0
IVVB.US,D,20230802,000000,25.58,25.58,25.56,25.5742,436403,0
IVVB.US,D,20230803,000000,25.52,25.6,25.52,25.551,29298,0
IVVB.US,D,20230804,000000,25.66,25.69,25.4398,25.4398,17723,0
IVVB.US,D,20230807,000000,25.5921,25.6223,25.5921,25.6223,381,0
IVVB.US,D,20230808,000000,25.45,25.5541,25.411,25.5541,1409,0
IVVB.US,D,20230809,000000,25.5201,25.5201,25.4303,25.4303,531,0
IVVB.US,D,20230810,000000,25.5799,25.5799,25.42,25.4343,775,0
IVVB.US,D,20230811,000000,25.3301,25.4699,25.3301,25.4109,11154,0
IVVB.US,D,20230814,000000,25.4801,25.5118,25.475,25.5118,1665,0
IVVB.US,D,20230815,000000,25.37,25.37,25.3203,25.3203,980,0
IVVB.US,D,20230816,000000,25.29,25.3,25.1519,25.1519,1159,0
IVVB.US,D,20230817,000000,25.16,25.18,25,25.0152,222252,0
IVVB.US,D,20230818,000000,24.96,24.99,24.96,24.9803,14147,0
IVVB.US,D,20230821,000000,25.09,25.09,24.9205,25.08,3656,0
IVVB.US,D,20230822,000000,25.18,25.18,25.01,25.0584,4956,0
IVVB.US,D,20230823,000000,25.22,25.3,25.22,25.2625,1708,0
IVVB.US,D,20230824,000000,25.32,25.325,25.026,25.058,25099,0
IVVB.US,D,20230825,000000,25.12,25.2,24.89,25.18,32280,0
IVVB.US,D,20230828,000000,25.255,25.38,25.08,25.263,59441,0
IVVB.US,D,20230829,000000,25.371,25.61,25.371,25.6,31031,0
IVVB.US,D,20230830,000000,25.6226,25.69,25.6201,25.6587,7372,0
IVVB.US,D,20230831,000000,25.638,25.638,25.638,25.638,165,0
IVVB.US,D,20230901,000000,25.75,25.76,25.64,25.64,11208,0
IVVB.US,D,20230905,000000,25.7095,25.7095,25.5926,25.5926,216,0
IVVB.US,D,20230906,000000,25.5,25.5,25.4161,25.4161,133,0
IVVB.US,D,20230907,000000,25.27,25.37,25.27,25.3438,1917,0
IVVB.US,D,20230908,000000,25.39,25.3918,25.3664,25.3664,3356,0
IVVB.US,D,20230911,000000,25.5073,25.5222,25.5073,25.5222,1564,0
IVVB.US,D,20230912,000000,25.4037,25.4037,25.4037,25.4037,92,0
IVVB.US,D,20230913,000000,25.38,25.43,25.38,25.39,1657,0
IVVB.US,D,20230914,000000,25.5793,25.6887,25.5793,25.66,10113,0
IVVB.US,D,20230915,000000,25.36,25.36,25.36,25.36,817,0
IVVB.US,D,20230918,000000,25.37,25.37,25.3389,25.3389,1026,0
IVVB.US,D,20230919,000000,25.33,25.33,25.32,25.32,848,0
IVVB.US,D,20230920,000000,25.32,25.34,25.07,25.08,5685,0
IVVB.US,D,20230921,000000,24.82,24.86,24.6979,24.6979,6853,0
IVVB.US,D,20230922,000000,24.75,24.775,24.632,24.632,1260,0
IVVB.US,D,20230925,000000,24.63,24.69,24.57,24.67,2270,0
IVVB.US,D,20230926,000000,24.535,24.54,24.3806,24.3806,65162,0
IVVB.US,D,20230927,000000,24.43,24.43,24.38,24.41,3188,0
IVVB.US,D,20230928,000000,24.4,24.54,24.4,24.51,4821,0
IVVB.US,D,20230929,000000,24.56,24.564,24.46,24.47,2553,0
IVVB.US,D,20231002,000000,24.4,24.4448,24.4,24.4448,1775,0
IVVB.US,D,20231003,000000,24.27,24.27,24.2395,24.2395,102,0
IVVB.US,D,20231004,000000,24.23,24.34,24.1,24.34,11539,0
IVVB.US,D,20231005,000000,24.3411,24.3411,24.3268,24.3389,2886,0
IVVB.US,D,20231006,000000,24.26,24.5,24.26,24.5,1507,0
IVVB.US,D,20231009,000000,24.6,24.6001,24.55,24.5899,23548,0
IVVB.US,D,20231010,000000,24.66,24.745,24.63,24.63,72686,0
IVVB.US,D,20231011,000000,24.65,24.7,24.44,24.7,36732,0
IVVB.US,D,20231012,000000,24.7,24.72,24.52,24.62,336607,0
IVVB.US,D,20231013,000000,24.7207,24.7207,24.54,24.54,6542,0
IVVB.US,D,20231016,000000,24.61,24.7566,24.61,24.7566,3826,0
IVVB.US,D,20231017,000000,24.76,24.81,24.7292,24.7292,407,0
IVVB.US,D,20231018,000000,24.5472,24.5472,24.5472,24.5472,138,0
IVVB.US,D,20231019,000000,24.47,24.6,24.39,24.39,8432,0
IVVB.US,D,20231020,000000,24.2289,24.2289,24.2289,24.2289,24,0
IVVB.US,D,20231023,000000,24.2,24.21,24.1838,24.1838,632,0
IVVB.US,D,20231024,000000,24.285,24.3032,24.2599,24.3032,539,0
IVVB.US,D,20231025,000000,24.13,24.27,24.085,24.11,32145,0
IVVB.US,D,20231026,000000,23.994,24,23.89,23.8905,11271,0
IVVB.US,D,20231027,000000,23.89,23.89,23.83,23.85,583,0
IVVB.US,D,20231030,000000,23.9941,23.9941,23.9941,23.9941,9,0
IVVB.US,D,20231031,000000,24.06,24.11,24.06,24.11,5670,0
IVVB.US,D,20231101,000000,24.2447,24.2447,24.2447,24.2447,25,0
IVVB.US,D,20231102,000000,24.5622,24.5622,24.5622,24.5622,51,0
IVVB.US,D,20231103,000000,24.7898,24.7898,24.61,24.645,11671,0
IVVB.US,D,20231106,000000,24.7565,24.7719,24.73,24.7719,8799,0
IVVB.US,D,20231107,000000,24.83,24.89,24.78,24.87,55312,0
IVVB.US,D,20231108,000000,24.81,24.85,24.81,24.84,4147,0
IVVB.US,D,20231109,000000,24.68,24.7158,24.68,24.7158,201,0
IVVB.US,D,20231110,000000,24.91,25.0196,24.91,25.0196,183,0
IVVB.US,D,20231113,000000,24.92,24.9904,24.8,24.9904,9519,0
IVVB.US,D,20231114,000000,25.3,25.3,25.27,25.27,872,0
IVVB.US,D,20231115,000000,25.32,25.35,25.31,25.3266,4305,0
IVVB.US,D,20231116,000000,25.31,25.43,25.31,25.3556,20079,0
IVVB.US,D,20231117,000000,25.39,25.39,25.3896,25.3896,308,0
IVVB.US,D,20231120,000000,25.46,25.53,25.46,25.53,10714,0
IVVB.US,D,20231121,000000,25.4909,25.4909,25.4909,25.4909,10,0
IVVB.US,D,20231122,000000,25.58,25.58,25.56,25.58,1237,0
IVVB.US,D,20231124,000000,25.5742,25.5742,25.5742,25.5742,4,0
IVVB.US,D,20231127,000000,25.5585,25.5694,25.5585,25.5694,123,0
IVVB.US,D,20231128,000000,25.6099,25.63,25.57,25.63,6035,0
IVVB.US,D,20231129,000000,25.63,25.64,25.6,25.61,2704,0
IVVB.US,D,20231130,000000,25.6224,25.6224,25.6224,25.6224,36,0
IVVB.US,D,20231201,000000,25.7,25.72,25.68,25.6876,82355,0
IVVB.US,D,20231204,000000,25.66,25.66,25.65,25.6587,776,0
IVVB.US,D,20231205,000000,25.64,25.65,25.62,25.62,5651,0
IVVB.US,D,20231206,000000,25.65,25.65,25.6102,25.6102,158,0
IVVB.US,D,20231207,000000,25.66,25.7043,25.66,25.7043,105,0
IVVB.US,D,20231208,000000,25.779,25.779,25.7742,25.7742,641,0
IVVB.US,D,20231211,000000,25.8161,25.8161,25.8161,25.8161,457,0
IVVB.US,D,20231212,000000,25.8597,25.87,25.85,25.8593,1642,0
IVVB.US,D,20231213,000000,25.9044,25.9044,25.9044,25.9044,105,0
IVVB.US,D,20231214,000000,25.94,25.94,25.9146,25.9146,101,0
IVVB.US,D,20231215,000000,25.9344,25.9344,25.9344,25.9344,83,0
IVVB.US,D,20231218,000000,25.9446,25.9446,25.9446,25.9446,63,0
IVVB.US,D,20231219,000000,25.989,25.989,25.9498,25.9498,6940,0
IVVB.US,D,20231220,000000,25.94,25.95,25.91,25.91,1237,0
IVVB.US,D,20231221,000000,25.96,25.96,25.9201,25.9515,719,0
IVVB.US,D,20231222,000000,25.9774,25.9774,25.9774,25.9774,87,0
IVVB.US,D,20231226,000000,26.04,26.04,25.96,25.9893,1762,0
IVVB.US,D,20231227,000000,26.02,26.02,25.935,25.9898,2073,0
IVVB.US,D,20231228,000000,26.05,26.06,26.0183,26.0183,5072,0
IVVB.US,D,20231229,000000,25.97,25.9701,25.9381,25.9573,2170,0
IVVB.US,D,20240102,000000,25.8562,25.8562,25.8562,25.8562,5,0
IVVB.US,D,20240103,000000,25.83,25.83,25.7365,25.7365,801,0
IVVB.US,D,20240104,000000,25.7,25.7,25.6912,25.6912,3098,0
IVVB.US,D,20240105,000000,25.7135,25.7135,25.7135,25.7135,72,0
IVVB.US,D,20240108,000000,25.74,25.9516,25.74,25.9516,1371,0
IVVB.US,D,20240109,000000,25.91,25.9272,25.91,25.9272,152,0
IVVB.US,D,20240110,000000,25.92,26.021,25.92,26.021,89734,0
IVVB.US,D,20240111,000000,25.9909,26.0236,25.9909,26.0236,1788,0
IVVB.US,D,20240112,000000,26.07,26.07,26.0442,26.0442,410,0
IVVB.US,D,20240116,000000,25.9672,25.9672,25.9672,25.9672,77,0
IVVB.US,D,20240117,000000,25.9,25.9,25.8873,25.8873,165,0
IVVB.US,D,20240118,000000,25.95,26.0457,25.92,26.0457,2019,0
IVVB.US,D,20240119,000000,26.11,26.2585,26.1,26.2585,11193,0
IVVB.US,D,20240122,000000,26.3499,26.3499,26.3087,26.3087,2189,0
IVVB.US,D,20240123,000000,26.3399,26.38,26.3,26.3634,1838,0
IVVB.US,D,20240124,000000,26.3775,26.3775,26.3775,26.3775,17,0
IVVB.US,D,20240125,000000,26.48,26.49,26.415,26.4539,1743,0
IVVB.US,D,20240126,000000,26.46,26.5,26.4546,26.4546,1143,0
IVVB.US,D,20240129,000000,26.5,26.62,26.475,26.62,7867,0
IVVB.US,D,20240130,000000,26.6,26.62,26.5517,26.5709,4497,0
IVVB.US,D,20240131,000000,26.53,26.53,26.3167,26.3167,936,0
IVVB.US,D,20240201,000000,26.41,26.56,26.3679,26.5168,573,0
IVVB.US,D,20240202,000000,26.75,26.86,26.7242,26.7242,2580,0
IVVB.US,D,20240205,000000,26.6836,26.6836,26.6836,26.6836,108,0
IVVB.US,D,20240206,000000,26.72,26.73,26.7044,26.7044,878,0
IVVB.US,D,20240207,000000,26.83,26.86,26.79,26.8353,922,0
IVVB.US,D,20240208,000000,26.8273,27.15,26.8273,26.885,34989,0
IVVB.US,D,20240209,000000,26.94,27,26.94,26.9743,8115,0
IVVB.US,D,20240212,000000,27.02,27.02,26.9456,26.965,7350,0
IVVB.US,D,20240213,000000,26.8299,26.8299,26.66,26.7461,2256,0
IVVB.US,D,20240214,000000,26.81,26.9134,26.81,26.9134,3049,0
IVVB.US,D,20240215,000000,26.96,26.99,26.85,26.9848,25348,0
IVVB.US,D,20240216,000000,26.9239,27.05,26.9239,26.9298,1370,0
IVVB.US,D,20240220,000000,26.91,26.91,26.8349,26.88,23022,0
IVVB.US,D,20240221,000000,26.83,26.8766,26.74,26.8766,3054,0
IVVB.US,D,20240222,000000,27.175,27.175,27.175,27.175,92,0
IVVB.US,D,20240223,000000,27.22,27.24,27.2017,27.24,6706,0
IVVB.US,D,20240226,000000,27.24,27.24,27.1783,27.1783,400,0
IVVB.US,D,20240227,000000,27.14,27.22,27.14,27.2044,2172,0
IVVB.US,D,20240228,000000,27.22,27.22,27.1818,27.1818,736,0
IVVB.US,D,20240229,000000,27.21,27.28,27.2,27.272,5031,0
IVVB.US,D,20240301,000000,27.27,27.35,27.25,27.3393,4860,0
IVVB.US,D,20240304,000000,27.36,27.38,27.335,27.3382,8901,0
IVVB.US,D,20240305,000000,27.35,27.35,27.2272,27.2272,4103,0
IVVB.US,D,20240306,000000,27.27,27.2947,27.27,27.2947,270,0
IVVB.US,D,20240307,000000,27.35,27.41,27.34,27.35,5938,0
IVVB.US,D,20240308,000000,27.39,27.39,27.3457,27.3457,2241,0
IVVB.US,D,20240311,000000,27.34,27.3498,27.3,27.31,2900,0
IVVB.US,D,20240312,000000,27.425,27.4548,27.425,27.4548,740,0
IVVB.US,D,20240313,000000,27.4356,27.4552,27.4356,27.4552,464,0
IVVB.US,D,20240314,000000,27.44,27.44,27.44,27.44,22,0
IVVB.US,D,20240315,000000,27.4482,27.4482,27.4011,27.4011,6946,0
IVVB.US,D,20240318,000000,27.5,27.51,27.4616,27.4616,898,0
IVVB.US,D,20240319,000000,27.465,27.54,27.465,27.5161,1033,0
IVVB.US,D,20240320,000000,27.5,27.59,27.5,27.57,2296,0
IVVB.US,D,20240321,000000,27.67,27.67,27.56,27.56,7009,0
IVVB.US,D,20240322,000000,27.62,27.63,27.6003,27.6003,1245,0
IVVB.US,D,20240325,000000,27.6,27.63,27.585,27.6051,939,0
IVVB.US,D,20240326,000000,27.64,27.64,27.6052,27.6052,1018,0
IVVB.US,D,20240327,000000,27.6306,27.6306,27.6306,27.6306,4,0
IVVB.US,D,20240328,000000,27.6351,27.6351,27.6351,27.6351,19,0
IVVB.US,D,20240401,000000,27.48,27.66,27.48,27.5821,394052,0
IVVB.US,D,20240402,000000,27.47,27.47,27.36,27.4464,7437,0
IVVB.US,D,20240403,000000,27.4,27.5299,27.38,27.4692,329490,0
IVVB.US,D,20240404,000000,27.605,27.605,27.273,27.273,9684,0
IVVB.US,D,20240405,000000,27.48,27.48,27.4742,27.4742,280305,0
IVVB.US,D,20240408,000000,27.5,27.51,27.4573,27.4573,4412,0
IVVB.US,D,20240409,000000,27.44,27.49,27.38,27.49,8548,0
IVVB.US,D,20240410,000000,27.3,27.3283,27.26,27.3283,706,0
IVVB.US,D,20240411,000000,27.509,27.51,27.4743,27.4743,6619,0
IVVB.US,D,20240412,000000,27.2,27.2,27.1883,27.1883,606,0
IVVB.US,D,20240415,000000,27.31,27.31,26.9701,27.0025,4553,0
IVVB.US,D,20240416,000000,26.9917,26.9917,26.9617,26.9617,307,0
IVVB.US,D,20240417,000000,26.875,26.88,26.69,26.8377,15711,0
IVVB.US,D,20240418,000000,26.95,26.95,26.8,26.8001,3323,0
IVVB.US,D,20240419,000000,26.7101,26.7101,26.7101,26.7101,1903,0
IVVB.US,D,20240422,000000,26.645,26.83,26.645,26.79,1985,0
IVVB.US,D,20240423,000000,26.81,26.9604,26.81,26.9501,2355,0
IVVB.US,D,20240424,000000,26.92,26.9682,26.92,26.9682,249,0
IVVB.US,D,20240425,000000,26.645,26.85,26.645,26.85,8090,0
IVVB.US,D,20240426,000000,27.08,27.0912,27.057,27.057,7438,0
IVVB.US,D,20240429,000000,27.04,27.0952,27.04,27.0952,450,0
IVVB.US,D,20240430,000000,26.9501,27.0199,26.85,26.85,33466,0
IVVB.US,D,20240501,000000,26.84,26.84,26.73,26.73,2239,0
IVVB.US,D,20240502,000000,26.75,26.8957,26.75,26.8957,475,0
IVVB.US,D,20240503,000000,27.15,27.15,27.13,27.1351,2496,0
IVVB.US,D,20240506,000000,27.32,27.37,27.32,27.37,3244,0
IVVB.US,D,20240507,000000,27.42,27.42,27.3401,27.3718,1716,0
IVVB.US,D,20240508,000000,27.25,27.375,27.25,27.3705,1282,0
IVVB.US,D,20240509,000000,27.43,27.47,27.29,27.43,19714,0
IVVB.US,D,20240510,000000,27.5097,27.52,27.5097,27.5119,3376,0
IVVB.US,D,20240513,000000,27.53,27.53,27.53,27.53,334,0
IVVB.US,D,20240514,000000,27.5514,27.63,27.5514,27.624,1026,0
IVVB.US,D,20240515,000000,27.7731,27.92,27.75,27.92,6492,0
IVVB.US,D,20240516,000000,27.924,27.93,27.88,27.88,1512,0
IVVB.US,D,20240517,000000,27.836,27.9,27.836,27.8735,314063,0
IVVB.US,D,20240520,000000,27.85,27.9201,27.85,27.89,1149,0
IVVB.US,D,20240521,000000,27.9315,27.99,27.9315,27.979,2457,0
IVVB.US,D,20240522,000000,27.8869,27.8869,27.8411,27.8814,1019,0
IVVB.US,D,20240523,000000,28.09,28.09,27.7,27.75,4078,0
IVVB.US,D,20240524,000000,27.86,27.9,27.8365,27.882,2866,0
IVVB.US,D,20240528,000000,27.98,27.98,27.8371,27.94,982,0
IVVB.US,D,20240529,000000,27.8,27.8,27.722,27.722,341,0
IVVB.US,D,20240530,000000,27.601,27.615,27.5653,27.5653,11951,0
IVVB.US,D,20240531,000000,27.4451,27.738,27.4451,27.738,525,0
IVVB.US,D,20240603,000000,27.7098,27.7622,27.7098,27.7622,1657,0
IVVB.US,D,20240604,000000,27.65,27.8265,27.65,27.8265,763,0
IVVB.US,D,20240605,000000,27.895,28.1234,27.895,28.1234,790,0
IVVB.US,D,20240606,000000,28.1195,28.1195,28.1195,28.1195,170,0
IVVB.US,D,20240607,000000,28.1402,28.15,28.0901,28.1164,1983,0
IVVB.US,D,20240610,000000,28.1636,28.1636,28.1636,28.1636,184,0
IVVB.US,D,20240611,000000,28.1467,28.23,28.1467,28.2268,994,0
IVVB.US,D,20240612,000000,28.58,28.58,28.5077,28.5077,912,0
IVVB.US,D,20240613,000000,28.525,28.5524,28.525,28.5524,764,0
IVVB.US,D,20240614,000000,28.5225,28.5225,28.5225,28.5225,86,0
IVVB.US,D,20240617,000000,28.505,28.85,28.505,28.7594,21828,0
IVVB.US,D,20240618,000000,28.77,28.83,28.75,28.818,5863,0
IVVB.US,D,20240620,000000,28.76,28.78,28.7,28.7641,2894,0
IVVB.US,D,20240621,000000,28.74,28.7502,28.7302,28.7302,1363,0
