<TICKER>,<PER>,<DATE>,<TIME>,<OPEN>,<HIGH>,<LOW>,<CLOSE>,<VOL>,<OPENINT>
JAND.US,D,20240103,000000,24.502,24.54,24.45,24.5151,26751,0
JAND.US,D,20240104,000000,24.49,24.5599,24.43,24.495,16357,0
JAND.US,D,20240105,000000,24.56,24.56,24.4802,24.5154,15261,0
JAND.US,D,20240108,000000,24.58,24.67,24.58,24.65,9696,0
JAND.US,D,20240109,000000,24.58,24.68,24.58,24.6544,5229,0
JAND.US,D,20240110,000000,24.72,24.73,24.6685,24.7202,1334,0
JAND.US,D,20240111,000000,24.67,24.73,24.63,24.724,6587,0
JAND.US,D,20240112,000000,24.8,24.8,24.73,24.73,2040,0
JAND.US,D,20240116,000000,24.73,24.73,24.7219,24.7219,1001,0
JAND.US,D,20240117,000000,24.65,24.68,24.65,24.6639,6553,0
JAND.US,D,20240118,000000,24.68,24.7417,24.68,24.7417,40924,0
JAND.US,D,20240119,000000,24.84,24.86,24.82,24.822,7190,0
JAND.US,D,20240122,000000,24.88,24.88,24.8643,24.8643,998,0
JAND.US,D,20240123,000000,24.91,24.91,24.91,24.91,1144,0
JAND.US,D,20240124,000000,24.985,24.985,24.9093,24.9093,3067,0
JAND.US,D,20240125,000000,24.94,24.94,24.91,24.9311,939,0
JAND.US,D,20240126,000000,24.95,24.95,24.93,24.93,540,0
JAND.US,D,20240129,000000,24.95,24.9811,24.95,24.9811,595,0
JAND.US,D,20240130,000000,24.97,24.99,24.9571,24.9616,3219,0
JAND.US,D,20240131,000000,24.96,24.97,24.9,24.9,3063,0
JAND.US,D,20240201,000000,24.93,24.98,24.91,24.96,27445,0
JAND.US,D,20240202,000000,24.97,25.0018,24.97,25.0018,335,0
JAND.US,D,20240205,000000,25.02,25.02,25,25.0006,2533,0
JAND.US,D,20240206,000000,24.995,25.04,24.995,25.0139,1648,0
JAND.US,D,20240207,000000,25.06,25.11,25.06,25.0753,6521,0
JAND.US,D,20240208,000000,25.0942,25.096,25.0732,25.0732,6332,0
JAND.US,D,20240209,000000,25.1,25.12,25.1,25.12,597,0
JAND.US,D,20240212,000000,25.085,25.085,25.085,25.085,47,0
JAND.US,D,20240213,000000,25,25.01,24.97,24.9783,6887,0
JAND.US,D,20240214,000000,25.0555,25.0555,25.0555,25.0555,211,0
JAND.US,D,20240215,000000,25.09,25.1,25.06,25.095,5700,0
JAND.US,D,20240216,000000,25.0603,25.095,25.059,25.059,904,0
JAND.US,D,20240220,000000,25.0329,25.0329,25.0329,25.0329,98,0
JAND.US,D,20240221,000000,25.03,25.0549,25.0132,25.0549,2900,0
JAND.US,D,20240222,000000,25.165,25.165,25.1531,25.1531,1186,0
JAND.US,D,20240223,000000,25.165,25.165,25.165,25.165,53,0
JAND.US,D,20240226,000000,25.1645,25.1645,25.1645,25.1645,2,0
JAND.US,D,20240227,000000,25.185,25.185,25.185,25.185,82,0
JAND.US,D,20240228,000000,25.1714,25.1714,25.1714,25.1714,5,0
JAND.US,D,20240229,000000,25.2,25.22,25.2,25.2096,5179,0
JAND.US,D,20240301,000000,25.2302,25.255,25.23,25.255,3523,0
JAND.US,D,20240304,000000,25.25,25.25,25.2297,25.2297,1632,0
JAND.US,D,20240305,000000,25.1786,25.1786,25.1786,25.1786,27,0
JAND.US,D,20240306,000000,25.22,25.22,25.2097,25.2097,3165,0
JAND.US,D,20240307,000000,25.25,25.25,25.2367,25.2367,2419,0
JAND.US,D,20240308,000000,25.23,25.23,25.2155,25.2155,263,0
JAND.US,D,20240311,000000,25.17,25.27,25.17,25.27,23114,0
JAND.US,D,20240312,000000,25.21,25.275,25.21,25.275,1750,0
JAND.US,D,20240313,000000,25.265,25.265,25.265,25.265,71,0
JAND.US,D,20240314,000000,25.24,25.2601,25.24,25.2601,1979,0
JAND.US,D,20240315,000000,25.23,25.235,25.23,25.235,300,0
JAND.US,D,20240318,000000,25.3,25.3,25.265,25.265,5471,0
JAND.US,D,20240319,000000,25.3,25.3,25.3,25.3,58,0
JAND.US,D,20240320,000000,25.27,25.37,25.27,25.3555,2702,0
JAND.US,D,20240321,000000,25.3699,25.3699,25.3699,25.3699,27,0
JAND.US,D,20240322,000000,25.3845,25.3845,25.3845,25.3845,27,0
JAND.US,D,20240325,000000,25.375,25.375,25.375,25.375,27,0
JAND.US,D,20240326,000000,25.375,25.375,25.375,25.375,27,0
JAND.US,D,20240327,000000,24.9161,24.9161,24.9161,24.9161,21,0
JAND.US,D,20240328,000000,24.9349,24.9349,24.9349,24.9349,27,0
JAND.US,D,20240401,000000,24.94,24.94,24.9139,24.9139,363,0
JAND.US,D,20240402,000000,24.885,24.885,24.885,24.885,15,0
JAND.US,D,20240403,000000,24.8853,24.8853,24.8853,24.8853,23,0
JAND.US,D,20240404,000000,24.8425,24.8425,24.8425,24.8425,1,0
JAND.US,D,20240405,000000,24.875,24.875,24.875,24.875,35,0
JAND.US,D,20240408,000000,24.895,24.895,24.895,24.895,1,0
JAND.US,D,20240409,000000,24.907,24.907,24.907,24.907,2,0
JAND.US,D,20240410,000000,24.82,24.8675,24.82,24.8675,223,0
JAND.US,D,20240411,000000,24.8845,24.8845,24.8845,24.8845,1,0
JAND.US,D,20240412,000000,24.8002,24.8002,24.8002,24.8002,1,0
JAND.US,D,20240415,000000,24.745,24.745,24.745,24.745,9,0
JAND.US,D,20240416,000000,24.7557,24.7557,24.7557,24.7557,1,0
JAND.US,D,20240417,000000,24.7427,24.7427,24.7427,24.7427,21,0
JAND.US,D,20240418,000000,24.745,24.745,24.745,24.745,1,0
JAND.US,D,20240419,000000,24.715,24.715,24.715,24.715,1,0
JAND.US,D,20240422,000000,24.7473,24.7952,24.7473,24.7952,200,0
JAND.US,D,20240423,000000,24.8734,24.8734,24.8734,24.8734,1,0
JAND.US,D,20240424,000000,24.87,24.8989,24.87,24.8989,890,0
JAND.US,D,20240425,000000,24.8694,24.8694,24.8694,24.8694,1,0
JAND.US,D,20240426,000000,24.9422,24.9422,24.9422,24.9422,1,0
JAND.US,D,20240429,000000,24.9501,24.9501,24.9501,24.9501,1,0
JAND.US,D,20240430,000000,24.9043,24.9043,24.9043,24.9043,1,0
JAND.US,D,20240501,000000,24.8681,24.8876,24.8681,24.8876,223,0
JAND.US,D,20240502,000000,24.9356,24.9356,24.9356,24.9356,1,0
JAND.US,D,20240503,000000,24.98,25.01,24.98,25.01,690,0
JAND.US,D,20240506,000000,25.0603,25.0603,25.0603,25.0603,1,0
JAND.US,D,20240507,000000,25.0652,25.0652,25.0652,25.0652,8,0
JAND.US,D,20240508,000000,25.0792,25.0792,25.0792,25.0792,1,0
JAND.US,D,20240509,000000,25.095,25.095,25.095,25.095,40,0
JAND.US,D,20240510,000000,25.1148,25.1148,25.1148,25.1148,1,0
JAND.US,D,20240513,000000,25.11,25.11,25.11,25.11,1,0
JAND.US,D,20240514,000000,25.13,25.13,25.13,25.13,140,0
JAND.US,D,20240515,000000,25.13,25.1731,25.13,25.1731,400,0
JAND.US,D,20240516,000000,25.15,25.1697,25.15,25.1697,703,0
JAND.US,D,20240517,000000,25.16,25.18,25.16,25.18,1130,0
JAND.US,D,20240520,000000,25.19,25.19,25.19,25.19,74,0
JAND.US,D,20240521,000000,25.2,25.2,25.2,25.2,74,0
JAND.US,D,20240522,000000,25.1897,25.1897,25.1897,25.1897,74,0
JAND.US,D,20240523,000000,25.16,25.16,25.16,25.16,74,0
JAND.US,D,20240524,000000,25.2,25.2,25.2,25.2,74,0
JAND.US,D,20240528,000000,25.2,25.2,25.2,25.2,190,0
JAND.US,D,20240529,000000,25.1798,25.1798,25.1798,25.1798,74,0
JAND.US,D,20240530,000000,25.1739,25.1739,25.1732,25.1732,350,0
JAND.US,D,20240531,000000,25.24,25.24,25.2262,25.2262,200,0
JAND.US,D,20240603,000000,25.22,25.2304,25.21,25.2304,688,0
JAND.US,D,20240604,000000,25.24,25.24,25.24,25.24,74,0
JAND.US,D,20240605,000000,25.28,25.28,25.28,25.28,74,0
JAND.US,D,20240606,000000,25.27,25.27,25.27,25.27,74,0
JAND.US,D,20240607,000000,25.275,25.275,25.275,25.275,74,0
JAND.US,D,20240610,000000,25.28,25.28,25.28,25.28,1,0
JAND.US,D,20240611,000000,25.2943,25.2943,25.2943,25.2943,1,0
JAND.US,D,20240612,000000,25.31,25.31,25.31,25.31,1,0
JAND.US,D,20240613,000000,25.325,25.325,25.325,25.325,1,0
JAND.US,D,20240614,000000,25.31,25.31,25.31,25.31,74,0
JAND.US,D,20240617,000000,25.31,25.33,25.31,25.33,323,0
JAND.US,D,20240618,000000,25.34,25.34,25.34,25.34,74,0
JAND.US,D,20240620,000000,25.33,25.33,25.33,25.33,74,0
JAND.US,D,20240621,000000,25.33,25.33,25.33,25.33,74,0
