<TICKER>,<PER>,<DATE>,<TIME>,<OPEN>,<HIGH>,<LOW>,<CLOSE>,<VOL>,<OPENINT>
JMSI.US,D,20230718,000000,50.04,50.16,50.03,50.1432,11244,0
JMSI.US,D,20230719,000000,49.98,50.2199,49.98,50.16,29063,0
JMSI.US,D,20230720,000000,49.91,50.14,49.91,50.11,15196,0
JMSI.US,D,20230721,000000,50.02,50.26,50.02,50.2204,9615,0
JMSI.US,D,20230724,000000,50.06,50.24,49.99,50,51461,0
JMSI.US,D,20230725,000000,50.02,50.16,50.02,50.16,11997,0
JMSI.US,D,20230726,000000,50.23,50.24,50.1701,50.2185,16066,0
JMSI.US,D,20230727,000000,50.13,50.13,50.005,50.03,13797,0
JMSI.US,D,20230728,000000,50.05,50.07,50.01,50.06,69946,0
JMSI.US,D,20230731,000000,49.95,49.99,49.9305,49.95,5205,0
JMSI.US,D,20230801,000000,49.78,49.85,49.76,49.768,4959,0
JMSI.US,D,20230802,000000,49.75,49.75,49.6,49.7,12450,0
JMSI.US,D,20230803,000000,49.5,49.5,49.33,49.375,6895,0
JMSI.US,D,20230804,000000,49.475,49.59,49.47,49.59,8588,0
JMSI.US,D,20230807,000000,49.46,49.4897,49.31,49.4,25221,0
JMSI.US,D,20230808,000000,49.55,49.63,49.5,49.6158,15709,0
JMSI.US,D,20230809,000000,49.56,49.63,49.48,49.57,24223,0
JMSI.US,D,20230810,000000,49.75,49.754,49.46,49.4698,7507,0
JMSI.US,D,20230811,000000,49.45,49.6499,49.45,49.5651,8048,0
JMSI.US,D,20230814,000000,49.6,49.6147,49.55,49.5976,10781,0
JMSI.US,D,20230815,000000,49.58,49.67,49.58,49.635,8875,0
JMSI.US,D,20230816,000000,49.61,49.6499,49.5,49.5279,5016,0
JMSI.US,D,20230817,000000,49.5,49.5299,49.4,49.442,8085,0
JMSI.US,D,20230818,000000,49.45,49.5,49.358,49.43,12483,0
JMSI.US,D,20230821,000000,49.25,49.25,49.13,49.19,44899,0
JMSI.US,D,20230822,000000,49.22,49.32,49.11,49.27,40094,0
JMSI.US,D,20230823,000000,49.21,49.35,49.21,49.35,7621,0
JMSI.US,D,20230824,000000,49.24,49.46,49.17,49.46,43322,0
JMSI.US,D,20230825,000000,49.36,49.36,49.25,49.305,6425,0
JMSI.US,D,20230828,000000,49.3,49.4,49.25,49.39,6300,0
JMSI.US,D,20230829,000000,49.35,49.5601,49.35,49.4709,14086,0
JMSI.US,D,20230830,000000,49.4,49.4999,49.4,49.4,8055,0
JMSI.US,D,20230831,000000,49.39,49.5485,49.39,49.41,10201,0
JMSI.US,D,20230901,000000,49.25,49.27,49.16,49.165,14460,0
JMSI.US,D,20230905,000000,49.15,49.15,49.08,49.1,52362,0
JMSI.US,D,20230906,000000,49.221,49.254,49.16,49.1841,8090,0
JMSI.US,D,20230907,000000,49.22,49.2301,49.13,49.14,24890,0
JMSI.US,D,20230908,000000,49.22,49.2299,49.11,49.18,21577,0
JMSI.US,D,20230911,000000,49.18,49.3,49.15,49.19,7169,0
JMSI.US,D,20230912,000000,49.3,49.3,49.1651,49.18,15262,0
JMSI.US,D,20230913,000000,49.18,49.21,49.165,49.19,3791,0
JMSI.US,D,20230914,000000,49.15,49.15,49.11,49.11,1710,0
JMSI.US,D,20230915,000000,49.09,49.17,49.05,49.06,13959,0
JMSI.US,D,20230918,000000,49.15,49.1899,49.15,49.16,7269,0
JMSI.US,D,20230919,000000,49.14,49.14,49.0401,49.05,7801,0
JMSI.US,D,20230920,000000,49.13,49.1595,49.03,49.05,14760,0
JMSI.US,D,20230921,000000,48.7,48.75,48.7,48.75,5246,0
JMSI.US,D,20230922,000000,48.67,48.77,48.67,48.77,43041,0
JMSI.US,D,20230925,000000,48.64,48.64,48.48,48.53,12387,0
JMSI.US,D,20230926,000000,48.41,48.4699,48.38,48.431,28732,0
JMSI.US,D,20230927,000000,48.41,48.4551,48.33,48.33,5862,0
JMSI.US,D,20230928,000000,48.3,48.325,48.1801,48.2217,8219,0
JMSI.US,D,20230929,000000,48.19,48.2,48.07,48.12,13681,0
JMSI.US,D,20231002,000000,48,48.01,47.84,47.88,19499,0
JMSI.US,D,20231003,000000,47.88,47.9,47.67,47.67,14303,0
JMSI.US,D,20231004,000000,47.66,47.82,47.66,47.82,28938,0
JMSI.US,D,20231005,000000,47.81,47.9,47.81,47.89,52005,0
JMSI.US,D,20231006,000000,47.72,47.83,47.62,47.78,17959,0
JMSI.US,D,20231009,000000,47.775,47.94,47.775,47.94,102791,0
JMSI.US,D,20231010,000000,47.9,48.1017,47.86,48.1017,12086,0
JMSI.US,D,20231011,000000,48.15,48.35,48.15,48.35,8517,0
JMSI.US,D,20231012,000000,48.3338,48.3338,48.16,48.1719,46075,0
JMSI.US,D,20231013,000000,48.4,48.4,48.3,48.3103,25546,0
JMSI.US,D,20231016,000000,48.26,48.26,48.01,48.02,35251,0
JMSI.US,D,20231017,000000,48.04,48.04,47.84,47.8405,11213,0
JMSI.US,D,20231018,000000,47.8,47.8,47.7,47.71,23110,0
JMSI.US,D,20231019,000000,47.68,47.6999,47.51,47.5131,15876,0
JMSI.US,D,20231020,000000,47.58,47.65,47.54,47.6,8887,0
JMSI.US,D,20231023,000000,47.57,47.74,47.57,47.74,29658,0
JMSI.US,D,20231024,000000,47.65,47.78,47.65,47.7606,43458,0
JMSI.US,D,20231025,000000,47.55,47.605,47.51,47.51,25131,0
JMSI.US,D,20231026,000000,47.6,47.7,47.53,47.7,41412,0
JMSI.US,D,20231027,000000,47.64,47.68,47.5701,47.58,7000,0
JMSI.US,D,20231030,000000,47.86,47.86,47.53,47.54,8862,0
JMSI.US,D,20231031,000000,47.55,47.58,47.5,47.5,37099,0
JMSI.US,D,20231101,000000,47.44,47.7,47.3879,47.55,64015,0
JMSI.US,D,20231102,000000,47.52,47.88,47.52,47.88,14913,0
JMSI.US,D,20231103,000000,48.11,48.205,47.95,48.17,24433,0
JMSI.US,D,20231106,000000,48.22,48.22,47.98,47.9839,81091,0
JMSI.US,D,20231107,000000,48.08,48.2,48.08,48.2,41645,0
JMSI.US,D,20231108,000000,48.54,48.54,48.24,48.38,12523,0
JMSI.US,D,20231109,000000,48.31,48.45,48.28,48.28,109131,0
JMSI.US,D,20231110,000000,48.45,48.48,48.3506,48.42,6361,0
JMSI.US,D,20231113,000000,48.34,48.48,48.34,48.44,41065,0
JMSI.US,D,20231114,000000,48.765,48.8865,48.68,48.68,22124,0
JMSI.US,D,20231115,000000,48.65,48.78,48.576,48.66,57768,0
JMSI.US,D,20231116,000000,48.73,48.8999,48.64,48.825,19073,0
JMSI.US,D,20231117,000000,48.91,48.91,48.81,48.86,42952,0
JMSI.US,D,20231120,000000,48.9719,49.05,48.9566,49.05,78102,0
JMSI.US,D,20231121,000000,49.08,49.0999,49.0014,49.02,18685,0
JMSI.US,D,20231122,000000,49.11,49.23,49.0901,49.185,8728,0
JMSI.US,D,20231124,000000,49.1,49.19,49.1,49.15,3465,0
JMSI.US,D,20231127,000000,49.16,49.26,49.15,49.17,22395,0
JMSI.US,D,20231128,000000,49.26,49.38,49.26,49.345,24576,0
JMSI.US,D,20231129,000000,49.3,49.75,49.3,49.64,23562,0
JMSI.US,D,20231130,000000,49.6,49.71,49.6,49.7085,39044,0
JMSI.US,D,20231201,000000,49.654,49.72,49.6,49.72,8809,0
JMSI.US,D,20231204,000000,49.75,49.75,49.5701,49.66,7657,0
JMSI.US,D,20231205,000000,49.75,49.87,49.75,49.85,17617,0
JMSI.US,D,20231206,000000,49.9,49.98,49.9,49.95,12502,0
JMSI.US,D,20231207,000000,49.98,50.07,49.58,49.98,42386,0
JMSI.US,D,20231208,000000,49.9,50.03,49.9,49.9747,18088,0
JMSI.US,D,20231211,000000,49.95,49.9927,49.92,49.92,14742,0
JMSI.US,D,20231212,000000,49.85,49.95,49.85,49.95,27711,0
JMSI.US,D,20231213,000000,50.0501,50.2,49.9767,50.2,23824,0
JMSI.US,D,20231214,000000,50.24,50.5,50.24,50.5,21316,0
JMSI.US,D,20231215,000000,50.525,50.59,50.5,50.59,17132,0
JMSI.US,D,20231218,000000,50.34,50.57,50.34,50.5,8667,0
JMSI.US,D,20231219,000000,50.549,50.63,50.5101,50.52,28100,0
JMSI.US,D,20231220,000000,50.57,50.61,50.5592,50.61,9896,0
JMSI.US,D,20231221,000000,50.675,50.675,50.61,50.63,2642,0
JMSI.US,D,20231222,000000,50.75,50.75,50.61,50.61,9990,0
JMSI.US,D,20231226,000000,50.69,50.69,50.6009,50.65,2139,0
JMSI.US,D,20231227,000000,50.79,50.79,50.65,50.65,10608,0
JMSI.US,D,20231228,000000,50.62,50.62,50.52,50.53,9510,0
JMSI.US,D,20231229,000000,50.49,50.5799,50.48,50.525,11096,0
JMSI.US,D,20240102,000000,50.62,50.6768,50.55,50.55,5425,0
JMSI.US,D,20240103,000000,50.53,50.55,50.525,50.55,8599,0
JMSI.US,D,20240104,000000,50.5364,50.56,50.52,50.54,3367,0
JMSI.US,D,20240105,000000,50.55,50.59,50.5,50.52,4865,0
JMSI.US,D,20240108,000000,50.57,50.7,50.57,50.6,16467,0
JMSI.US,D,20240109,000000,50.55,50.5931,50.55,50.55,2471,0
JMSI.US,D,20240110,000000,50.45,50.56,50.45,50.47,5513,0
JMSI.US,D,20240111,000000,50.43,50.48,50.4266,50.45,21228,0
JMSI.US,D,20240112,000000,50.5,50.64,50.4916,50.56,24089,0
JMSI.US,D,20240116,000000,50.75,50.75,50.44,50.502,37265,0
JMSI.US,D,20240117,000000,50.5,50.5,50.4,50.46,10041,0
JMSI.US,D,20240118,000000,50.4,50.4,50.2,50.2,20171,0
JMSI.US,D,20240119,000000,50.34,50.34,50.09,50.15,70337,0
JMSI.US,D,20240122,000000,50.21,50.23,50.2,50.2,15298,0
JMSI.US,D,20240123,000000,50.18,50.18,50.1,50.11,10081,0
JMSI.US,D,20240124,000000,50.2,50.25,50.1,50.1031,15005,0
JMSI.US,D,20240125,000000,50.18,50.18,50.14,50.18,8157,0
JMSI.US,D,20240126,000000,50.16,50.2,50.07,50.16,31001,0
JMSI.US,D,20240129,000000,50.14,50.3,50.14,50.3,5878,0
JMSI.US,D,20240130,000000,50.26,50.39,50.26,50.37,6121,0
JMSI.US,D,20240131,000000,50.4,50.49,50.4,50.49,12847,0
JMSI.US,D,20240201,000000,50.4,50.53,50.4,50.53,10014,0
JMSI.US,D,20240202,000000,50.5,50.5,50.325,50.325,23119,0
JMSI.US,D,20240205,000000,50.38,50.38,50.13,50.13,12204,0
JMSI.US,D,20240206,000000,50.24,50.3,50.216,50.25,7649,0
JMSI.US,D,20240207,000000,50.3,50.35,50.2807,50.3,9487,0
JMSI.US,D,20240208,000000,50.23,50.45,50.23,50.31,18860,0
JMSI.US,D,20240209,000000,50.32,50.334,50.3,50.32,5594,0
JMSI.US,D,20240212,000000,50.35,50.42,50.34,50.41,7336,0
JMSI.US,D,20240213,000000,50.24,50.24,50.12,50.12,8008,0
JMSI.US,D,20240214,000000,50.15,50.25,50.15,50.23,6384,0
JMSI.US,D,20240215,000000,50.25,50.34,50.25,50.25,3143,0
JMSI.US,D,20240216,000000,50.31,50.32,50.25,50.25,9336,0
JMSI.US,D,20240220,000000,50.26,50.26,50.25,50.26,11828,0
JMSI.US,D,20240221,000000,50.28,50.33,50.28,50.3,4207,0
JMSI.US,D,20240222,000000,50.41,50.41,50.28,50.28,12952,0
JMSI.US,D,20240223,000000,50.375,50.45,50.375,50.45,7174,0
JMSI.US,D,20240226,000000,50.4071,50.415,50.24,50.24,12893,0
JMSI.US,D,20240227,000000,50.4,50.465,50.37,50.37,10511,0
JMSI.US,D,20240228,000000,50.36,50.41,50.35,50.397,5507,0
JMSI.US,D,20240229,000000,50.41,50.51,50.41,50.485,21738,0
JMSI.US,D,20240301,000000,50.34,50.37,50.3001,50.37,3200,0
JMSI.US,D,20240304,000000,50.3,50.34,50.3,50.3,5913,0
JMSI.US,D,20240305,000000,50.38,50.46,50.37,50.44,49372,0
JMSI.US,D,20240306,000000,50.37,50.4105,50.37,50.405,20861,0
JMSI.US,D,20240307,000000,50.64,50.64,50.35,50.44,76738,0
JMSI.US,D,20240308,000000,50.4,50.5,50.4,50.465,4967,0
JMSI.US,D,20240311,000000,50.54,50.54,50.46,50.48,3576,0
JMSI.US,D,20240312,000000,50.43,50.505,50.43,50.47,5124,0
JMSI.US,D,20240313,000000,50.46,50.53,50.46,50.46,11383,0
JMSI.US,D,20240314,000000,50.4862,50.4862,50.38,50.38,4570,0
JMSI.US,D,20240315,000000,50.4009,50.4009,50.4,50.4,410,0
JMSI.US,D,20240318,000000,50.31,50.3999,50.31,50.375,3931,0
JMSI.US,D,20240319,000000,50.57,50.57,50.3501,50.39,4511,0
JMSI.US,D,20240320,000000,50.41,50.4101,50.385,50.391,1691,0
JMSI.US,D,20240321,000000,50.38,50.38,50.33,50.38,1627,0
JMSI.US,D,20240322,000000,50.38,50.51,50.37,50.51,16100,0
JMSI.US,D,20240325,000000,50.51,50.53,50.45,50.45,2799,0
JMSI.US,D,20240326,000000,50.47,50.48,50.4,50.4,5498,0
JMSI.US,D,20240327,000000,50.33,50.4094,50.33,50.395,1299,0
JMSI.US,D,20240328,000000,50.32,50.47,50.31,50.39,12758,0
JMSI.US,D,20240401,000000,50.3,50.33,50.18,50.18,20621,0
JMSI.US,D,20240402,000000,50.1,50.2,50,50.03,23502,0
JMSI.US,D,20240403,000000,49.86,49.98,49.86,49.96,4321,0
JMSI.US,D,20240404,000000,50,50.03,49.96,50.03,9710,0
JMSI.US,D,20240405,000000,49.92,50,49.92,49.96,6358,0
JMSI.US,D,20240408,000000,49.9,50.06,49.9,50.06,15877,0
JMSI.US,D,20240409,000000,50.04,50.08,50.02,50.08,5979,0
JMSI.US,D,20240410,000000,49.86,49.97,49.86,49.89,6691,0
JMSI.US,D,20240411,000000,49.72,49.93,49.72,49.86,9667,0
JMSI.US,D,20240412,000000,49.93,49.96,49.93,49.955,5731,0
JMSI.US,D,20240415,000000,49.88,49.95,49.87,49.895,6806,0
JMSI.US,D,20240416,000000,49.89,49.9179,49.885,49.885,3566,0
JMSI.US,D,20240417,000000,49.73,49.84,49.73,49.83,6334,0
JMSI.US,D,20240418,000000,49.79,49.87,49.79,49.86,3998,0
JMSI.US,D,20240419,000000,49.98,49.98,49.82,49.87,4450,0
JMSI.US,D,20240422,000000,49.815,50,49.7811,49.99,29766,0
JMSI.US,D,20240423,000000,49.93,50.06,49.93,50.03,6010,0
JMSI.US,D,20240424,000000,49.9764,49.98,49.93,49.955,3463,0
JMSI.US,D,20240425,000000,49.91,49.91,49.57,49.57,17035,0
JMSI.US,D,20240426,000000,49.8012,49.8099,49.74,49.7754,7589,0
JMSI.US,D,20240429,000000,49.79,49.86,49.74,49.86,18437,0
JMSI.US,D,20240430,000000,49.77,49.87,49.77,49.845,18859,0
JMSI.US,D,20240501,000000,49.75,49.75,49.7,49.75,18047,0
JMSI.US,D,20240502,000000,49.75,49.915,49.75,49.9,13752,0
JMSI.US,D,20240503,000000,49.97,50.0596,49.92,50.02,18114,0
JMSI.US,D,20240506,000000,50.05,50.05,50.04,50.04,8882,0
JMSI.US,D,20240507,000000,50.05,50.3,50.05,50.21,10398,0
JMSI.US,D,20240508,000000,50.29,50.3,50.22,50.25,6304,0
JMSI.US,D,20240509,000000,50.23,50.29,50.21,50.21,13671,0
JMSI.US,D,20240510,000000,50.22,50.2492,50.12,50.12,10848,0
JMSI.US,D,20240513,000000,50.16,50.24,50.16,50.17,8968,0
JMSI.US,D,20240514,000000,50.1522,50.23,50.13,50.195,7194,0
JMSI.US,D,20240515,000000,50.26,50.32,50.23,50.27,8847,0
JMSI.US,D,20240516,000000,50.25,50.3216,50.25,50.26,9988,0
JMSI.US,D,20240517,000000,50.27,50.3,50.17,50.17,7902,0
JMSI.US,D,20240520,000000,50.17,50.1981,50.1,50.125,6053,0
JMSI.US,D,20240521,000000,50.05,50.13,50.05,50.1,4906,0
JMSI.US,D,20240522,000000,50,50.05,49.965,49.965,6042,0
JMSI.US,D,20240523,000000,49.94,49.94,49.78,49.89,19861,0
JMSI.US,D,20240524,000000,49.8738,49.8738,49.83,49.84,17376,0
JMSI.US,D,20240528,000000,49.91,49.91,49.818,49.83,8408,0
JMSI.US,D,20240529,000000,49.84,49.84,49.735,49.735,5859,0
JMSI.US,D,20240530,000000,49.6912,49.76,49.66,49.7343,6724,0
JMSI.US,D,20240531,000000,49.68,49.78,49.65,49.778,12726,0
JMSI.US,D,20240603,000000,49.6898,49.7747,49.6898,49.765,17277,0
JMSI.US,D,20240604,000000,49.77,49.9,49.77,49.8655,6359,0
JMSI.US,D,20240605,000000,49.86,50.0799,49.86,50.01,10692,0
JMSI.US,D,20240606,000000,49.86,50.2,49.86,50.165,27326,0
JMSI.US,D,20240607,000000,50.04,50.07,49.99,49.99,5153,0
JMSI.US,D,20240610,000000,50,50.05,49.94,49.99,23956,0
JMSI.US,D,20240611,000000,49.95,50.06,49.95,50,4271,0
JMSI.US,D,20240612,000000,50.19,50.35,50.12,50.27,6027,0
JMSI.US,D,20240613,000000,50.3,50.4,50.3,50.4,2391,0
JMSI.US,D,20240614,000000,50.3,50.46,50.3,50.42,8555,0
JMSI.US,D,20240617,000000,50.35,50.44,50.33,50.43,10935,0
JMSI.US,D,20240618,000000,50.31,50.43,50.31,50.43,7240,0
JMSI.US,D,20240620,000000,50.35,50.48,50.33,50.405,26418,0
JMSI.US,D,20240621,000000,50.4,50.43,50.35,50.36,4651,0
