<TICKER>,<PER>,<DATE>,<TIME>,<OPEN>,<HIGH>,<LOW>,<CLOSE>,<VOL>,<OPENINT>
JRNY.US,D,20210910,000000,25.099,25.099,24.78,24.78,41111,0
JRNY.US,D,20210913,000000,24.889,24.899,24.889,24.899,40351,0
JRNY.US,D,20210914,000000,24.61,24.66,24.58,24.58,41355,0
JRNY.US,D,20210915,000000,24.49,24.494,24.25,24.494,41822,0
JRNY.US,D,20210916,000000,24.47,24.53,24.42,24.472,1074,0
JRNY.US,D,20210917,000000,24.395,24.428,24.395,24.428,116,0
JRNY.US,D,20210920,000000,24.32,24.32,23.921,24.156,4413,0
JRNY.US,D,20210921,000000,24.33,24.33,24.29,24.29,1307,0
JRNY.US,D,20210922,000000,24.739,24.739,24.739,24.739,49,0
JRNY.US,D,20210923,000000,25.219,25.329,25.219,25.289,1382,0
JRNY.US,D,20210924,000000,25.399,25.399,25.399,25.399,245,0
JRNY.US,D,20210927,000000,25.528,25.528,25.528,25.528,72,0
JRNY.US,D,20210928,000000,25.139,25.139,25.065,25.065,515,0
JRNY.US,D,20210929,000000,24.869,24.869,24.869,24.869,1364,0
JRNY.US,D,20210930,000000,24.69,24.69,24.635,24.66,731,0
JRNY.US,D,20211001,000000,24.899,25.569,24.899,25.489,4434,0
JRNY.US,D,20211004,000000,25.231,25.231,25.231,25.231,16,0
JRNY.US,D,20211005,000000,25.333,25.333,25.333,25.333,12,0
JRNY.US,D,20211006,000000,25.009,25.209,25.009,25.196,3434,0
JRNY.US,D,20211007,000000,25.419,25.509,25.419,25.449,10378,0
JRNY.US,D,20211008,000000,25.439,25.439,25.347,25.347,5208,0
JRNY.US,D,20211011,000000,25.223,25.223,25.223,25.223,9,0
JRNY.US,D,20211012,000000,25.36,25.36,25.36,25.36,45,0
JRNY.US,D,20211013,000000,25.389,25.389,25.339,25.339,374,0
JRNY.US,D,20211014,000000,25.519,25.558,25.519,25.558,195,0
JRNY.US,D,20211015,000000,25.678,25.738,25.678,25.738,222,0
JRNY.US,D,20211018,000000,25.509,25.628,25.509,25.542,55455,0
JRNY.US,D,20211019,000000,25.439,25.499,25.359,25.415,2182,0
JRNY.US,D,20211020,000000,25.254,25.254,25.254,25.254,182,0
JRNY.US,D,20211021,000000,25.32,25.32,25.32,25.32,3,0
JRNY.US,D,20211022,000000,25.469,25.518,25.391,25.391,210,0
JRNY.US,D,20211025,000000,25.321,25.321,25.321,25.321,5,0
JRNY.US,D,20211026,000000,25.449,25.539,25.39,25.39,425,0
JRNY.US,D,20211027,000000,25.299,25.329,25.233,25.233,304,0
JRNY.US,D,20211028,000000,25.269,25.361,25.269,25.361,131,0
JRNY.US,D,20211029,000000,25.311,25.311,25.311,25.311,7,0
JRNY.US,D,20211101,000000,25.677,25.677,25.677,25.677,25,0
JRNY.US,D,20211102,000000,25.658,25.68,25.658,25.68,163,0
JRNY.US,D,20211103,000000,25.915,25.915,25.915,25.915,10,0
JRNY.US,D,20211104,000000,26.037,26.037,25.786,25.786,1727,0
JRNY.US,D,20211105,000000,26.676,26.897,26.657,26.858,7097,0
JRNY.US,D,20211108,000000,27.217,27.276,26.942,26.942,4997,0
JRNY.US,D,20211109,000000,26.677,26.767,26.618,26.722,5659,0
JRNY.US,D,20211110,000000,26.507,26.588,26.248,26.28,2187,0
JRNY.US,D,20211111,000000,26.158,26.17,26.118,26.118,2206,0
JRNY.US,D,20211112,000000,26.188,26.278,26.188,26.206,2490,0
JRNY.US,D,20211115,000000,26.348,26.348,26.169,26.169,395,0
JRNY.US,D,20211116,000000,26.093,26.128,26.018,26.098,1143,0
JRNY.US,D,20211117,000000,26.018,26.018,25.935,25.935,923,0
JRNY.US,D,20211118,000000,25.693,25.798,25.643,25.796,1058,0
JRNY.US,D,20211119,000000,25.469,25.604,25.267,25.539,3034,0
JRNY.US,D,20211122,000000,25.466,25.466,25.372,25.372,261,0
JRNY.US,D,20211123,000000,25.365,25.439,25.315,25.315,288,0
JRNY.US,D,20211124,000000,25.256,25.256,25.256,25.256,141,0
JRNY.US,D,20211126,000000,24.11,24.11,23.191,23.962,4325,0
JRNY.US,D,20211129,000000,24.29,24.29,24.02,24.11,2173,0
JRNY.US,D,20211130,000000,23.86,23.86,23.471,23.585,3175,0
JRNY.US,D,20211201,000000,23.871,24.04,23.052,23.052,5135,0
JRNY.US,D,20211202,000000,23.211,23.871,23.211,23.871,3366,0
JRNY.US,D,20211203,000000,24,24,23.571,23.571,292,0
JRNY.US,D,20211206,000000,23.841,24.493,23.841,24.35,2889,0
JRNY.US,D,20211207,000000,24.78,24.889,24.693,24.693,2777,0
JRNY.US,D,20211208,000000,24.999,24.999,24.889,24.989,1146,0
JRNY.US,D,20211209,000000,24.849,24.887,24.697,24.7,3679,0
JRNY.US,D,20211210,000000,24.52,24.654,24.52,24.654,862,0
JRNY.US,D,20211213,000000,24.54,24.54,24.04,24.04,1575,0
JRNY.US,D,20211214,000000,23.871,23.871,23.82,23.82,1257,0
JRNY.US,D,20211215,000000,23.591,23.937,23.591,23.937,1767,0
JRNY.US,D,20211216,000000,24.14,24.14,23.745,23.745,105,0
JRNY.US,D,20211217,000000,23.591,23.694,23.381,23.694,418,0
JRNY.US,D,20211220,000000,23.371,23.484,23.371,23.484,250,0
JRNY.US,D,20211221,000000,23.661,24.381,23.661,24.381,576,0
JRNY.US,D,20211222,000000,24.63,24.7,24.63,24.6757,1540,0
JRNY.US,D,20211223,000000,24.8,25.07,24.8,24.9545,2190,0
JRNY.US,D,20211227,000000,24.94,24.9836,24.84,24.9836,2126,0
JRNY.US,D,20211228,000000,24.98,24.98,24.9,24.9473,6603,0
JRNY.US,D,20211229,000000,24.935,24.935,24.84,24.9334,51305,0
JRNY.US,D,20211230,000000,25.15,25.15,24.9938,24.9938,4249,0
JRNY.US,D,20211231,000000,24.985,24.985,24.985,24.985,50,0
JRNY.US,D,20220103,000000,25.1956,25.1956,25.1956,25.1956,26,0
JRNY.US,D,20220104,000000,25.41,25.504,25.41,25.4358,242,0
JRNY.US,D,20220105,000000,25.445,25.445,24.9876,24.9876,550,0
JRNY.US,D,20220106,000000,24.99,24.99,24.89,24.89,694,0
JRNY.US,D,20220107,000000,24.91,25.1199,24.78,25.0192,1115,0
JRNY.US,D,20220110,000000,24.81,24.81,24.31,24.6312,889,0
JRNY.US,D,20220111,000000,24.9746,24.9746,24.9746,24.9746,3,0
JRNY.US,D,20220112,000000,25.1,25.1,25.01,25.05,1478,0
JRNY.US,D,20220113,000000,25.02,25.05,24.7468,24.7468,1533,0
JRNY.US,D,20220114,000000,24.69,24.69,24.42,24.5826,1032,0
JRNY.US,D,20220118,000000,24.31,24.31,24.1312,24.1312,158,0
JRNY.US,D,20220119,000000,24.29,24.29,24.0095,24.0095,944,0
JRNY.US,D,20220120,000000,24.1,24.435,23.9076,23.9076,970,0
JRNY.US,D,20220121,000000,23.93,23.9488,23.6311,23.6311,5309,0
JRNY.US,D,20220124,000000,23.14,23.5,23.06,23.5,554,0
JRNY.US,D,20220125,000000,23.34,23.5497,23.34,23.5497,311,0
JRNY.US,D,20220126,000000,23.77,24.01,23.4453,23.4453,332,0
JRNY.US,D,20220127,000000,23.6,23.6,23.041,23.041,1377,0
JRNY.US,D,20220128,000000,22.979,23.3956,22.979,23.3956,189,0
JRNY.US,D,20220131,000000,23.963,24.1402,23.963,24.1402,256,0
JRNY.US,D,20220201,000000,24.5304,24.5304,24.5304,24.5304,2,0
JRNY.US,D,20220202,000000,24.52,24.539,24.415,24.415,3166,0
JRNY.US,D,20220203,000000,24.0728,24.0728,24.0728,24.0728,28,0
JRNY.US,D,20220204,000000,24.0201,24.3648,23.96,24.3648,2706,0
JRNY.US,D,20220207,000000,24.75,24.75,24.605,24.605,108,0
JRNY.US,D,20220208,000000,24.73,25.143,24.73,25.143,718,0
JRNY.US,D,20220209,000000,25.39,25.6503,25.39,25.6503,180,0
JRNY.US,D,20220210,000000,26.019,26.019,25.6094,25.6094,622,0
JRNY.US,D,20220211,000000,25.6,25.6,24.979,24.979,877,0
JRNY.US,D,20220214,000000,24.95,25.015,24.95,24.9507,560,0
JRNY.US,D,20220215,000000,25.45,25.7479,25.45,25.7479,103,0
JRNY.US,D,20220216,000000,25.9,26.14,25.9,25.9526,7695,0
JRNY.US,D,20220217,000000,25.83,25.85,25.4656,25.4656,507,0
JRNY.US,D,20220218,000000,25.5,25.5,25.1,25.1467,2289,0
JRNY.US,D,20220222,000000,24.5099,24.64,24.5099,24.5487,1398,0
JRNY.US,D,20220223,000000,24.86,24.86,24.0818,24.0818,2121,0
JRNY.US,D,20220224,000000,23.21,24.1326,23.21,24.1326,1312,0
JRNY.US,D,20220225,000000,24.27,24.5898,24.188,24.5898,1395,0
JRNY.US,D,20220228,000000,23.85,24.27,23.14,24.2176,66948,0
JRNY.US,D,20220301,000000,24,24,23.325,23.3601,20448,0
JRNY.US,D,20220302,000000,23.44,23.8454,23.41,23.8454,729,0
JRNY.US,D,20220303,000000,23.9,23.9,23.3569,23.3569,135388,0
JRNY.US,D,20220304,000000,22.95,22.95,22.36,22.4286,5049,0
JRNY.US,D,20220307,000000,22.32,22.32,20.84,20.84,5443,0
JRNY.US,D,20220308,000000,20.95,21.72,20.845,21.3025,2233,0
JRNY.US,D,20220309,000000,21.95,22.39,21.95,22.283,797,0
JRNY.US,D,20220310,000000,21.96,22.1825,21.96,22.1825,161986,0
JRNY.US,D,20220311,000000,21.81,21.8171,21.81,21.8171,264,0
JRNY.US,D,20220314,000000,21.695,21.695,21.543,21.543,346,0
JRNY.US,D,20220315,000000,22.136,22.136,22.01,22.127,646,0
JRNY.US,D,20220316,000000,22.69,23.3734,22.69,23.3734,2140,0
JRNY.US,D,20220317,000000,23.42,23.4588,23.42,23.4588,323,0
JRNY.US,D,20220318,000000,23.5216,23.8203,23.5216,23.8203,2199,0
JRNY.US,D,20220321,000000,23.4649,23.4649,23.4012,23.4012,1046,0
JRNY.US,D,20220322,000000,23.73,23.8102,23.73,23.8102,1185,0
JRNY.US,D,20220323,000000,23.42,23.4614,23.4181,23.4181,856,0
JRNY.US,D,20220324,000000,23.615,23.8168,23.615,23.8168,381,0
JRNY.US,D,20220325,000000,23.81,23.81,23.61,23.7316,300,0
JRNY.US,D,20220328,000000,23.8098,23.8098,23.8098,23.8098,3,0
JRNY.US,D,20220329,000000,24.33,24.65,24.33,24.6443,845,0
JRNY.US,D,20220330,000000,24.5103,24.5103,24.3909,24.3909,421,0
JRNY.US,D,20220331,000000,24.32,24.32,24.1485,24.1485,398,0
JRNY.US,D,20220401,000000,24.43,24.43,24.102,24.256,661,0
JRNY.US,D,20220404,000000,24.3,24.4919,24.25,24.4919,312,0
JRNY.US,D,20220405,000000,24.21,24.21,24.031,24.031,653,0
JRNY.US,D,20220406,000000,23.72,23.72,23.31,23.3947,470,0
JRNY.US,D,20220407,000000,22.97,23.2,22.82,23.1693,1081,0
JRNY.US,D,20220408,000000,23.16,23.16,22.9603,22.9603,651,0
JRNY.US,D,20220411,000000,22.98,22.98,22.7439,22.7439,571,0
JRNY.US,D,20220412,000000,23.05,23.05,22.8069,22.8069,1602,0
JRNY.US,D,20220413,000000,23.5936,23.5936,23.5936,23.5936,40,0
JRNY.US,D,20220414,000000,23.82,23.82,23.7435,23.7435,659,0
JRNY.US,D,20220418,000000,23.55,23.6,23.45,23.4666,1309,0
JRNY.US,D,20220419,000000,23.13,23.9514,23.13,23.9514,332,0
JRNY.US,D,20220420,000000,24.11,24.18,24.0243,24.0243,1257,0
JRNY.US,D,20220421,000000,24.39,24.39,23.6674,23.6674,904,0
JRNY.US,D,20220422,000000,23.57,23.57,23.2147,23.2147,1242,0
JRNY.US,D,20220425,000000,23.01,23.364,22.925,23.364,2317,0
JRNY.US,D,20220426,000000,22.79,22.79,22.65,22.65,204,0
JRNY.US,D,20220427,000000,22.76,22.8581,22.7,22.8581,247,0
JRNY.US,D,20220428,000000,23.09,23.3223,22.7793,23.3223,90337,0
JRNY.US,D,20220429,000000,22.7086,22.7086,22.7086,22.7086,122,0
JRNY.US,D,20220502,000000,22.76,22.76,22.6632,22.6632,151,0
JRNY.US,D,20220503,000000,22.2901,22.4392,22.2901,22.3627,2091,0
JRNY.US,D,20220504,000000,22,22.7093,21.94,22.7093,1159,0
JRNY.US,D,20220505,000000,21.9,22.04,21.9,21.9391,22063,0
JRNY.US,D,20220506,000000,21.71,21.71,21.2,21.3728,5906,0
JRNY.US,D,20220509,000000,21.05,21.05,20.1983,20.1983,4254,0
JRNY.US,D,20220510,000000,20.43,20.57,20.3525,20.3525,1535,0
JRNY.US,D,20220511,000000,20.1729,20.1729,20.1729,20.1729,59,0
JRNY.US,D,20220512,000000,20.07,20.07,19.61,19.9467,6524,0
JRNY.US,D,20220513,000000,20.15,20.6846,20.15,20.6846,1025,0
JRNY.US,D,20220516,000000,20.66,20.66,20.449,20.449,860,0
JRNY.US,D,20220517,000000,20.88,21.05,20.88,20.9788,827,0
JRNY.US,D,20220518,000000,20.18,20.18,20.1332,20.1332,1886,0
JRNY.US,D,20220519,000000,20.515,20.515,20.3556,20.3556,850,0
JRNY.US,D,20220520,000000,20.1986,20.1986,20.1986,20.1986,3,0
JRNY.US,D,20220523,000000,20.4793,20.508,20.39,20.4415,3398,0
JRNY.US,D,20220524,000000,19.79,19.8754,19.79,19.8754,266,0
JRNY.US,D,20220525,000000,20.27,20.27,20.1,20.2677,545,0
JRNY.US,D,20220526,000000,21.125,21.125,21.1071,21.1071,371,0
JRNY.US,D,20220527,000000,21.32,21.6399,21.32,21.6277,2039,0
JRNY.US,D,20220531,000000,21.48,21.5971,21.48,21.5971,105,0
JRNY.US,D,20220601,000000,21.3302,21.3302,21.3302,21.3302,7,0
JRNY.US,D,20220602,000000,21.465,21.86,21.465,21.8543,953,0
JRNY.US,D,20220603,000000,21.54,21.5666,21.5,21.5666,60655,0
JRNY.US,D,20220606,000000,21.85,21.87,21.74,21.7807,590,0
JRNY.US,D,20220607,000000,21.81,21.8508,21.81,21.8508,289,0
JRNY.US,D,20220608,000000,21.7,21.7,21.6486,21.6486,1828,0
JRNY.US,D,20220609,000000,21.5,21.5,20.9391,20.9391,640,0
JRNY.US,D,20220610,000000,20.62,20.62,20.08,20.0873,356,0
JRNY.US,D,20220613,000000,19.52,19.52,18.9476,18.9476,1085,0
JRNY.US,D,20220614,000000,18.78,18.8404,18.78,18.8242,741,0
JRNY.US,D,20220615,000000,18.99,19.3,18.94,19.1888,739,0
JRNY.US,D,20220616,000000,18.74,18.74,18.2438,18.2438,3564,0
JRNY.US,D,20220617,000000,18.47,18.68,18.465,18.6068,2373,0
JRNY.US,D,20220621,000000,18.98,18.98,18.8301,18.8301,960,0
JRNY.US,D,20220622,000000,18.6759,18.6759,18.6759,18.6759,57,0
JRNY.US,D,20220623,000000,18.625,18.6302,18.29,18.6302,6883,0
JRNY.US,D,20220624,000000,18.8,19.4289,18.8,19.4289,1731,0
JRNY.US,D,20220627,000000,19.215,19.34,19.215,19.252,74836,0
JRNY.US,D,20220628,000000,19.58,19.76,19.08,19.1,6457,0
JRNY.US,D,20220629,000000,18.89,18.94,18.88,18.91,728,0
JRNY.US,D,20220630,000000,18.76,18.76,18.6896,18.6896,201,0
JRNY.US,D,20220701,000000,18.9497,18.9497,18.9497,18.9497,8,0
JRNY.US,D,20220705,000000,18.59,18.8843,18.59,18.8843,5833,0
JRNY.US,D,20220706,000000,18.608,18.87,18.608,18.7386,11455,0
JRNY.US,D,20220707,000000,18.86,19.16,18.86,19.0971,13427,0
JRNY.US,D,20220708,000000,18.995,19.07,18.9539,18.9539,11082,0
JRNY.US,D,20220711,000000,18.54,18.54,18.49,18.5259,6060,0
JRNY.US,D,20220712,000000,18.92,18.92,18.695,18.7389,452,0
JRNY.US,D,20220713,000000,18.48,18.89,18.48,18.7877,12030,0
JRNY.US,D,20220714,000000,18.64,18.64,18.55,18.5732,11255,0
JRNY.US,D,20220715,000000,18.8953,18.8953,18.8953,18.8953,7,0
JRNY.US,D,20220718,000000,19.14,19.4,19.0501,19.0501,68341,0
JRNY.US,D,20220719,000000,19.35,19.7355,19.35,19.7355,9669,0
JRNY.US,D,20220720,000000,19.81,19.93,19.8,19.9242,16545,0
JRNY.US,D,20220721,000000,19.8,19.9836,19.8,19.9836,497,0
JRNY.US,D,20220722,000000,19.7898,19.7898,19.7898,19.7898,32,0
JRNY.US,D,20220725,000000,19.845,19.97,19.845,19.97,285,0
JRNY.US,D,20220726,000000,19.5191,19.5191,19.5191,19.5191,1,0
JRNY.US,D,20220727,000000,19.81,20.189,19.81,20.189,100,0
JRNY.US,D,20220728,000000,20.2,20.3508,20.19,20.3508,4248,0
JRNY.US,D,20220729,000000,20.5246,20.5246,20.5246,20.5246,190,0
JRNY.US,D,20220801,000000,20.6184,20.6184,20.6184,20.6184,54,0
JRNY.US,D,20220802,000000,20.63,20.63,20.63,20.63,398,0
JRNY.US,D,20220803,000000,20.76,20.9199,20.76,20.8967,1123,0
JRNY.US,D,20220804,000000,21,21.0576,21,21.0576,460,0
JRNY.US,D,20220805,000000,20.72,20.8881,20.72,20.8881,1961,0
JRNY.US,D,20220808,000000,20.979,20.979,20.979,20.979,102,0
JRNY.US,D,20220809,000000,20.87,20.87,20.82,20.831,1099,0
JRNY.US,D,20220810,000000,21.22,21.3683,21.22,21.3683,101,0
JRNY.US,D,20220811,000000,21.54,21.61,21.46,21.46,1880,0
JRNY.US,D,20220812,000000,21.84,21.84,21.84,21.84,164,0
JRNY.US,D,20220815,000000,21.85,21.8627,21.8,21.846,3206,0
JRNY.US,D,20220816,000000,21.97,21.97,21.93,21.9555,1206,0
JRNY.US,D,20220817,000000,21.5979,21.66,21.5456,21.619,1163,0
JRNY.US,D,20220818,000000,21.5049,21.6379,21.5049,21.6379,377,0
JRNY.US,D,20220819,000000,21.08,21.1132,21.051,21.1132,3539,0
JRNY.US,D,20220822,000000,20.87,20.87,20.54,20.5437,681,0
JRNY.US,D,20220823,000000,20.7159,20.7159,20.7159,20.7159,40,0
JRNY.US,D,20220824,000000,20.89,20.9023,20.89,20.9023,141,0
JRNY.US,D,20220825,000000,21.15,21.2507,21.15,21.2507,505,0
JRNY.US,D,20220826,000000,20.6776,20.6776,20.6323,20.6323,153,0
JRNY.US,D,20220829,000000,20.42,20.4956,20.42,20.42,1086,0
JRNY.US,D,20220830,000000,20.5,20.5,20.1561,20.1561,525,0
JRNY.US,D,20220831,000000,20.26,20.26,20.1424,20.1424,300,0
JRNY.US,D,20220901,000000,19.91,19.91,19.58,19.8672,301,0
JRNY.US,D,20220902,000000,19.87,19.87,19.7916,19.7916,822,0
JRNY.US,D,20220906,000000,19.65,19.65,19.65,19.65,260,0
JRNY.US,D,20220907,000000,19.71,20.1085,19.71,20.1085,660,0
JRNY.US,D,20220908,000000,19.88,20.2475,19.88,20.2475,251,0
JRNY.US,D,20220909,000000,20.6924,20.6924,20.6924,20.6924,2,0
JRNY.US,D,20220912,000000,20.83,20.9425,20.83,20.9425,175,0
JRNY.US,D,20220913,000000,20.53,20.53,20.1261,20.1261,204,0
JRNY.US,D,20220914,000000,20.4,20.418,20.4,20.418,102,0
JRNY.US,D,20220915,000000,20.4,20.4,20.3662,20.3662,116,0
JRNY.US,D,20220916,000000,20.13,20.13,19.85,19.9218,200,0
JRNY.US,D,20220919,000000,19.98,20.0864,19.98,20.0864,129,0
JRNY.US,D,20220920,000000,19.8,19.8971,19.8,19.8971,142,0
JRNY.US,D,20220921,000000,19.7368,19.7368,19.3454,19.3454,334,0
JRNY.US,D,20220922,000000,18.77,18.833,18.7649,18.7649,569,0
JRNY.US,D,20220923,000000,18.5,18.5,18.275,18.275,170,0
JRNY.US,D,20220926,000000,18.2008,18.2008,18.2008,18.2008,13,0
JRNY.US,D,20220927,000000,18.41,18.5185,18.2422,18.2422,203,0
JRNY.US,D,20220928,000000,18.7201,18.7201,18.7201,18.7201,55,0
JRNY.US,D,20220929,000000,18.3119,18.3119,18.3119,18.3119,21,0
JRNY.US,D,20220930,000000,18.1165,18.1165,18.1165,18.1165,20,0
JRNY.US,D,20221003,000000,18.4022,18.4022,18.4022,18.4022,10,0
JRNY.US,D,20221004,000000,18.79,19.3031,18.79,19.3031,1341,0
JRNY.US,D,20221005,000000,19.26,19.35,19.2513,19.2513,2084,0
JRNY.US,D,20221006,000000,19.011,19.0772,19.011,19.0772,423,0
JRNY.US,D,20221007,000000,18.66,18.66,18.6419,18.6419,178,0
JRNY.US,D,20221010,000000,18.4356,18.4356,18.4356,18.4356,32,0
JRNY.US,D,20221011,000000,18.36,18.45,18.1181,18.1181,4001,0
JRNY.US,D,20221012,000000,18.2817,18.2817,18.2817,18.2817,34,0
JRNY.US,D,20221013,000000,17.86,18.5096,17.69,18.5096,209092,0
JRNY.US,D,20221014,000000,18.6,18.6,18.19,18.2025,15840,0
JRNY.US,D,20221017,000000,18.7376,18.7376,18.7376,18.7376,140,0
JRNY.US,D,20221018,000000,18.9,19.0899,18.9,19,806,0
JRNY.US,D,20221019,000000,18.76,18.76,18.76,18.76,103,0
JRNY.US,D,20221020,000000,18.712,18.712,18.712,18.712,16,0
JRNY.US,D,20221021,000000,18.57,18.9706,18.57,18.9706,406,0
JRNY.US,D,20221024,000000,18.87,18.87,18.87,18.87,916,0
JRNY.US,D,20221025,000000,19.2781,19.2781,19.2781,19.2781,46,0
JRNY.US,D,20221026,000000,19.3443,19.3443,19.3443,19.3443,23,0
JRNY.US,D,20221027,000000,19.2812,19.2812,19.2812,19.2812,3,0
JRNY.US,D,20221028,000000,19.5902,19.5902,19.5902,19.5902,100,0
JRNY.US,D,20221031,000000,19.4207,19.4207,19.4207,19.4207,1,0
JRNY.US,D,20221101,000000,19.82,19.82,19.6774,19.6774,701,0
JRNY.US,D,20221102,000000,19.61,19.61,18.9994,18.9994,205,0
JRNY.US,D,20221103,000000,18.85,18.85,18.64,18.8016,618,0
JRNY.US,D,20221104,000000,18.98,19.44,18.98,19.44,423,0
JRNY.US,D,20221107,000000,19.56,19.56,19.45,19.4775,746,0
JRNY.US,D,20221108,000000,19.5799,19.5996,19.5645,19.5996,232,0
JRNY.US,D,20221109,000000,19.1667,19.1667,19.1667,19.1667,188,0
JRNY.US,D,20221110,000000,19.39,20.2331,19.39,20.2331,610,0
JRNY.US,D,20221111,000000,20.1,20.9,20.1,20.7738,5775,0
JRNY.US,D,20221114,000000,20.5207,20.5207,20.5207,20.5207,46,0
JRNY.US,D,20221115,000000,20.6949,20.6949,20.6949,20.6949,248,0
JRNY.US,D,20221116,000000,20.5377,20.5377,20.5377,20.5377,128,0
JRNY.US,D,20221117,000000,20.31,20.3968,20.31,20.3968,446,0
JRNY.US,D,20221118,000000,20.42,20.4461,20.41,20.4461,550,0
JRNY.US,D,20221121,000000,20.25,20.2788,20.2467,20.2467,273,0
JRNY.US,D,20221122,000000,20.369,20.369,20.369,20.369,92,0
JRNY.US,D,20221123,000000,20.52,20.52,20.43,20.4892,540,0
JRNY.US,D,20221125,000000,20.5315,20.5315,20.5315,20.5315,5,0
JRNY.US,D,20221128,000000,20.2908,20.2908,20.2908,20.2908,99,0
JRNY.US,D,20221129,000000,20.4907,20.4907,20.4907,20.4907,5,0
JRNY.US,D,20221130,000000,21.17,21.17,21.17,21.17,200,0
JRNY.US,D,20221201,000000,21.22,21.22,21.22,21.22,931,0
JRNY.US,D,20221202,000000,21.2048,21.2048,21.2048,21.2048,25,0
JRNY.US,D,20221205,000000,20.9862,20.9862,20.9862,20.9862,105,0
JRNY.US,D,20221206,000000,20.7827,20.7827,20.7827,20.7827,51,0
JRNY.US,D,20221207,000000,20.65,20.65,20.6129,20.6129,1080,0
JRNY.US,D,20221208,000000,20.8499,20.8499,20.8306,20.8306,411,0
JRNY.US,D,20221209,000000,20.9,20.9,20.8282,20.8282,131,0
JRNY.US,D,20221212,000000,21.0546,21.0546,21.0546,21.0546,72,0
JRNY.US,D,20221213,000000,21.1564,21.1564,21.1564,21.1564,78,0
JRNY.US,D,20221214,000000,21.17,21.17,21.0446,21.0446,704,0
JRNY.US,D,20221215,000000,20.5,20.5001,20.4799,20.4799,432,0
JRNY.US,D,20221216,000000,20.1,20.27,20.1,20.27,1608,0
JRNY.US,D,20221219,000000,20.199,20.2299,19.97,19.998,3076,0
JRNY.US,D,20221220,000000,19.98,20.0424,19.98,20.0424,123,0
JRNY.US,D,20221221,000000,20.1951,20.1951,20.1951,20.1951,1,0
JRNY.US,D,20221222,000000,19.9363,19.9363,19.9363,19.9363,19,0
JRNY.US,D,20221223,000000,20.02,20.04,19.99,20.0367,608,0
JRNY.US,D,20221227,000000,20.175,20.175,20.09,20.1032,4430,0
JRNY.US,D,20221228,000000,19.8099,19.81,19.7368,19.7368,239,0
JRNY.US,D,20221229,000000,20.06,20.1022,20.06,20.1022,208,0
JRNY.US,D,20221230,000000,20,20.0441,19.965,20.0441,2873,0
JRNY.US,D,20230103,000000,20.1675,20.1675,20.1675,20.1675,3,0
JRNY.US,D,20230104,000000,20.5,20.746,20.5,20.746,828,0
JRNY.US,D,20230105,000000,20.65,20.6789,20.52,20.6789,27660,0
JRNY.US,D,20230106,000000,21.1,21.1246,20.97,21.1246,38930,0
JRNY.US,D,20230109,000000,21.4523,21.4599,21.2969,21.2969,3785,0
JRNY.US,D,20230110,000000,21.47,21.4738,21.47,21.4738,486,0
JRNY.US,D,20230111,000000,21.5875,21.742,21.58,21.742,829,0
JRNY.US,D,20230112,000000,21.81,22.0845,21.81,22.0845,1413,0
JRNY.US,D,20230113,000000,22.04,22.35,22.03,22.29,7146,0
JRNY.US,D,20230117,000000,22.3228,22.3228,22.3228,22.3228,75,0
JRNY.US,D,20230118,000000,22.1253,22.1253,22.1253,22.1253,189,0
JRNY.US,D,20230119,000000,22.01,22.18,21.965,22.0601,2870,0
JRNY.US,D,20230120,000000,22.49,22.5515,22.465,22.5515,299,0
JRNY.US,D,20230123,000000,22.8155,22.8155,22.8155,22.8155,13,0
JRNY.US,D,20230124,000000,22.865,22.865,22.8639,22.8639,195,0
JRNY.US,D,20230125,000000,23.0148,23.0148,23.0148,23.0148,7,0
JRNY.US,D,20230126,000000,23.1277,23.1277,23.1277,23.1277,67,0
JRNY.US,D,20230127,000000,23.2683,23.2683,23.2683,23.2683,19,0
JRNY.US,D,20230130,000000,22.9222,22.9222,22.9222,22.9222,83,0
JRNY.US,D,20230131,000000,23.12,23.185,23.12,23.185,134,0
JRNY.US,D,20230201,000000,23.05,23.4302,23.05,23.4302,127,0
JRNY.US,D,20230202,000000,23.6491,23.6491,23.565,23.6102,1655,0
JRNY.US,D,20230203,000000,23.4962,23.4962,23.4962,23.4962,108,0
JRNY.US,D,20230206,000000,23.2594,23.2594,23.2594,23.2594,33,0
JRNY.US,D,20230207,000000,23.1999,23.5009,23.1999,23.5009,288,0
JRNY.US,D,20230208,000000,23.3273,23.3273,23.3273,23.3273,11,0
JRNY.US,D,20230209,000000,23.64,23.64,23.3168,23.3168,305,0
JRNY.US,D,20230210,000000,22.85,22.8787,22.8208,22.8787,4939,0
JRNY.US,D,20230213,000000,23.2502,23.2502,23.2502,23.2502,14,0
JRNY.US,D,20230214,000000,22.85,23.4849,22.85,23.4849,11,0
JRNY.US,D,20230215,000000,23.57,23.67,23.57,23.6627,1327,0
JRNY.US,D,20230216,000000,23.65,23.65,23.4169,23.4169,909,0
JRNY.US,D,20230217,000000,23.16,23.1835,23.1308,23.1835,756,0
JRNY.US,D,20230221,000000,22.7467,22.7467,22.7467,22.7467,86,0
JRNY.US,D,20230222,000000,22.8006,22.8006,22.7405,22.7405,526,0
JRNY.US,D,20230223,000000,22.7746,22.7746,22.7746,22.7746,5,0
JRNY.US,D,20230224,000000,22.43,22.43,22.4272,22.4272,194,0
JRNY.US,D,20230227,000000,22.6284,22.6284,22.6284,22.6284,3,0
JRNY.US,D,20230228,000000,22.6886,22.6886,22.6886,22.6886,2,0
JRNY.US,D,20230301,000000,22.92,22.92,22.77,22.77,4176,0
JRNY.US,D,20230302,000000,22.91,22.91,22.66,22.91,26325,0
JRNY.US,D,20230303,000000,23.31,23.31,23.2981,23.2981,533,0
JRNY.US,D,20230306,000000,23.28,23.28,23.2387,23.2387,168,0
JRNY.US,D,20230307,000000,23.38,23.38,22.9784,22.9784,1307,0
JRNY.US,D,20230308,000000,23.07,23.07,23.07,23.07,92,0
JRNY.US,D,20230309,000000,22.439,22.439,22.439,22.439,15,0
JRNY.US,D,20230310,000000,22.0432,22.0432,22.0432,22.0432,323,0
JRNY.US,D,20230313,000000,21.77,21.77,21.7284,21.7284,742,0
JRNY.US,D,20230314,000000,21.97,21.97,21.97,21.97,315,0
JRNY.US,D,20230315,000000,21.2,21.39,21.2,21.39,1188,0
JRNY.US,D,20230316,000000,21.67,21.8462,21.67,21.8462,319,0
JRNY.US,D,20230317,000000,21.5112,21.5112,21.5112,21.5112,135,0
JRNY.US,D,20230320,000000,21.72,21.72,21.72,21.72,126,0
JRNY.US,D,20230321,000000,22.17,22.17,22.17,22.17,302,0
JRNY.US,D,20230322,000000,22.1601,22.1601,21.9178,21.9178,160,0
JRNY.US,D,20230323,000000,22.1412,22.1412,21.8333,21.8333,540,0
JRNY.US,D,20230324,000000,21.629,21.629,21.629,21.629,11,0
JRNY.US,D,20230327,000000,21.76,21.8192,21.75,21.75,644,0
JRNY.US,D,20230328,000000,21.59,21.69,21.59,21.69,1474,0
JRNY.US,D,20230329,000000,21.9211,22.136,21.9211,22.136,400,0
JRNY.US,D,20230330,000000,22.3896,22.3896,22.3896,22.3896,6,0
JRNY.US,D,20230331,000000,22.7253,22.7253,22.7253,22.7253,53,0
JRNY.US,D,20230403,000000,22.61,22.64,22.51,22.6349,4114,0
JRNY.US,D,20230404,000000,22.7,22.7,22.54,22.54,3279,0
JRNY.US,D,20230405,000000,22.452,22.452,22.3,22.3,523,0
JRNY.US,D,20230406,000000,22.2401,22.2879,22.2401,22.2879,378,0
JRNY.US,D,20230410,000000,22.38,22.38,22.38,22.38,109,0
JRNY.US,D,20230411,000000,22.555,22.555,22.46,22.46,240,0
JRNY.US,D,20230412,000000,22.5067,22.5067,22.2047,22.2047,240,0
JRNY.US,D,20230413,000000,22.62,22.62,22.62,22.62,214,0
JRNY.US,D,20230414,000000,22.53,22.61,22.53,22.61,355,0
JRNY.US,D,20230417,000000,22.64,22.76,22.64,22.76,2311,0
JRNY.US,D,20230418,000000,22.9856,22.9856,22.9856,22.9856,9,0
JRNY.US,D,20230419,000000,23.0055,23.0055,23.0055,23.0055,30,0
JRNY.US,D,20230420,000000,22.83,22.88,22.83,22.88,515,0
JRNY.US,D,20230421,000000,22.81,22.9557,22.81,22.9557,793,0
JRNY.US,D,20230424,000000,22.992,22.992,22.86,22.86,668,0
JRNY.US,D,20230425,000000,22.78,22.78,22.4448,22.4448,8678,0
JRNY.US,D,20230426,000000,22.2265,22.2265,22.2265,22.2265,49,0
JRNY.US,D,20230427,000000,22.25,22.5197,22.25,22.5197,500,0
JRNY.US,D,20230428,000000,22.77,22.8186,22.77,22.8186,2449,0
JRNY.US,D,20230501,000000,22.9685,22.9685,22.9685,22.9685,146,0
JRNY.US,D,20230502,000000,22.94,22.9744,22.94,22.9744,250,0
JRNY.US,D,20230503,000000,22.8358,22.86,22.7388,22.7388,569,0
JRNY.US,D,20230504,000000,22.3664,22.4442,22.3664,22.4442,250,0
JRNY.US,D,20230505,000000,22.5503,22.7208,22.5503,22.7208,574,0
JRNY.US,D,20230508,000000,22.83,22.934,22.83,22.934,431,0
JRNY.US,D,20230509,000000,22.76,22.8479,22.76,22.8479,330,0
JRNY.US,D,20230510,000000,22.63,22.63,22.5935,22.5935,290,0
JRNY.US,D,20230511,000000,22.4449,22.4449,22.4449,22.4449,6,0
JRNY.US,D,20230512,000000,22.408,22.408,22.2659,22.2659,183,0
JRNY.US,D,20230515,000000,22.29,22.4422,22.29,22.4422,340,0
JRNY.US,D,20230516,000000,22.2434,22.2434,22.2434,22.2434,2,0
JRNY.US,D,20230517,000000,22.6195,22.6195,22.6195,22.6195,26,0
JRNY.US,D,20230518,000000,22.8162,22.8227,22.8162,22.8227,387,0
JRNY.US,D,20230519,000000,22.65,22.66,22.6371,22.6371,2042,0
JRNY.US,D,20230522,000000,22.66,22.66,22.6184,22.6184,133,0
JRNY.US,D,20230523,000000,22.15,22.15,22.0973,22.0973,160,0
JRNY.US,D,20230524,000000,21.7,21.7732,21.7,21.7732,542,0
JRNY.US,D,20230525,000000,21.79,21.8568,21.79,21.8568,268,0
JRNY.US,D,20230526,000000,22.1,22.19,22.1,22.11,1875,0
JRNY.US,D,20230530,000000,21.895,21.9021,21.895,21.9021,202,0
JRNY.US,D,20230531,000000,21.75,21.8109,21.75,21.8109,251,0
JRNY.US,D,20230601,000000,22.0136,22.0136,22.0136,22.0136,1,0
JRNY.US,D,20230602,000000,22.698,22.698,22.6542,22.6542,630,0
JRNY.US,D,20230605,000000,22.58,22.58,22.535,22.5535,693,0
JRNY.US,D,20230606,000000,22.8376,22.8376,22.8376,22.8376,1,0
JRNY.US,D,20230607,000000,22.91,22.91,22.655,22.6583,1071,0
JRNY.US,D,20230608,000000,22.74,22.8182,22.74,22.8182,212,0
JRNY.US,D,20230609,000000,22.98,22.98,22.855,22.855,956,0
JRNY.US,D,20230612,000000,23.07,23.1258,23.05,23.1258,724,0
JRNY.US,D,20230613,000000,23.3836,23.3836,23.27,23.326,3968,0
JRNY.US,D,20230614,000000,23.36,23.392,23.36,23.3742,1047,0
JRNY.US,D,20230615,000000,23.2891,23.6,23.2891,23.5789,3547,0
JRNY.US,D,20230616,000000,23.5942,23.5942,23.5942,23.5942,68,0
JRNY.US,D,20230620,000000,23.3,23.3,23.2342,23.2342,137,0
JRNY.US,D,20230621,000000,23.232,23.232,23.232,23.232,1,0
JRNY.US,D,20230622,000000,23.08,23.2193,23.08,23.1939,1382,0
JRNY.US,D,20230623,000000,22.94,22.94,22.8504,22.8504,353,0
JRNY.US,D,20230626,000000,22.9587,22.9587,22.9587,22.9587,52,0
JRNY.US,D,20230627,000000,23.4307,23.4307,23.4307,23.4307,7,0
JRNY.US,D,20230628,000000,23.4365,23.4365,23.4365,23.4365,62,0
JRNY.US,D,20230629,000000,23.38,23.4127,23.38,23.4127,1595,0
JRNY.US,D,20230630,000000,23.69,23.715,23.69,23.7101,622,0
JRNY.US,D,20230703,000000,23.68,23.7996,23.68,23.7996,1321,0
JRNY.US,D,20230705,000000,23.6691,23.6691,23.6691,23.6691,122,0
JRNY.US,D,20230706,000000,23.63,23.63,23.2507,23.2507,3810,0
JRNY.US,D,20230707,000000,23.46,23.585,23.46,23.5408,361,0
JRNY.US,D,20230710,000000,23.8414,23.8414,23.8414,23.8414,76,0
JRNY.US,D,20230711,000000,24.0602,24.2416,24.0602,24.2416,2438,0
JRNY.US,D,20230712,000000,24.49,24.49,24.3212,24.3212,961,0
JRNY.US,D,20230713,000000,24.48,24.6602,24.48,24.5792,7412,0
JRNY.US,D,20230714,000000,24.57,24.61,24.34,24.3842,7187,0
JRNY.US,D,20230717,000000,24.24,24.3106,24.24,24.3106,689,0
JRNY.US,D,20230718,000000,24.503,24.503,24.503,24.503,169,0
JRNY.US,D,20230719,000000,24.52,24.52,24.4388,24.4388,665,0
JRNY.US,D,20230720,000000,24.1601,24.2436,24.1601,24.2436,151,0
JRNY.US,D,20230721,000000,24.28,24.3552,24.28,24.3552,313,0
JRNY.US,D,20230724,000000,24.17,24.1787,24.17,24.1787,237,0
JRNY.US,D,20230725,000000,24.0707,24.0707,24.0707,24.0707,53,0
JRNY.US,D,20230726,000000,23.99,24.1599,23.99,24.1489,252,0
JRNY.US,D,20230727,000000,23.9484,23.9484,23.9484,23.9484,56,0
JRNY.US,D,20230728,000000,24.222,24.3169,24.222,24.3169,846,0
JRNY.US,D,20230731,000000,24.44,24.4504,24.44,24.4504,642,0
JRNY.US,D,20230801,000000,24.53,24.53,24,24.1124,2247,0
JRNY.US,D,20230802,000000,23.7,23.7,23.7,23.7,102,0
JRNY.US,D,20230803,000000,23.36,23.3804,23.36,23.3804,3199,0
JRNY.US,D,20230804,000000,23.63,23.63,23.4865,23.4865,120,0
JRNY.US,D,20230807,000000,23.77,23.81,23.77,23.7903,593,0
JRNY.US,D,20230808,000000,23.7654,23.7654,23.7654,23.7654,51,0
JRNY.US,D,20230809,000000,23.65,23.65,23.644,23.644,2103,0
JRNY.US,D,20230810,000000,23.87,24.0002,23.8462,23.8462,1217,0
JRNY.US,D,20230811,000000,23.596,23.596,23.596,23.596,1,0
JRNY.US,D,20230814,000000,23.51,23.5765,23.36,23.5765,1750,0
JRNY.US,D,20230815,000000,23.35,23.35,23.2256,23.2256,802,0
JRNY.US,D,20230816,000000,23.0581,23.0581,23.0581,23.0581,12,0
JRNY.US,D,20230817,000000,23.02,23.02,22.7518,22.7518,101,0
JRNY.US,D,20230818,000000,22.43,22.6191,22.43,22.5975,1934,0
JRNY.US,D,20230821,000000,22.5501,22.567,22.5501,22.567,100,0
JRNY.US,D,20230822,000000,22.5736,22.5736,22.5736,22.5736,1,0
JRNY.US,D,20230823,000000,22.7564,22.7564,22.7564,22.7564,8,0
JRNY.US,D,20230824,000000,22.4164,22.4164,22.4164,22.4164,3,0
JRNY.US,D,20230825,000000,22.4262,22.4262,22.4262,22.4262,8,0
JRNY.US,D,20230828,000000,22.6308,22.6308,22.6308,22.6308,1,0
JRNY.US,D,20230829,000000,23.0155,23.0155,23.0155,23.0155,10,0
JRNY.US,D,20230830,000000,23.0302,23.0302,23.0191,23.0191,277,0
JRNY.US,D,20230831,000000,22.9,22.9319,22.9,22.9012,1344,0
JRNY.US,D,20230901,000000,22.9051,22.9051,22.9051,22.9051,78,0
JRNY.US,D,20230905,000000,22.74,22.7463,22.74,22.7463,122,0
JRNY.US,D,20230906,000000,22.4873,22.4873,22.4873,22.4873,8,0
JRNY.US,D,20230907,000000,22.3,22.3,22.2954,22.2954,100,0
JRNY.US,D,20230908,000000,22.37,22.4679,22.37,22.4679,351,0
JRNY.US,D,20230911,000000,22.55,22.585,22.55,22.5802,304,0
JRNY.US,D,20230912,000000,22.52,22.7,22.52,22.6058,440,0
JRNY.US,D,20230913,000000,22.3648,22.3648,22.3648,22.3648,140,0
JRNY.US,D,20230914,000000,22.5814,22.5814,22.5814,22.5814,50,0
JRNY.US,D,20230915,000000,22.5872,22.5872,22.5872,22.5872,20,0
JRNY.US,D,20230918,000000,22.42,22.42,22.3495,22.3495,217,0
JRNY.US,D,20230919,000000,22.28,22.28,22.2241,22.2241,389,0
JRNY.US,D,20230920,000000,22.0963,22.0963,22.0963,22.0963,50,0
JRNY.US,D,20230921,000000,21.6554,21.6554,21.6554,21.6554,23,0
JRNY.US,D,20230922,000000,21.5896,21.5896,21.5896,21.5896,50,0
JRNY.US,D,20230925,000000,21.444,21.4656,21.444,21.4656,500,0
JRNY.US,D,20230926,000000,21.1707,21.1707,21.1707,21.1707,35,0
JRNY.US,D,20230927,000000,21.1976,21.1976,21.1976,21.1976,11,0
JRNY.US,D,20230928,000000,21.221,21.432,21.221,21.432,618,0
JRNY.US,D,20230929,000000,21.3702,21.3702,21.3702,21.3702,12,0
JRNY.US,D,20231002,000000,21.2133,21.2133,21.2133,21.2133,17,0
JRNY.US,D,20231003,000000,21.05,21.05,20.7137,20.7137,633,0
JRNY.US,D,20231004,000000,20.75,20.9162,20.75,20.9162,160,0
JRNY.US,D,20231005,000000,20.79,20.8895,20.79,20.8895,564,0
JRNY.US,D,20231006,000000,21.1705,21.1705,21.1705,21.1705,10,0
JRNY.US,D,20231009,000000,20.91,20.9196,20.91,20.9196,363,0
JRNY.US,D,20231010,000000,21.03,21.2446,21.03,21.2446,325,0
JRNY.US,D,20231011,000000,21.1986,21.1986,21.1986,21.1986,26,0
JRNY.US,D,20231012,000000,20.8482,20.8482,20.8482,20.8482,16,0
JRNY.US,D,20231013,000000,20.53,20.53,20.39,20.4239,775,0
JRNY.US,D,20231016,000000,20.4,20.6919,20.4,20.6919,9338,0
JRNY.US,D,20231017,000000,20.85,20.85,20.82,20.82,403,0
JRNY.US,D,20231018,000000,20.3134,20.3134,20.3134,20.3134,2,0
JRNY.US,D,20231019,000000,20.135,20.135,20.135,20.135,2,0
JRNY.US,D,20231020,000000,20.04,20.04,19.8697,19.8697,382,0
JRNY.US,D,20231023,000000,20.0536,20.0536,20.0536,20.0536,13,0
JRNY.US,D,20231024,000000,20.2782,20.2782,20.2782,20.2782,2,0
JRNY.US,D,20231025,000000,19.9866,19.9866,19.9866,19.9866,75,0
JRNY.US,D,20231026,000000,19.93,19.93,19.8129,19.8129,353,0
JRNY.US,D,20231027,000000,19.5928,19.5928,19.5928,19.5928,1,0
JRNY.US,D,20231030,000000,19.8708,19.9533,19.8708,19.9533,478,0
JRNY.US,D,20231031,000000,20.0575,20.0575,20.0575,20.0575,50,0
JRNY.US,D,20231101,000000,19.9142,19.9142,19.9142,19.9142,1,0
JRNY.US,D,20231102,000000,20.38,20.4388,20.38,20.4388,206,0
JRNY.US,D,20231103,000000,20.86,20.9507,20.86,20.9507,178,0
JRNY.US,D,20231106,000000,20.8958,20.8958,20.8958,20.8958,9,0
JRNY.US,D,20231107,000000,21,21.0134,21,21.0134,200,0
JRNY.US,D,20231108,000000,21.0166,21.0166,21.0166,21.0166,54,0
JRNY.US,D,20231109,000000,21.07,21.115,20.9839,20.9839,1063,0
JRNY.US,D,20231110,000000,21.105,21.1406,21.105,21.1406,320,0
JRNY.US,D,20231113,000000,21.2114,21.2114,21.1656,21.1656,426,0
JRNY.US,D,20231114,000000,21.8477,21.8477,21.8477,21.8477,25,0
JRNY.US,D,20231115,000000,22.0031,22.0031,22.0031,22.0031,20,0
JRNY.US,D,20231116,000000,21.9063,21.9063,21.9063,21.9063,8,0
JRNY.US,D,20231117,000000,22.12,22.1828,22.1,22.1828,3263,0
JRNY.US,D,20231120,000000,22.16,22.3235,22.16,22.3235,408,0
JRNY.US,D,20231121,000000,22.09,22.1389,22.09,22.1389,628,0
JRNY.US,D,20231122,000000,22.43,22.43,22.3255,22.3255,108,0
JRNY.US,D,20231124,000000,22.2988,22.2988,22.2988,22.2988,52,0
JRNY.US,D,20231127,000000,22.17,22.2564,22.17,22.2066,1716,0
JRNY.US,D,20231128,000000,22.12,22.2099,22.11,22.1654,1351,0
JRNY.US,D,20231129,000000,22.18,22.18,22.0969,22.0969,1009,0
JRNY.US,D,20231130,000000,22.2089,22.2089,22.2089,22.2089,326,0
JRNY.US,D,20231201,000000,22.6303,22.6303,22.6303,22.6303,45,0
JRNY.US,D,20231204,000000,22.7251,22.7251,22.6,22.6553,785,0
JRNY.US,D,20231205,000000,22.3704,22.3704,22.3704,22.3704,2,0
JRNY.US,D,20231206,000000,22.64,22.6552,22.52,22.5319,1105,0
JRNY.US,D,20231207,000000,22.86,22.86,22.86,22.86,3,0
JRNY.US,D,20231208,000000,23.02,23.0422,22.9901,23.0422,521,0
JRNY.US,D,20231211,000000,23.17,23.2484,23.15,23.2484,632,0
JRNY.US,D,20231212,000000,23.22,23.3426,23.22,23.3426,992,0
JRNY.US,D,20231213,000000,23.2428,23.6028,23.2428,23.6028,171,0
JRNY.US,D,20231214,000000,23.96,23.9624,23.96,23.9624,512,0
JRNY.US,D,20231215,000000,23.84,23.8452,23.78,23.8452,1121,0
JRNY.US,D,20231218,000000,23.879,23.879,23.8184,23.8581,8652,0
JRNY.US,D,20231219,000000,24.1008,24.1291,24.1008,24.1291,540,0
JRNY.US,D,20231220,000000,24,24,23.6846,23.6846,328,0
JRNY.US,D,20231221,000000,23.9956,23.9956,23.9956,23.9956,41,0
JRNY.US,D,20231222,000000,23.9664,23.9664,23.9664,23.9664,2,0
JRNY.US,D,20231226,000000,23.9532,23.9532,23.9532,23.9532,88,0
JRNY.US,D,20231227,000000,23.97,23.97,23.86,23.968,1304,0
JRNY.US,D,20231228,000000,24.0266,24.0266,24.0266,24.0266,76,0
JRNY.US,D,20231229,000000,23.916,23.916,23.916,23.916,4,0
JRNY.US,D,20240102,000000,23.68,23.68,23.59,23.6447,808,0
JRNY.US,D,20240103,000000,23.95,23.95,23.185,23.3154,576,0
JRNY.US,D,20240104,000000,23.31,23.3309,23.275,23.3047,601,0
JRNY.US,D,20240105,000000,23.4366,23.4366,23.4366,23.4366,2,0
JRNY.US,D,20240108,000000,23.735,23.7727,23.7,23.7727,960,0
JRNY.US,D,20240109,000000,23.55,23.6226,23.55,23.6226,874,0
JRNY.US,D,20240110,000000,23.62,23.687,23.62,23.687,412,0
JRNY.US,D,20240111,000000,23.7185,23.7185,23.7185,23.7185,88,0
JRNY.US,D,20240112,000000,23.4299,23.4299,23.4299,23.4299,85,0
JRNY.US,D,20240116,000000,23.25,23.25,23.1516,23.1516,631,0
JRNY.US,D,20240117,000000,22.8601,22.9375,22.8601,22.9375,361,0
JRNY.US,D,20240118,000000,23.3364,23.3364,23.3364,23.3364,13,0
JRNY.US,D,20240119,000000,23.4158,23.4158,23.4158,23.4158,223,0
JRNY.US,D,20240122,000000,23.484,23.484,23.3665,23.3665,1019,0
JRNY.US,D,20240123,000000,23.4677,23.4677,23.4677,23.4677,52,0
JRNY.US,D,20240124,000000,23.63,23.64,23.45,23.4545,6405,0
JRNY.US,D,20240125,000000,23.8278,23.8278,23.8278,23.8278,293,0
JRNY.US,D,20240126,000000,24.04,24.1529,24.04,24.1529,352,0
JRNY.US,D,20240129,000000,24.3468,24.3468,24.3468,24.3468,27,0
JRNY.US,D,20240130,000000,24.2459,24.2459,24.2459,24.2459,129,0
JRNY.US,D,20240131,000000,24.095,24.095,23.917,23.917,211,0
JRNY.US,D,20240201,000000,24.2808,24.2808,24.2808,24.2808,39,0
JRNY.US,D,20240202,000000,24.2204,24.2749,24.2204,24.2749,192,0
JRNY.US,D,20240205,000000,24.25,24.2672,24.25,24.2672,353,0
JRNY.US,D,20240206,000000,24.488,24.488,24.488,24.488,12,0
JRNY.US,D,20240207,000000,24.4,24.5786,24.4,24.5071,1665,0
JRNY.US,D,20240208,000000,24.8,24.8168,24.8,24.8168,267,0
JRNY.US,D,20240209,000000,24.58,24.6337,24.58,24.6337,139,0
JRNY.US,D,20240212,000000,24.85,24.8501,24.7922,24.7922,451,0
JRNY.US,D,20240213,000000,24.34,24.34,24.19,24.3266,503,0
JRNY.US,D,20240214,000000,24.7152,24.7152,24.7152,24.7152,1,0
JRNY.US,D,20240215,000000,25.098,25.098,25.098,25.098,54,0
JRNY.US,D,20240216,000000,24.9708,25.0615,24.9182,24.9182,350,0
JRNY.US,D,20240220,000000,24.86,24.86,24.8459,24.8459,390,0
JRNY.US,D,20240221,000000,24.9494,24.9494,24.9494,24.9494,63,0
JRNY.US,D,20240222,000000,25.372,25.372,25.372,25.372,5,0
JRNY.US,D,20240223,000000,25.285,25.296,25.25,25.296,2218,0
JRNY.US,D,20240226,000000,25.2552,25.2552,25.08,25.0964,686,0
JRNY.US,D,20240227,000000,25.2046,25.2046,25.2046,25.2046,125,0
JRNY.US,D,20240228,000000,25.1555,25.1555,25.1555,25.1555,9,0
JRNY.US,D,20240229,000000,25.3382,25.3382,25.3382,25.3382,28,0
JRNY.US,D,20240301,000000,25.3701,25.3701,25.3701,25.3701,22,0
JRNY.US,D,20240304,000000,25.138,25.138,25.138,25.138,1,0
JRNY.US,D,20240305,000000,25.01,25.01,24.97,24.997,230,0
JRNY.US,D,20240306,000000,25.0974,25.0974,25.0974,25.0974,25,0
JRNY.US,D,20240307,000000,25.31,25.31,25.3028,25.3028,828,0
JRNY.US,D,20240308,000000,25.34,25.34,25.2893,25.2893,574,0
JRNY.US,D,20240311,000000,25.33,25.33,25.33,25.33,500,0
JRNY.US,D,20240312,000000,25.4383,25.4383,25.4383,25.4383,35,0
JRNY.US,D,20240313,000000,25.4895,25.4895,25.4895,25.4895,32,0
JRNY.US,D,20240314,000000,25.2233,25.2233,25.2233,25.2233,78,0
JRNY.US,D,20240315,000000,25.1043,25.1043,25.1043,25.1043,17,0
JRNY.US,D,20240318,000000,25.16,25.16,25.1204,25.1204,361,0
JRNY.US,D,20240319,000000,25.1913,25.218,25.1913,25.218,290,0
JRNY.US,D,20240320,000000,25.558,25.558,25.558,25.558,1,0
JRNY.US,D,20240321,000000,25.604,25.604,25.604,25.604,28,0
JRNY.US,D,20240322,000000,25.466,25.466,25.466,25.466,27,0
JRNY.US,D,20240325,000000,25.3987,25.3987,25.3987,25.3987,31,0
JRNY.US,D,20240326,000000,25.47,25.47,25.4502,25.4502,344,0
JRNY.US,D,20240327,000000,25.7507,25.7507,25.7507,25.7507,10,0
JRNY.US,D,20240328,000000,25.81,25.81,25.8062,25.8062,869,0
JRNY.US,D,20240401,000000,25.8119,25.8119,25.8119,25.8119,26,0
JRNY.US,D,20240402,000000,25.5331,25.5331,25.5331,25.5331,1,0
JRNY.US,D,20240403,000000,25.4879,25.4879,25.4879,25.4879,102,0
JRNY.US,D,20240404,000000,25.65,25.65,25.1567,25.1567,152,0
JRNY.US,D,20240405,000000,25.13,25.3646,25.13,25.3646,346,0
JRNY.US,D,20240408,000000,25.427,25.427,25.427,25.427,12,0
JRNY.US,D,20240409,000000,25.4792,25.4792,25.4686,25.4686,120,0
JRNY.US,D,20240410,000000,25.114,25.114,25.114,25.114,6,0
JRNY.US,D,20240411,000000,25.11,25.3292,25.11,25.3069,1276,0
JRNY.US,D,20240412,000000,24.94,24.94,24.6576,24.6576,607,0
JRNY.US,D,20240415,000000,24.4787,24.4787,24.4787,24.4787,62,0
JRNY.US,D,20240416,000000,24.41,24.41,24.29,24.4024,645,0
JRNY.US,D,20240417,000000,24.3967,24.3967,24.3967,24.3967,181,0
JRNY.US,D,20240418,000000,24.4191,24.4191,24.4191,24.4191,2,0
JRNY.US,D,20240419,000000,24.6,24.6,24.6,24.6,1000,0
JRNY.US,D,20240422,000000,24.7229,24.7229,24.7229,24.7229,104,0
JRNY.US,D,20240423,000000,24.74,25.0623,24.74,25.0623,332,0
JRNY.US,D,20240424,000000,25.0341,25.0341,25.0341,25.0341,6,0
JRNY.US,D,20240425,000000,24.8647,24.8647,24.8647,24.8647,9,0
JRNY.US,D,20240426,000000,24.9114,24.9114,24.9114,24.9114,13,0
JRNY.US,D,20240429,000000,24.8715,24.8715,24.8715,24.8715,14,0
JRNY.US,D,20240430,000000,24.3927,24.3927,24.3927,24.3927,9,0
JRNY.US,D,20240501,000000,24.175,24.3138,24.175,24.3138,383,0
JRNY.US,D,20240502,000000,24.6182,24.6182,24.6182,24.6182,95,0
JRNY.US,D,20240503,000000,24.7128,24.7128,24.7128,24.7128,10,0
JRNY.US,D,20240506,000000,24.9688,24.9688,24.9688,24.9688,30,0
JRNY.US,D,20240507,000000,24.7349,24.7349,24.7349,24.7349,15,0
JRNY.US,D,20240508,000000,24.6897,24.6897,24.6897,24.6897,27,0
JRNY.US,D,20240509,000000,24.56,24.8518,24.56,24.8518,391,0
JRNY.US,D,20240510,000000,24.9071,24.9071,24.9071,24.9071,9,0
JRNY.US,D,20240513,000000,24.96,24.9709,24.96,24.9709,427,0
JRNY.US,D,20240514,000000,25.1193,25.1193,25.1193,25.1193,15,0
JRNY.US,D,20240515,000000,25.12,25.12,25.109,25.109,354,0
JRNY.US,D,20240516,000000,25.1334,25.1334,25.1334,25.1334,5,0
JRNY.US,D,20240517,000000,25.1008,25.1008,25.1008,25.1008,1,0
JRNY.US,D,20240520,000000,25.05,25.1211,25.05,25.1211,345,0
JRNY.US,D,20240521,000000,25.02,25.02,24.9876,24.9876,392,0
JRNY.US,D,20240522,000000,24.84,24.84,24.7428,24.7428,354,0
JRNY.US,D,20240523,000000,24.63,24.64,24.2601,24.3029,2199,0
JRNY.US,D,20240524,000000,24.5514,24.5514,24.5514,24.5514,102,0
JRNY.US,D,20240528,000000,24.63,24.63,24.4146,24.4146,120,0
JRNY.US,D,20240529,000000,23.98,24.0049,23.98,24.0049,399,0
JRNY.US,D,20240530,000000,24.0978,24.0978,24.0978,24.0978,10,0
JRNY.US,D,20240531,000000,24.155,24.36,24.12,24.36,2452,0
JRNY.US,D,20240603,000000,24.3715,24.3715,24.2303,24.3715,342,0
JRNY.US,D,20240604,000000,24.405,24.405,24.405,24.405,10,0
JRNY.US,D,20240605,000000,24.5869,24.5869,24.5869,24.5869,11,0
JRNY.US,D,20240606,000000,24.6117,24.6117,24.6117,24.6117,1,0
JRNY.US,D,20240607,000000,24.48,24.48,24.45,24.4689,438,0
JRNY.US,D,20240610,000000,24.4584,24.4584,24.4584,24.4584,13,0
JRNY.US,D,20240611,000000,24.27,24.27,24.18,24.2319,1099,0
JRNY.US,D,20240612,000000,24.5119,24.5119,24.5119,24.5119,55,0
JRNY.US,D,20240613,000000,24.3026,24.3026,24.3026,24.3026,4,0
JRNY.US,D,20240614,000000,24.0146,24.0146,24.0146,24.0146,81,0
JRNY.US,D,20240617,000000,23.9,24.3134,23.9,24.3134,344,0
JRNY.US,D,20240618,000000,24.227,24.2646,24.227,24.2646,160,0
JRNY.US,D,20240620,000000,24.12,24.2804,24.12,24.2804,331,0
JRNY.US,D,20240621,000000,24.2418,24.2418,24.2418,24.2418,96,0
