<TICKER>,<PER>,<DATE>,<TIME>,<OPEN>,<HIGH>,<LOW>,<CLOSE>,<VOL>,<OPENINT>
JULD.US,D,20230705,000000,24.77,24.8,24.765,24.77,19449,0
JULD.US,D,20230706,000000,24.71,24.72,24.58,24.694,11418,0
JULD.US,D,20230707,000000,24.72,24.72,24.6906,24.6906,1308,0
JULD.US,D,20230710,000000,24.69,24.7399,24.6899,24.72,13062,0
JULD.US,D,20230711,000000,24.7381,24.81,24.7381,24.81,5360,0
JULD.US,D,20230712,000000,24.885,24.9,24.86,24.8609,19710,0
JULD.US,D,20230713,000000,24.9359,24.9359,24.9359,24.9359,150,0
JULD.US,D,20230714,000000,24.98,24.98,24.9125,24.9125,4111,0
JULD.US,D,20230717,000000,24.96,24.97,24.9487,24.9487,8133,0
JULD.US,D,20230718,000000,24.999,25.005,24.98,25.002,4768,0
JULD.US,D,20230719,000000,25.03,25.03,24.99,25.03,7193,0
JULD.US,D,20230720,000000,25,25,24.95,24.9571,8439,0
JULD.US,D,20230721,000000,24.98,24.98,24.97,24.97,1696,0
JULD.US,D,20230724,000000,25.0105,25.0105,25.0105,25.0105,164,0
JULD.US,D,20230725,000000,25.02,25.04,25.02,25.0201,1312,0
JULD.US,D,20230726,000000,24.99,25.0074,24.99,25.0074,1853,0
JULD.US,D,20230727,000000,25.069,25.07,24.9649,24.9649,4472,0
JULD.US,D,20230728,000000,25.0552,25.0636,25.0552,25.06,980,0
JULD.US,D,20230731,000000,25.07,25.07,25.0504,25.0504,4654,0
JULD.US,D,20230801,000000,25.0061,25.05,25.0061,25.05,6407,0
JULD.US,D,20230802,000000,24.98,24.98,24.92,24.928,4809,0
JULD.US,D,20230803,000000,24.89,24.9116,24.89,24.9116,1135,0
JULD.US,D,20230804,000000,24.88,24.8931,24.88,24.8931,620,0
JULD.US,D,20230807,000000,24.93,24.98,24.93,24.9689,15403,0
JULD.US,D,20230808,000000,24.878,24.9249,24.878,24.9249,1240,0
JULD.US,D,20230809,000000,24.9269,24.93,24.8992,24.8992,1073,0
JULD.US,D,20230810,000000,24.9899,24.9899,24.907,24.907,6863,0
JULD.US,D,20230811,000000,24.89,24.9124,24.89,24.9124,605,0
JULD.US,D,20230814,000000,24.954,24.99,24.9317,24.99,2179,0
JULD.US,D,20230815,000000,24.93,24.93,24.9,24.91,3680,0
JULD.US,D,20230816,000000,24.91,24.92,24.8243,24.8243,2830,0
JULD.US,D,20230817,000000,24.84,24.85,24.7595,24.7595,7613,0
JULD.US,D,20230818,000000,24.73,24.78,24.72,24.7508,9025,0
JULD.US,D,20230821,000000,24.82,24.86,24.809,24.85,6873,0
JULD.US,D,20230822,000000,24.8045,24.83,24.8,24.8243,3512,0
JULD.US,D,20230823,000000,24.909,24.9121,24.89,24.9121,1773,0
JULD.US,D,20230824,000000,24.869,24.87,24.8161,24.8161,1602,0
JULD.US,D,20230825,000000,24.91,24.93,24.8927,24.8927,4898,0
JULD.US,D,20230828,000000,24.95,24.99,24.94,24.9643,2795,0
JULD.US,D,20230829,000000,25.03,25.1,25.03,25.0897,2375,0
JULD.US,D,20230830,000000,25.0999,25.13,25.0999,25.1153,1760,0
JULD.US,D,20230831,000000,25.1553,25.17,25.1207,25.1207,1364,0
JULD.US,D,20230901,000000,25.1499,25.18,25.1452,25.1452,3909,0
JULD.US,D,20230905,000000,25.15,25.15,25.1396,25.1396,421,0
JULD.US,D,20230906,000000,25.11,25.11,25.0992,25.0992,698,0
JULD.US,D,20230907,000000,25.04,25.0805,25.04,25.0805,1150,0
JULD.US,D,20230908,000000,25.0947,25.0947,25.0947,25.0947,3,0
JULD.US,D,20230911,000000,25.1645,25.1675,25.1645,25.1675,608,0
JULD.US,D,20230912,000000,25.18,25.19,25.135,25.1389,5355,0
JULD.US,D,20230913,000000,25.18,25.18,25.1584,25.1584,894,0
JULD.US,D,20230914,000000,25.21,25.26,25.2,25.2289,4995,0
JULD.US,D,20230915,000000,25.17,25.17,25.14,25.14,500,0
JULD.US,D,20230918,000000,25.17,25.17,25.1554,25.1554,1013,0
JULD.US,D,20230919,000000,25.16,25.16,25.1409,25.1545,706,0
JULD.US,D,20230920,000000,25.2,25.21,25.0972,25.0972,15555,0
JULD.US,D,20230921,000000,24.99,24.99,24.9275,24.9275,1439,0
JULD.US,D,20230922,000000,25,25,24.9198,24.9198,963,0
JULD.US,D,20230925,000000,24.9577,24.9577,24.9577,24.9577,16,0
JULD.US,D,20230926,000000,24.7909,24.7909,24.7909,24.7909,37,0
JULD.US,D,20230927,000000,24.83,24.83,24.71,24.82,24361,0
JULD.US,D,20230928,000000,24.3505,24.3505,24.3505,24.3505,26,0
JULD.US,D,20230929,000000,24.43,24.43,24.3444,24.3444,100,0
JULD.US,D,20231002,000000,24.36,24.36,24.27,24.36,2703,0
JULD.US,D,20231003,000000,24.19,24.2,24.15,24.1961,17621,0
JULD.US,D,20231004,000000,24.16,24.3,24.15,24.2689,6326,0
JULD.US,D,20231005,000000,24.2525,24.2525,24.2525,24.2525,47,0
JULD.US,D,20231006,000000,24.43,24.45,24.3858,24.3858,1420,0
JULD.US,D,20231009,000000,24.31,24.4386,24.29,24.4386,2320,0
JULD.US,D,20231010,000000,24.52,24.52,24.5,24.5078,1362,0
JULD.US,D,20231011,000000,24.5738,24.5738,24.5738,24.5738,10,0
JULD.US,D,20231012,000000,24.47,24.5223,24.47,24.5223,300,0
JULD.US,D,20231013,000000,24.478,24.478,24.42,24.46,1369,0
JULD.US,D,20231016,000000,24.54,24.5765,24.54,24.5765,256,0
JULD.US,D,20231017,000000,24.6084,24.62,24.545,24.59,3643,0
JULD.US,D,20231018,000000,24.4187,24.4187,24.4187,24.4187,2,0
JULD.US,D,20231019,000000,24.3341,24.3341,24.3341,24.3341,182,0
JULD.US,D,20231020,000000,24.29,24.33,24.2005,24.2005,938,0
JULD.US,D,20231023,000000,24.24,24.24,24.2061,24.2061,290,0
JULD.US,D,20231024,000000,24.28,24.3,24.25,24.28,9254,0
JULD.US,D,20231025,000000,24.21,24.21,24.12,24.1548,5493,0
JULD.US,D,20231026,000000,24.0061,24.0061,24.0061,24.0061,4,0
JULD.US,D,20231027,000000,23.9605,23.9605,23.9605,23.9605,42,0
JULD.US,D,20231030,000000,24.1501,24.165,24.14,24.1621,3401,0
JULD.US,D,20231031,000000,24.2542,24.2542,24.2542,24.2542,41,0
JULD.US,D,20231101,000000,24.35,24.4212,24.35,24.4212,3934,0
JULD.US,D,20231102,000000,24.53,24.6182,24.53,24.6182,250,0
JULD.US,D,20231103,000000,24.69,24.7347,24.69,24.7347,3508,0
JULD.US,D,20231106,000000,24.72,24.7476,24.71,24.7476,3787,0
JULD.US,D,20231107,000000,24.8199,24.8199,24.7858,24.7858,428,0
JULD.US,D,20231108,000000,24.8147,24.8147,24.8147,24.8147,1,0
JULD.US,D,20231109,000000,24.7598,24.7598,24.7598,24.7598,13,0
JULD.US,D,20231110,000000,24.8099,24.915,24.8099,24.915,1964,0
JULD.US,D,20231113,000000,24.915,24.915,24.915,24.915,5,0
JULD.US,D,20231114,000000,25.03,25.04,25.01,25.03,2081,0
JULD.US,D,20231115,000000,25.0625,25.0701,25.0625,25.0701,848,0
JULD.US,D,20231116,000000,25.05,25.075,25.04,25.075,813,0
JULD.US,D,20231117,000000,25.0725,25.085,25.06,25.085,2198,0
JULD.US,D,20231120,000000,25.15,25.1609,25.15,25.1609,880,0
JULD.US,D,20231121,000000,25.1,25.1402,25.1,25.1402,930,0
JULD.US,D,20231122,000000,25.15,25.1679,25.14,25.1679,2219,0
JULD.US,D,20231124,000000,25.1701,25.1701,25.1701,25.1701,3,0
JULD.US,D,20231127,000000,25.195,25.195,25.195,25.195,21,0
JULD.US,D,20231128,000000,25.18,25.1984,25.17,25.1984,4223,0
JULD.US,D,20231129,000000,25.195,25.195,25.195,25.195,11,0
JULD.US,D,20231130,000000,25.1955,25.1955,25.1955,25.1955,6,0
JULD.US,D,20231201,000000,25.23,25.2676,25.23,25.2676,194,0
JULD.US,D,20231204,000000,25.18,25.25,25.18,25.25,326,0
JULD.US,D,20231205,000000,25.244,25.244,25.21,25.2321,664,0
JULD.US,D,20231206,000000,25.2,25.2,25.19,25.2,1259,0
JULD.US,D,20231207,000000,25.28,25.28,25.28,25.28,2,0
JULD.US,D,20231208,000000,25.33,25.33,25.33,25.33,2,0
JULD.US,D,20231211,000000,25.3382,25.3382,25.3382,25.3382,2,0
JULD.US,D,20231212,000000,25.33,25.38,25.33,25.38,307,0
JULD.US,D,20231213,000000,25.34,25.433,25.34,25.433,4400,0
JULD.US,D,20231214,000000,25.46,25.46,25.36,25.4311,7003,0
JULD.US,D,20231215,000000,25.4,25.413,25.38,25.413,500,0
JULD.US,D,20231218,000000,25.43,25.43,25.4248,25.4248,298,0
JULD.US,D,20231219,000000,25.455,25.455,25.455,25.455,74,0
JULD.US,D,20231220,000000,25.44,25.44,25.33,25.3704,11080,0
JULD.US,D,20231221,000000,25.4,25.435,25.4,25.435,300,0
JULD.US,D,20231222,000000,25.392,25.392,25.392,25.392,103,0
JULD.US,D,20231226,000000,25.465,25.465,25.465,25.465,19,0
JULD.US,D,20231227,000000,25.4868,25.4868,25.4868,25.4868,2,0
JULD.US,D,20231228,000000,24.96,24.9702,24.96,24.9702,200,0
JULD.US,D,20231229,000000,24.9741,24.9741,24.9741,24.9741,2,0
JULD.US,D,20240102,000000,24.97,24.99,24.9587,24.9587,508,0
JULD.US,D,20240103,000000,24.9396,24.9399,24.9396,24.9399,138,0
JULD.US,D,20240104,000000,24.97,24.97,24.91,24.9234,2348,0
JULD.US,D,20240105,000000,24.91,24.9529,24.91,24.9529,247,0
JULD.US,D,20240108,000000,24.99,25.05,24.98,25.04,8059,0
JULD.US,D,20240109,000000,25.0393,25.0393,25.0393,25.0393,1,0
JULD.US,D,20240110,000000,25.05,25.07,25.04,25.07,2827,0
JULD.US,D,20240111,000000,25.0733,25.0733,25.0733,25.0733,38,0
JULD.US,D,20240112,000000,25.0947,25.0947,25.0947,25.0947,38,0
JULD.US,D,20240116,000000,25.06,25.07,25.06,25.07,810,0
JULD.US,D,20240117,000000,25.0405,25.0405,25.0405,25.0405,450,0
JULD.US,D,20240118,000000,25.02,25.09,25.02,25.09,1030,0
JULD.US,D,20240119,000000,25.13,25.13,25.13,25.13,38,0
JULD.US,D,20240122,000000,25.1491,25.1491,25.1491,25.1491,38,0
JULD.US,D,20240123,000000,25.13,25.17,25.13,25.17,1481,0
JULD.US,D,20240124,000000,25.17,25.17,25.17,25.17,62,0
JULD.US,D,20240125,000000,25.15,25.18,25.15,25.18,4251,0
JULD.US,D,20240126,000000,25.1799,25.1799,25.1799,25.1799,172,0
JULD.US,D,20240129,000000,25.1701,25.21,25.17,25.21,1500,0
JULD.US,D,20240130,000000,25.205,25.205,25.205,25.205,38,0
JULD.US,D,20240131,000000,25.18,25.194,25.17,25.1787,5201,0
JULD.US,D,20240201,000000,25.2,25.2,25.2,25.2,38,0
JULD.US,D,20240202,000000,25.23,25.23,25.23,25.23,38,0
JULD.US,D,20240205,000000,25.2393,25.2393,25.2393,25.2393,75,0
JULD.US,D,20240206,000000,25.2404,25.2404,25.2404,25.2404,38,0
JULD.US,D,20240207,000000,25.27,25.27,25.27,25.27,80,0
JULD.US,D,20240208,000000,25.265,25.265,25.265,25.265,130,0
JULD.US,D,20240209,000000,25.285,25.285,25.285,25.285,111,0
JULD.US,D,20240212,000000,25.26,25.27,25.257,25.27,276,0
JULD.US,D,20240213,000000,25.234,25.234,25.234,25.234,50,0
JULD.US,D,20240214,000000,25.2709,25.2709,25.2709,25.2709,3,0
JULD.US,D,20240215,000000,25.25,25.28,25.25,25.28,1239,0
JULD.US,D,20240216,000000,25.2899,25.2899,25.2899,25.2899,50,0
JULD.US,D,20240220,000000,25.28,25.28,25.28,25.28,50,0
JULD.US,D,20240221,000000,25.2913,25.2913,25.2913,25.2913,52,0
JULD.US,D,20240222,000000,25.325,25.325,25.325,25.325,50,0
JULD.US,D,20240223,000000,25.34,25.34,25.32,25.3398,1537,0
JULD.US,D,20240226,000000,25.3491,25.3491,25.3491,25.3491,40,0
JULD.US,D,20240227,000000,25.34,25.36,25.34,25.36,211,0
JULD.US,D,20240228,000000,25.3566,25.3566,25.3566,25.3566,145,0
JULD.US,D,20240229,000000,25.3501,25.375,25.35,25.375,442,0
JULD.US,D,20240301,000000,25.3898,25.3898,25.3898,25.3898,48,0
JULD.US,D,20240304,000000,25.4,25.4,25.39,25.39,1000,0
JULD.US,D,20240305,000000,25.3739,25.3739,25.3739,25.3739,2,0
JULD.US,D,20240306,000000,25.39,25.39,25.3896,25.3896,3106,0
JULD.US,D,20240307,000000,25.4,25.4,25.4,25.4,2,0
JULD.US,D,20240308,000000,25.39,25.39,25.39,25.39,2,0
JULD.US,D,20240311,000000,25.37,25.395,25.36,25.395,18200,0
JULD.US,D,20240312,000000,25.4151,25.42,25.4,25.42,4549,0
JULD.US,D,20240313,000000,25.41,25.42,25.41,25.42,2856,0
JULD.US,D,20240314,000000,25.4101,25.43,25.4101,25.43,684,0
JULD.US,D,20240315,000000,25.42,25.42,25.42,25.42,2,0
JULD.US,D,20240318,000000,25.435,25.435,25.435,25.435,2,0
JULD.US,D,20240319,000000,25.45,25.45,25.45,25.45,2,0
JULD.US,D,20240320,000000,25.465,25.465,25.465,25.465,2,0
JULD.US,D,20240321,000000,25.475,25.475,25.475,25.475,2,0
JULD.US,D,20240322,000000,25.48,25.48,25.48,25.48,2,0
JULD.US,D,20240325,000000,25.485,25.485,25.485,25.485,2,0
JULD.US,D,20240326,000000,25.47,25.4862,25.47,25.4862,20180,0
JULD.US,D,20240327,000000,24.975,24.975,24.975,24.975,2,0
JULD.US,D,20240328,000000,24.97,24.99,24.97,24.99,405,0
JULD.US,D,20240401,000000,25.005,25.005,24.99,24.99,670,0
JULD.US,D,20240402,000000,24.99,24.99,24.985,24.985,167,0
JULD.US,D,20240403,000000,24.99,24.99,24.99,24.99,5,0
JULD.US,D,20240404,000000,25.005,25.02,24.98,24.98,302,0
JULD.US,D,20240405,000000,24.99,24.99,24.99,24.99,79,0
JULD.US,D,20240408,000000,24.995,24.995,24.995,24.995,5,0
JULD.US,D,20240409,000000,25,25.0102,25,25.0102,102,0
JULD.US,D,20240410,000000,25.01,25.01,25.01,25.01,57,0
JULD.US,D,20240411,000000,25.02,25.02,25.02,25.02,5,0
JULD.US,D,20240412,000000,25,25,25,25,5,0
JULD.US,D,20240415,000000,24.99,24.99,24.99,24.99,5,0
JULD.US,D,20240416,000000,25.0083,25.0083,25.0083,25.0083,2,0
JULD.US,D,20240417,000000,25,25,25,25,5,0
JULD.US,D,20240418,000000,25,25.01,25,25.01,3088,0
JULD.US,D,20240419,000000,24.99,24.99,24.99,24.99,1000,0
JULD.US,D,20240422,000000,25.05,25.05,25.05,25.05,5,0
JULD.US,D,20240423,000000,25.04,25.065,25.04,25.065,1586,0
JULD.US,D,20240424,000000,25.05,25.0737,25.05,25.0737,922,0
JULD.US,D,20240425,000000,25.08,25.09,25.07,25.07,700,0
JULD.US,D,20240426,000000,25.09,25.09,25.09,25.09,5,0
JULD.US,D,20240429,000000,25.0946,25.0946,25.0946,25.0946,2,0
JULD.US,D,20240430,000000,25.08,25.08,25.08,25.08,4,0
JULD.US,D,20240501,000000,25.1,25.1,25.1,25.1,39,0
JULD.US,D,20240502,000000,25.11,25.11,25.11,25.11,115,0
JULD.US,D,20240503,000000,25.12,25.12,25.12,25.12,3,0
JULD.US,D,20240506,000000,25.13,25.13,25.13,25.13,40,0
JULD.US,D,20240507,000000,25.1251,25.135,25.1251,25.135,435,0
JULD.US,D,20240508,000000,25.12,25.14,25.12,25.14,207,0
JULD.US,D,20240509,000000,25.14,25.14,25.14,25.14,1,0
JULD.US,D,20240510,000000,25.17,25.17,25.1543,25.1543,1120,0
JULD.US,D,20240513,000000,25.16,25.17,25.145,25.145,439,0
JULD.US,D,20240514,000000,25.14,25.155,25.14,25.155,612,0
JULD.US,D,20240515,000000,25.165,25.165,25.165,25.165,1,0
JULD.US,D,20240516,000000,25.165,25.165,25.165,25.165,1,0
JULD.US,D,20240517,000000,25.175,25.175,25.175,25.175,1,0
JULD.US,D,20240520,000000,25.18,25.18,25.18,25.18,1,0
JULD.US,D,20240521,000000,25.1846,25.195,25.1846,25.195,119,0
JULD.US,D,20240522,000000,25.18,25.195,25.18,25.195,1086,0
JULD.US,D,20240523,000000,25.19,25.205,25.19,25.2,1272,0
JULD.US,D,20240524,000000,25.21,25.21,25.21,25.21,1,0
JULD.US,D,20240528,000000,25.195,25.195,25.195,25.195,70,0
JULD.US,D,20240529,000000,25.19,25.195,25.19,25.195,1290,0
JULD.US,D,20240530,000000,25.2,25.215,25.2,25.215,601,0
JULD.US,D,20240531,000000,25.23,25.23,25.23,25.23,1,0
JULD.US,D,20240603,000000,25.23,25.23,25.23,25.23,42,0
JULD.US,D,20240604,000000,25.24,25.24,25.24,25.24,42,0
JULD.US,D,20240605,000000,25.22,25.245,25.22,25.245,1069,0
JULD.US,D,20240606,000000,25.245,25.245,25.245,25.245,42,0
JULD.US,D,20240607,000000,25.255,25.255,25.255,25.255,42,0
JULD.US,D,20240610,000000,25.26,25.26,25.26,25.26,42,0
JULD.US,D,20240611,000000,25.265,25.265,25.265,25.265,41,0
JULD.US,D,20240612,000000,25.27,25.27,25.27,25.27,2,0
JULD.US,D,20240613,000000,25.27,25.27,25.27,25.27,1,0
JULD.US,D,20240614,000000,25.28,25.28,25.28,25.28,163,0
JULD.US,D,20240617,000000,25.285,25.285,25.285,25.285,1,0
JULD.US,D,20240618,000000,25.29,25.29,25.29,25.29,42,0
JULD.US,D,20240620,000000,25.2844,25.295,25.2844,25.295,320,0
JULD.US,D,20240621,000000,25.3132,25.33,25.305,25.305,1620,0
