<TICKER>,<PER>,<DATE>,<TIME>,<OPEN>,<HIGH>,<LOW>,<CLOSE>,<VOL>,<OPENINT>
KBND.US,D,20210607,000000,35.0243,35.0641,35.0243,35.0641,3030.2102417816,0
KBND.US,D,20210608,000000,32.6688,34.7872,32.6688,34.7872,1563.2993195672,0
KBND.US,D,20210609,000000,34.6488,34.7972,34.6488,34.7972,117.47335927384,0
KBND.US,D,20210610,000000,34.866,34.869,34.866,34.869,461.86107064928,0
KBND.US,D,20210611,000000,34.8261,34.8261,34.8261,34.8261,2.0080916115186,0
KBND.US,D,20210614,000000,34.6389,34.7504,34.6389,34.7504,219.88603146129,0
KBND.US,D,20210615,000000,34.5492,34.7624,32.8262,34.7624,1762.1003891076,0
KBND.US,D,20210616,000000,34.5891,34.5891,34.5891,34.5891,77.311527043466,0
KBND.US,D,20210617,000000,34.4795,34.4795,34.4795,34.4795,73.295343820429,0
KBND.US,D,20210618,000000,34.5443,34.5443,34.4625,34.4625,112.45313024504,0
KBND.US,D,20210621,000000,34.4207,34.4207,34.4207,34.4207,62.250839957076,0
KBND.US,D,20210622,000000,34.4377,34.4377,34.4377,34.4377,3.0121374172779,0
KBND.US,D,20210623,000000,34.3839,34.3839,34.3839,34.3839,74.299389626188,0
KBND.US,D,20210624,000000,34.4795,34.4795,34.4407,34.4407,17292.680912593,0
KBND.US,D,20210625,000000,34.5891,34.5891,34.4845,34.4845,173.69992439636,0
KBND.US,D,20210628,000000,34.4507,34.4945,34.4507,34.4945,144.58259602934,0
KBND.US,D,20210629,000000,34.4367,34.4367,34.4367,34.4367,28.11328256126,0
KBND.US,D,20210630,000000,34.3431,34.4207,34.3431,34.4207,201.81320695762,0
KBND.US,D,20210701,000000,34.4895,34.4895,34.4407,34.4407,191.77274890003,0
KBND.US,D,20210702,000000,34.3959,34.4029,34.3959,34.4029,203.82129856914,0
KBND.US,D,20210706,000000,34.3411,34.3411,34.3411,34.3411,16.064732892149,0
KBND.US,D,20210707,000000,34.3669,34.3669,34.3669,34.3669,75.303435431947,0
KBND.US,D,20210708,000000,34.3261,34.3261,34.3261,34.3261,109.44099282776,0
KBND.US,D,20210709,000000,34.3859,34.3859,34.3859,34.3859,50.202290287965,0
KBND.US,D,20210712,000000,34.4009,34.4009,34.4009,34.4009,230.93053532464,0
KBND.US,D,20210713,000000,34.5293,34.5293,34.5293,34.5293,66.267023180114,0
KBND.US,D,20210714,000000,34.6209,34.6687,34.5592,34.6687,607.44771248437,0
KBND.US,D,20210715,000000,34.7275,34.7664,34.6488,34.6886,1531.1698537829,0
KBND.US,D,20210716,000000,34.6468,34.6488,34.5911,34.594,465.87725387231,0
KBND.US,D,20210719,000000,34.4795,34.4795,34.4795,34.4795,6.0242748345558,0
KBND.US,D,20210720,000000,34.4507,34.5492,34.4507,34.5423,29281.991879164,0
KBND.US,D,20210721,000000,34.6886,34.6886,34.6886,34.6886,88.356030906818,0
KBND.US,D,20210722,000000,34.6488,34.6488,34.6488,34.6488,28.11328256126,0
KBND.US,D,20210723,000000,34.6787,34.6787,34.6787,34.6787,26.105190949742,0
KBND.US,D,20210726,000000,34.5592,34.6239,34.5193,34.6239,1864.513061295,0
KBND.US,D,20210727,000000,34.4107,34.4407,34.3809,34.4407,2507.102376981,0
KBND.US,D,20210728,000000,34.5223,34.5223,34.5223,34.5223,21.084961920945,0
KBND.US,D,20210729,000000,34.6189,34.6189,34.6189,34.6189,1.0040458057593,0
KBND.US,D,20210730,000000,34.6339,34.6339,34.6339,34.6339,38.153740618853,0
KBND.US,D,20210802,000000,34.5641,34.5641,34.5641,34.5641,120.48549669112,0
KBND.US,D,20210803,000000,34.61,34.61,34.5891,34.5891,475.91771192991,0
KBND.US,D,20210804,000000,34.6289,34.6289,34.594,34.594,1283.1705397604,0
KBND.US,D,20210805,000000,34.6199,34.6199,34.5931,34.5931,292.17732947596,0
KBND.US,D,20210806,000000,34.5343,34.5542,34.5343,34.5542,710.86443047758,0
KBND.US,D,20210809,000000,34.5293,34.5293,34.4895,34.4895,228.92244371312,0
KBND.US,D,20210810,000000,34.4795,34.4795,34.4795,34.4795,5.0202290287965,0
KBND.US,D,20210811,000000,34.4995,34.5034,34.4995,34.5034,403.62641391524,0
KBND.US,D,20210812,000000,34.4845,34.4845,34.4845,34.4845,58.234656734039,0
KBND.US,D,20210813,000000,34.4795,34.4845,34.4795,34.4845,201.81320695762,0
KBND.US,D,20210816,000000,34.4745,34.4745,34.4745,34.4745,54.218473511002,0
KBND.US,D,20210817,000000,34.4357,34.4357,34.4357,34.4357,3.0121374172779,0
KBND.US,D,20210818,000000,34.4745,34.4745,34.4745,34.4745,72.291298014669,0
KBND.US,D,20210819,000000,34.4457,34.4457,34.4457,34.4457,169.68374117332,0
KBND.US,D,20210820,000000,34.351,34.4407,34.351,34.4407,4318.4010105707,0
KBND.US,D,20210823,000000,34.4705,34.4845,34.4705,34.4845,562.26565122521,0
KBND.US,D,20210824,000000,34.4407,34.4665,34.4407,34.4605,613.47198731893,0
KBND.US,D,20210825,000000,34.4895,34.5741,34.4705,34.5741,1838.4078703453,0
KBND.US,D,20210826,000000,34.5542,34.5542,34.5542,34.5542,7.0283206403151,0
KBND.US,D,20210827,000000,34.7086,34.7086,34.7086,34.7086,12.048549669112,0
KBND.US,D,20210830,000000,35.0153,35.0601,34.8968,34.8968,1441.8097770704,0
KBND.US,D,20210831,000000,34.7424,34.7424,34.7424,34.7424,196.79297792882,0
KBND.US,D,20210901,000000,34.8072,34.8072,34.8072,34.8072,18.072824503667,0
KBND.US,D,20210902,000000,34.7186,34.7186,34.7186,34.7186,2.0080916115186,0
KBND.US,D,20210903,000000,34.9118,34.9118,34.9118,34.9118,259.0438178859,0
KBND.US,D,20210907,000000,34.9416,34.9416,34.9416,34.9416,107.43290121624,0
KBND.US,D,20210908,000000,34.8769,34.8769,34.7036,34.7036,742.99389626188,0
KBND.US,D,20210909,000000,34.7086,34.7086,34.7086,34.7086,33.133511590057,0
KBND.US,D,20210910,000000,34.852,34.852,34.852,34.852,7.0283206403151,0
KBND.US,D,20210913,000000,34.9416,34.9416,34.9416,34.9416,80.323664460744,0
KBND.US,D,20210914,000000,34.9516,34.9516,34.9516,34.9516,32.129465784297,0
KBND.US,D,20210915,000000,34.9874,34.9874,34.7374,34.8719,1375.5427538902,0
KBND.US,D,20210916,000000,34.7126,34.7126,34.7036,34.7036,296.19351269899,0
KBND.US,D,20210917,000000,34.7026,34.7026,34.5044,34.5044,4545.3153626723,0
KBND.US,D,20210920,000000,34.2325,34.4009,34.2325,34.3789,12565.633259078,0
KBND.US,D,20210921,000000,34.3809,34.4965,34.3411,34.4507,3586.4516181722,0
KBND.US,D,20210922,000000,34.5293,34.5293,34.5293,34.5293,1.0040458057593,0
KBND.US,D,20210923,000000,34.4895,34.6389,34.4895,34.599,3229.0113113219,0
KBND.US,D,20210924,000000,34.5193,34.599,34.5093,34.599,2204.8845894474,0
KBND.US,D,20210927,000000,34.5492,34.5492,34.5492,34.5492,6.0242748345558,0
KBND.US,D,20210928,000000,34.5093,34.5093,34.5093,34.5093,21.084961920945,0
KBND.US,D,20210929,000000,34.5074,34.5293,34.4605,34.5113,1977.9702373458,0
KBND.US,D,20210930,000000,34.4995,34.6189,34.4995,34.6189,1758.0842058845,0
KBND.US,D,20211001,000000,34.6159,34.7872,34.599,34.6269,2652.6890188161,0
KBND.US,D,20211004,000000,34.3809,34.7186,34.3809,34.7186,3091.4570359329,0
KBND.US,D,20211005,000000,34.6787,34.7036,34.6787,34.7036,767.0909956001,0
KBND.US,D,20211006,000000,34.6737,34.7036,34.6737,34.7036,303.22183333931,0
KBND.US,D,20211007,000000,34.4995,34.6389,34.4995,34.6389,1146.6203101771,0
KBND.US,D,20211008,000000,34.7036,34.7036,34.7036,34.7036,1173.7295469326,0
KBND.US,D,20211011,000000,34.5691,34.7136,34.5691,34.7136,254.0235888571,0
KBND.US,D,20211012,000000,34.5393,34.6787,34.5393,34.6787,285.14900883564,0
KBND.US,D,20211013,000000,34.6687,34.6687,34.6687,34.6687,9.0364122518337,0
KBND.US,D,20211014,000000,34.7374,34.7374,34.7374,34.7374,2.0080916115186,0
KBND.US,D,20211015,000000,34.7136,34.7136,34.7136,34.7136,5.0202290287965,0
KBND.US,D,20211018,000000,34.7325,34.7325,34.7325,34.7325,73.295343820429,0
KBND.US,D,20211019,000000,34.867,34.867,34.867,34.867,232.93862693616,0
KBND.US,D,20211020,000000,34.7674,34.7674,34.7674,34.7674,254.0235888571,0
KBND.US,D,20211021,000000,34.8719,34.8719,34.8719,34.8719,42.16992384189,0
KBND.US,D,20211022,000000,34.8868,34.8868,34.8868,34.8868,37.149694813094,0
KBND.US,D,20211025,000000,35.0253,35.0253,35.0253,35.0253,118.4774050796,0
KBND.US,D,20211026,000000,35.0552,35.0552,35.0552,35.0552,257.03572627438,0
KBND.US,D,20211027,000000,34.9665,34.9665,34.9665,34.9665,36.145649007335,0
KBND.US,D,20211028,000000,34.6438,34.6438,34.6438,34.6438,259.0438178859,0
KBND.US,D,20211029,000000,34.9855,34.9855,34.9855,34.9855,113.4571760508,0
KBND.US,D,20211101,000000,34.8868,34.8868,34.8868,34.8868,21.084961920945,0
KBND.US,D,20211102,000000,34.361,34.6737,34.361,34.6737,196.79297792882,0
KBND.US,D,20211103,000000,34.6638,34.6638,34.6638,34.6638,1.0040458057593,0
KBND.US,D,20211104,000000,34.9366,34.9366,34.9366,34.9366,31.125419978538,0
KBND.US,D,20211105,000000,35.581,35.6707,35.338,35.338,715.88465950638,0
KBND.US,D,20211108,000000,35.3331,35.3331,34.9217,34.9217,1281.1624481489,0
KBND.US,D,20211109,000000,34.7186,34.7186,34.7186,34.7186,127.51381733143,0
KBND.US,D,20211110,000000,35.0153,35.0153,35.0153,35.0153,3.0121374172779,0
KBND.US,D,20211111,000000,35.0253,35.0253,35.0253,35.0253,1.0040458057593,0
KBND.US,D,20211112,000000,35.0552,35.0552,35.0552,35.0552,28.11328256126,0
KBND.US,D,20211115,000000,35.2733,35.2833,35.1249,35.1249,908.66145421216,0
KBND.US,D,20211116,000000,35.1249,35.1249,35.1249,35.1249,20.080916115186,0
KBND.US,D,20211117,000000,34.857,34.9267,34.5891,34.9267,34307.24113699,0
KBND.US,D,20211118,000000,34.7773,34.8122,34.3909,34.8122,2078.3748179217,0
KBND.US,D,20211119,000000,34.9366,35.0701,34.9267,35.0701,550.21710155609,0
KBND.US,D,20211122,000000,35.0751,35.0751,35.0751,35.0751,226.9143521016,0
KBND.US,D,20211123,000000,35.1049,35.1049,35.1049,35.1049,5.0202290287965,0
KBND.US,D,20211124,000000,34.7186,34.7186,34.7186,34.7186,2.0080916115186,0
KBND.US,D,20211126,000000,35.1359,35.1359,35.1359,35.1359,8.0323664460744,0
KBND.US,D,20211129,000000,35.0761,35.0761,35.0761,35.0761,182.73633664819,0
KBND.US,D,20211130,000000,34.9865,35.1657,34.9865,35.1657,347.39984879272,0
KBND.US,D,20211201,000000,35.1857,35.1857,35.1857,35.1857,15.060687086389,0
KBND.US,D,20211202,000000,35.0761,35.2245,35.0661,35.2245,1146.6203101771,0
KBND.US,D,20211203,000000,35.0313,35.1059,35.0313,35.1059,278.12068819533,0
KBND.US,D,20211206,000000,35.1857,35.1857,35.1857,35.1857,12.048549669112,0
KBND.US,D,20211207,000000,35.2145,35.2145,35.2145,35.2145,3.0121374172779,0
KBND.US,D,20211208,000000,35.2395,35.2395,35.2395,35.2395,1.0040458057593,0
KBND.US,D,20211209,000000,35.0861,35.0861,35.0861,35.0861,4.0161832230372,0
KBND.US,D,20211210,000000,35.0661,35.0661,35.0661,35.0661,29.11732836702,0
KBND.US,D,20211213,000000,35.2145,35.2145,35.2145,35.2145,2.0080916115186,0
KBND.US,D,20211214,000000,35.0462,35.096,35.0462,35.0811,2341.4348190307,0
KBND.US,D,20211215,000000,35.3639,35.3639,35.2245,35.2245,110.44503863352,0
KBND.US,D,20211216,000000,35.2055,35.2055,35.2055,35.2055,6.0242748345558,0
KBND.US,D,20211217,000000,35.2145,35.2145,35.2145,35.2145,85.34389348954,0
KBND.US,D,20211220,000000,35.2693,35.2693,35.2593,35.2593,103.41671799321,0
KBND.US,D,20211221,000000,35.096,35.1657,35.096,35.1657,201.81320695762,0
KBND.US,D,20211222,000000,35.0911,35.1359,34.9695,34.9695,2159.7025281882,0
KBND.US,D,20211223,000000,35.0861,35.0861,35.0861,35.0861,1204.8549669112,0
KBND.US,D,20211227,000000,35.1059,35.1159,35.1059,35.1159,1212.8873333572,0
KBND.US,D,20211228,000000,35.1309,35.1359,35.1309,35.1359,699.81992661423,0
KBND.US,D,20211229,000000,33.7445,33.7445,33.7445,33.7445,107.43290121624,0
KBND.US,D,20211230,000000,33.7445,33.8132,33.7445,33.8132,343.38366556968,0
KBND.US,D,20211231,000000,34.0622,34.0622,33.8331,33.8331,1030.150996709,0
KBND.US,D,20220103,000000,33.9476,33.9476,33.8381,33.8381,574.31420089432,0
KBND.US,D,20220104,000000,33.7733,33.8451,33.7445,33.8132,521.09977318908,0
KBND.US,D,20220105,000000,33.8231,33.8231,33.8231,33.8231,1.0040458057593,0
KBND.US,D,20220106,000000,34.0274,34.0274,34.0274,34.0274,138.55832119478,0
KBND.US,D,20220107,000000,33.7634,33.7634,33.7634,33.7634,20.080916115186,0
KBND.US,D,20220110,000000,33.7445,33.7634,33.615,33.7305,1298.2312268468,0
KBND.US,D,20220111,000000,34.0522,34.0772,33.8033,33.8033,8017.305758988,0
KBND.US,D,20220112,000000,33.7943,34.0722,33.4676,33.9427,4447.9229195137,0
KBND.US,D,20220113,000000,33.5353,34.1618,33.5353,34.0422,553.22923897337,0
KBND.US,D,20220114,000000,34.9068,35.096,34.4895,34.4895,12816.644710517,0
KBND.US,D,20220118,000000,34.2903,34.2903,33.9088,34.0622,1015.0903096226,0
KBND.US,D,20220119,000000,34.3002,34.3002,33.9626,33.9626,393.58595585764,0
KBND.US,D,20220120,000000,33.6599,33.6599,33.6599,33.6599,89.360076712577,0
KBND.US,D,20220121,000000,34.107,34.107,34.107,34.107,2.0080916115186,0
KBND.US,D,20220124,000000,34.3002,34.5313,33.5552,34.3251,1164.6931346808,0
KBND.US,D,20220125,000000,34.3201,34.867,34.3201,34.4547,3418.7759686104,0
KBND.US,D,20220126,000000,34.1518,34.1518,34.1488,34.1488,219.88603146129,0
KBND.US,D,20220127,000000,33.864,33.864,33.864,33.864,21.084961920945,0
KBND.US,D,20220128,000000,33.7375,33.7375,33.7375,33.7375,71.28725220891,0
KBND.US,D,20220131,000000,33.5552,34.2803,33.5552,34.0402,844.40252264357,0
KBND.US,D,20220201,000000,34.0422,34.2853,34.0392,34.0392,1110.4746611698,0
KBND.US,D,20220202,000000,34.2405,34.2405,33.8929,33.8929,554.23328477913,0
KBND.US,D,20220203,000000,34.2803,34.2903,34.0174,34.0174,2609.5150491684,0
KBND.US,D,20220204,000000,34.0174,34.0174,34.0174,34.0174,1.0040458057593,0
KBND.US,D,20220207,000000,33.5552,34.2315,33.5552,33.7614,586.36275056343,0
KBND.US,D,20220208,000000,33.7495,34.2604,33.7495,33.7565,767.0909956001,0
KBND.US,D,20220209,000000,33.7535,33.7535,33.7535,33.7535,434.75183389378,0
KBND.US,D,20220210,000000,34.2813,34.2903,33.7585,33.7614,1701.857640762,0
KBND.US,D,20220211,000000,34.2514,34.2514,34.2156,34.2156,561.26160541945,0
KBND.US,D,20220214,000000,33.9924,34.1916,33.9148,33.9148,4898.7394862996,0
KBND.US,D,20220215,000000,33.8132,33.9238,33.5801,33.9238,5858.6072766055,0
KBND.US,D,20220216,000000,33.7445,34.0323,33.7445,34.0323,6432.9214774998,0
KBND.US,D,20220217,000000,34.5791,34.5791,33.9646,33.9646,514.07145254876,0
KBND.US,D,20220218,000000,33.8331,34.1867,33.7933,34.0323,12828.693260186,0
KBND.US,D,20220222,000000,33.7285,33.7285,33.7285,33.7285,64.258931568595,0
KBND.US,D,20220223,000000,33.8231,33.9924,33.8033,33.9924,6556.4191116082,0
KBND.US,D,20220224,000000,34.0622,34.0622,33.5044,34.0622,1478.9594718834,0
KBND.US,D,20220225,000000,34.2268,34.2268,34.2268,34.2268,34.137557395816,0
KBND.US,D,20220228,000000,34.1448,34.1448,34.1448,34.1448,43.17396964765,0
KBND.US,D,20220301,000000,34.112,34.122,34.112,34.112,527.12404802363,0
KBND.US,D,20220302,000000,34.112,34.112,33.9427,33.9427,535.15641446971,0
KBND.US,D,20220303,000000,33.4348,34.0199,33.4348,34.0199,421.6992384189,0
KBND.US,D,20220304,000000,34.1449,34.3934,34.1449,34.3934,238.96290177071,0
KBND.US,D,20220307,000000,34.271,34.271,34.271,34.271,143.57855022358,0
KBND.US,D,20220308,000000,34.2514,34.2713,33.9616,33.9616,1122.5232108389,0
KBND.US,D,20220309,000000,34.0224,34.0224,33.863,33.9619,13147.979826418,0
KBND.US,D,20220310,000000,33.9439,33.962,33.8762,33.962,855.44702650692,0
KBND.US,D,20220311,000000,33.9598,33.9598,33.863,33.863,867.49557617603,0
KBND.US,D,20220314,000000,33.614,33.7123,33.614,33.7123,294.18542108747,0
KBND.US,D,20220315,000000,33.664,33.664,33.664,33.664,53.214427705243,0
KBND.US,D,20220316,000000,33.9884,34.3909,33.6692,34.0528,1810.294587784,0
KBND.US,D,20220317,000000,34.351,34.351,33.7833,34.0422,728.93725498125,0
KBND.US,D,20220318,000000,33.9526,33.9924,33.9526,33.9726,2019.1361153819,0
KBND.US,D,20220321,000000,34.1817,34.9685,33.9526,33.9526,6293.3591104993,0
KBND.US,D,20220322,000000,34.1518,34.1618,33.8729,33.8729,3745.0908554822,0
KBND.US,D,20220323,000000,34.0174,34.0174,33.9028,33.9028,1009.0660347881,0
KBND.US,D,20220324,000000,33.9875,33.9875,33.6141,33.9875,666.68641502417,0
KBND.US,D,20220325,000000,34.112,34.112,33.9626,34.0274,390.57381844037,0
KBND.US,D,20220328,000000,34.9884,34.9884,33.7535,33.7535,1413.6964945091,0
KBND.US,D,20220329,000000,34.0024,34.0621,33.7435,33.7435,2493.0457357003,0
KBND.US,D,20220330,000000,34.0622,34.361,33.5742,33.6787,1429.7612274012,0
KBND.US,D,20220331,000000,33.5443,33.6787,33.5443,33.6787,215.86984823825,0
KBND.US,D,20220401,000000,33.5542,33.7465,33.5443,33.6887,3032.2183333931,0
KBND.US,D,20220404,000000,33.7436,33.8132,33.7436,33.7733,706.84824725454,0
KBND.US,D,20220405,000000,33.8132,33.8132,33.6787,33.6787,2793.2554316224,0
KBND.US,D,20220406,000000,33.6062,33.8132,33.6062,33.7692,3300.2985635308,0
KBND.US,D,20220407,000000,33.7883,34.3112,33.7883,33.8531,2697.8710800752,0
KBND.US,D,20220408,000000,34.4905,34.4905,33.7634,33.7733,1861.5009238777,0
KBND.US,D,20220411,000000,34.112,34.4805,33.9626,33.9626,1797.2419923091,0
KBND.US,D,20220412,000000,33.7335,34.7699,33.7335,33.8331,8339.6044626367,0
KBND.US,D,20220413,000000,33.9626,34.9884,33.9626,33.9626,12817.648756323,0
KBND.US,D,20220414,000000,34.092,34.4107,33.5582,34.122,3961.9647495262,0
KBND.US,D,20220418,000000,33.7933,33.7933,33.7136,33.7136,315.27038300842,0
KBND.US,D,20220419,000000,33.6737,33.9825,33.6289,33.6289,297.19755850475,0
KBND.US,D,20220420,000000,33.5443,33.5444,33.385,33.385,3053.303295314,0
KBND.US,D,20220421,000000,33.4348,33.4447,33.0762,33.2703,381.53740618853,0
KBND.US,D,20220422,000000,33.1658,33.2505,33.0363,33.2505,1189.7942798248,0
KBND.US,D,20220425,000000,32.867,32.867,32.7076,32.7176,3942.8878792168,0
KBND.US,D,20220426,000000,32.6778,32.7176,32.6778,32.7176,499.01076546237,0
KBND.US,D,20220427,000000,32.6611,32.6611,32.618,32.643,888.58053809698,0
KBND.US,D,20220428,000000,32.4188,32.5839,32.1798,32.2595,10427.01569281,0
KBND.US,D,20220429,000000,32.2695,32.5882,32.1798,32.384,3368.5736783224,0
KBND.US,D,20220502,000000,32.2296,32.3989,32.1798,32.2147,2284.2042081024,0
KBND.US,D,20220503,000000,32.2893,32.2893,32.2893,32.2893,98.396488964411,0
KBND.US,D,20220504,000000,32.2795,32.3691,32.2795,32.3691,815.28519427655,0
KBND.US,D,20220505,000000,32.2893,32.2893,32.2147,32.2147,223.90221468432,0
KBND.US,D,20220506,000000,32.0503,32.0503,31.5921,32.0454,1212.8873333572,0
KBND.US,D,20220509,000000,32.0802,33.2654,31.4727,31.4727,6321.4723930605,0
KBND.US,D,20220510,000000,32.0503,32.135,32.0503,32.135,382.54145199429,0
KBND.US,D,20220511,000000,32.1549,32.3491,31.881,32.0951,5433.8959007693,0
KBND.US,D,20220512,000000,31.7914,31.7914,31.3731,31.3731,260.04786369166,0
KBND.US,D,20220513,000000,31.7217,31.7964,31.4975,31.4975,4988.0995630122,0
KBND.US,D,20220516,000000,31.393,31.6719,31.3432,31.5823,2703.8953549098,0
KBND.US,D,20220517,000000,31.5523,31.8063,31.5523,31.8063,203.82129856914,0
KBND.US,D,20220518,000000,32.0105,32.0105,31.6619,31.6619,3991.0820778932,0
KBND.US,D,20220519,000000,32.0702,32.0702,32.0702,32.0702,105.42480960473,0
KBND.US,D,20220520,000000,32.4089,32.4089,32.0603,32.3691,1734.9911523521,0
KBND.US,D,20220523,000000,32.3868,32.3889,32.3868,32.3889,391.57786424613,0
KBND.US,D,20220524,000000,31.8262,31.8262,31.8262,31.8262,121.48954249687,0
KBND.US,D,20220525,000000,32.3292,32.5085,31.9806,32.3955,2972.9796308533,0
KBND.US,D,20220526,000000,32.0695,32.0695,31.9747,31.9747,464.8746465424,0
KBND.US,D,20220527,000000,32.7583,32.7583,32.0296,32.4438,2422.5579640938,0
KBND.US,D,20220531,000000,32.5387,32.5387,32.0745,32.0745,287.5409990467,0
KBND.US,D,20220601,000000,32.2991,32.3761,32.2991,32.2991,2152.0490102868,0
KBND.US,D,20220602,000000,32.2592,32.2592,32.2592,32.2592,173.3261074393,0
KBND.US,D,20220603,000000,32.3191,32.3191,32.3191,32.3191,2.0037700282,0
KBND.US,D,20220606,000000,31.9598,32.2193,31.9598,32.1893,3682.9293118316,0
KBND.US,D,20220607,000000,32.3889,32.7782,32.3889,32.5287,615.1573986574,0
KBND.US,D,20220608,000000,32.3191,32.6109,32.2891,32.4888,713.3421300392,0
KBND.US,D,20220609,000000,32.2991,32.315,32.2043,32.2043,352.6635249632,0
KBND.US,D,20220610,000000,32.1394,32.2292,32.1394,32.2292,163.3072572983,0
KBND.US,D,20220613,000000,31.9398,32.3291,31.6903,32.3291,976.8378887475,0
KBND.US,D,20220614,000000,31.8001,32.0845,31.8001,32.0296,3843.2309140876,0
KBND.US,D,20220615,000000,31.7901,31.7901,31.7901,31.7901,96.1809613536,0
KBND.US,D,20220616,000000,32.1893,32.1909,32.1244,32.1244,288.5428840608,0
KBND.US,D,20220617,000000,31.7958,31.7958,31.7958,31.7958,669.2591894188,0
KBND.US,D,20220621,000000,32.543,32.6584,32.543,32.6584,162.3053722842,0
KBND.US,D,20220622,000000,32.349,32.349,32.3291,32.3291,183.3449575803,0
KBND.US,D,20220623,000000,32.0396,32.3191,32.0396,32.3191,733.3798303212,0
KBND.US,D,20220624,000000,32.1095,32.1095,32.0745,32.1095,894.6833175913,0
KBND.US,D,20220627,000000,32.359,32.9678,32.359,32.5037,285.5372290185,0
KBND.US,D,20220628,000000,32.1893,32.4888,32.0097,32.4888,243.4580584263,0
KBND.US,D,20220629,000000,32.4888,32.4888,32.2991,32.2991,940.7700282399,0
KBND.US,D,20220630,000000,32.5087,32.5087,32.5087,32.5087,70.131950987,0
KBND.US,D,20220701,000000,32.1594,32.5387,32.1594,32.5387,208.3920829328,0
KBND.US,D,20220705,000000,32.0995,32.2542,32.0995,32.2542,258.4863336378,0
KBND.US,D,20220706,000000,32.3141,32.3141,32.3141,32.3141,8.0150801128,0
KBND.US,D,20220707,000000,32.1594,32.1893,32.1594,32.1893,294.5541941454,0
KBND.US,D,20220708,000000,32.2392,32.374,32.2392,32.374,118.2224316638,0
KBND.US,D,20220711,000000,32.369,32.369,32.344,32.344,379.7144203439,0
KBND.US,D,20220712,000000,32.0596,32.0596,31.8899,31.9398,779.4665409698,0
KBND.US,D,20220713,000000,32.908,32.908,32.2492,32.2492,489.9217718949,0
KBND.US,D,20220714,000000,31.9797,32.0745,31.9797,32.0745,117.2205466497,0
KBND.US,D,20220715,000000,31.9598,32.6584,30.9636,31.9697,8089.2196038434,0
KBND.US,D,20220718,000000,31.9897,32.4888,31.5705,31.7152,3754.0631478327,0
KBND.US,D,20220719,000000,32.1195,32.1195,32.1195,32.1195,854.6079170273,0
KBND.US,D,20220720,000000,32.0795,32.0795,31.5805,31.5805,1904.5834118041,0
KBND.US,D,20220721,000000,32.0596,33.0477,31.9997,31.9997,1260.3713477378,0
KBND.US,D,20220722,000000,32.2592,32.2592,32.2592,32.2592,101.1903864241,0
KBND.US,D,20220725,000000,32.4838,32.4838,32.0795,32.3091,1201.2601319059,0
KBND.US,D,20220726,000000,32.0995,32.6884,31.5106,31.6254,4912.2422241323,0
KBND.US,D,20220727,000000,31.9997,32.5037,31.6304,32.5037,2539.7785107435,0
KBND.US,D,20220728,000000,32.369,32.7882,31.1912,31.8749,5327.0226199697,0
KBND.US,D,20220729,000000,32.0496,32.4239,31.9498,32.4239,513.9670122333,0
KBND.US,D,20220801,000000,31.9598,31.9598,31.8001,31.8001,498.9387370218,0
KBND.US,D,20220802,000000,32.0097,32.0097,31.4707,31.835,728.3704052507,0
KBND.US,D,20220803,000000,32.0596,32.8481,31.6404,32.2592,11427.500470825,0
KBND.US,D,20220804,000000,32.5387,33.0377,31.83,32.1434,14129.584353852,0
KBND.US,D,20220805,000000,32.1993,32.7881,32.0795,32.4339,2711.1008481546,0
KBND.US,D,20220808,000000,32.1195,32.1195,31.8999,32.0196,327.6163996107,0
KBND.US,D,20220809,000000,32.0995,32.7283,32.0646,32.0646,1657.1178133214,0
KBND.US,D,20220810,000000,32.2891,32.4239,32.1095,32.4239,3275.1621110929,0
KBND.US,D,20220811,000000,32.0546,32.0546,32.0546,32.0546,10.018850141,0
KBND.US,D,20220812,000000,32.1893,32.1893,31.6903,31.8799,327.6163996107,0
KBND.US,D,20220815,000000,32.1294,32.1294,31.9897,31.9897,155.2921771855,0
KBND.US,D,20220816,000000,32.0596,32.369,32.0596,32.369,202.3807728482,0
KBND.US,D,20220817,000000,32.5254,32.5254,31.9398,31.9897,4026.5758716679,0
KBND.US,D,20220818,000000,31.9912,32.5387,31.8849,32.1344,6678.5655039906,0
KBND.US,D,20220819,000000,32.0496,32.2193,31.8649,31.9398,5563.4674832973,0
KBND.US,D,20220822,000000,31.8699,32.6385,31.4407,31.7202,20477.52780319,0
KBND.US,D,20220823,000000,32.1394,32.1394,31.3709,31.6903,13477.357209673,0
KBND.US,D,20220824,000000,31.8799,31.8799,31.6903,31.6903,879.6550423798,0
KBND.US,D,20220825,000000,31.7901,31.7901,31.6503,31.6503,262.4938736942,0
KBND.US,D,20220826,000000,31.83,31.83,31.83,31.83,108.2035815228,0
KBND.US,D,20220829,000000,31.68,31.82,31.68,31.82,290,0
KBND.US,D,20220830,000000,31.73,31.87,31.73,31.73,540,0
KBND.US,D,20220831,000000,31.84,31.84,31.84,31.84,46,0
KBND.US,D,20220901,000000,32.2225,32.5,31.4,31.585,11575,0
KBND.US,D,20220902,000000,31.6,32.07,31.6,31.6709,3750,0
KBND.US,D,20220906,000000,31.61,32.18,31.56,31.915,5383,0
KBND.US,D,20220907,000000,31.51,31.61,31.51,31.61,918,0
KBND.US,D,20220908,000000,31.81,32.03,31.625,31.625,569,0
KBND.US,D,20220909,000000,31.64,32.02,31.49,31.55,12179,0
KBND.US,D,20220912,000000,31.97,32.12,31.97,32.12,671,0
KBND.US,D,20220913,000000,31.55,31.55,31.465,31.465,386,0
KBND.US,D,20220914,000000,31.37,31.37,30.51,31.05,1934,0
KBND.US,D,20220915,000000,31.36,31.36,30.395,31.22,2321,0
KBND.US,D,20220916,000000,31.15,31.15,30.41,31.15,6194,0
KBND.US,D,20220919,000000,31.2,31.2,30.46,31.12,5752,0
KBND.US,D,20220920,000000,31.26,31.9,30.26,31.36,25037,0
KBND.US,D,20220921,000000,31.08,31.1,30.55,30.95,14784,0
KBND.US,D,20220922,000000,31.02,31.19,30.9,30.99,6833,0
KBND.US,D,20220923,000000,30.83,30.83,29.22,30.502,11027,0
KBND.US,D,20220926,000000,30.59,30.6,30.16,30.41,8266,0
KBND.US,D,20220927,000000,30.55,30.645,30.44,30.645,991,0
KBND.US,D,20220928,000000,30.34,30.545,30.1,30.545,1536,0
KBND.US,D,20220929,000000,30.6,30.6,30.6,30.6,40,0
KBND.US,D,20220930,000000,30.62,30.62,30.3,30.495,1599,0
KBND.US,D,20221003,000000,30.5,30.5,30.37,30.37,730,0
KBND.US,D,20221004,000000,30.08,30.98,30.08,30.98,716,0
KBND.US,D,20221005,000000,30.93,30.93,30.16,30.4987,295,0
KBND.US,D,20221006,000000,30.52,30.52,30.52,30.52,190,0
KBND.US,D,20221007,000000,30.86,30.86,27.77,30.135,5541,0
KBND.US,D,20221010,000000,30.61,30.61,30.39,30.39,386,0
KBND.US,D,20221011,000000,30.56,30.56,30.3,30.3346,737,0
KBND.US,D,20221012,000000,30.51,30.585,29.65,30.585,288,0
KBND.US,D,20221013,000000,30.31,30.65,30.31,30.425,3362,0
KBND.US,D,20221014,000000,30.2,30.43,30.18,30.43,14441,0
KBND.US,D,20221017,000000,30.375,30.375,30.375,30.375,143,0
KBND.US,D,20221018,000000,30.745,30.745,30.745,30.745,33,0
KBND.US,D,20221019,000000,30.32,30.435,30.32,30.435,157,0
KBND.US,D,20221020,000000,30.16,30.475,30.12,30.475,1972,0
KBND.US,D,20221021,000000,30.355,30.355,30.355,30.355,85,0
KBND.US,D,20221024,000000,30.29,30.86,30.29,30.3,642,0
KBND.US,D,20221025,000000,30.275,30.3301,30.25,30.275,739,0
KBND.US,D,20221026,000000,30.47,30.4826,30.47,30.48,661,0
KBND.US,D,20221027,000000,30.43,30.43,30.265,30.265,131,0
KBND.US,D,20221028,000000,30.23,30.23,30.17,30.17,285,0
KBND.US,D,20221031,000000,30.1,30.13,30.1,30.13,268,0
KBND.US,D,20221101,000000,30.35,31,30.13,30.32,2746,0
KBND.US,D,20221102,000000,30.17,30.96,30.17,30.285,2395,0
KBND.US,D,20221103,000000,29.96,29.96,29.74,29.915,1029,0
KBND.US,D,20221104,000000,30.44,31.21,30.23,30.6346,2432,0
KBND.US,D,20221107,000000,30.43,30.54,30.04,30.16,1691,0
KBND.US,D,20221108,000000,30.32,30.435,30.11,30.435,2637,0
KBND.US,D,20221109,000000,30.33,30.33,30.095,30.095,233,0
KBND.US,D,20221110,000000,30.38,30.625,28.52,30.29,4019,0
KBND.US,D,20221111,000000,30.93,30.93,30.67,30.714,449,0
KBND.US,D,20221114,000000,31,31.17,31,31.17,684,0
KBND.US,D,20221115,000000,30.93,31.64,30.5,31.025,10336,0
KBND.US,D,20221116,000000,30.77,31.015,30.34,31.015,1875,0
KBND.US,D,20221117,000000,30.46,30.785,30.46,30.785,160,0
KBND.US,D,20221118,000000,30.71,30.71,30.375,30.375,412,0
KBND.US,D,20221121,000000,30.49,30.605,30.27,30.605,818,0
KBND.US,D,20221122,000000,30.93,30.93,30.93,30.93,19,0
KBND.US,D,20221123,000000,30.51,30.795,30.51,30.795,118,0
KBND.US,D,20221125,000000,30.65,30.65,30.5,30.5,916,0
KBND.US,D,20221128,000000,30.22,30.39,30.21,30.21,259,0
KBND.US,D,20221129,000000,30.06,30.33,30,30.33,4429,0
KBND.US,D,20221130,000000,30.665,30.665,30.665,30.665,59,0
KBND.US,D,20221201,000000,30.7777,30.995,30.7777,30.995,386,0
KBND.US,D,20221202,000000,30.83,31,30.83,31,608,0
KBND.US,D,20221205,000000,31.9,32.11,31.1352,31.1352,1362,0
KBND.US,D,20221206,000000,32.55,32.68,31.19,31.19,1760,0
KBND.US,D,20221207,000000,31.33,31.33,31.195,31.195,169,0
KBND.US,D,20221208,000000,31.2,31.4,31.2,31.4,271,0
KBND.US,D,20221209,000000,30.5,31.0475,30.5,31.02,1187,0
KBND.US,D,20221212,000000,31.01,31.7,30.7281,30.915,2254,0
KBND.US,D,20221213,000000,31.14,31.38,31.13,31.38,860,0
KBND.US,D,20221214,000000,31.66,31.66,31.2633,31.29,738,0
KBND.US,D,20221215,000000,31.09,31.09,31.09,31.09,6,0
KBND.US,D,20221216,000000,31,31,31,31,68,0
KBND.US,D,20221219,000000,31.04,31.04,31.04,31.04,75,0
KBND.US,D,20221220,000000,31,31,31,31,33,0
KBND.US,D,20221221,000000,31,31,30.501,31,617,0
KBND.US,D,20221222,000000,30.61,31,30.61,31,214,0
KBND.US,D,20221223,000000,31,31,31,31,477,0
KBND.US,D,20221227,000000,31.17,31.17,31,31,145,0
KBND.US,D,20221228,000000,30.9952,31.179,30.44,30.7413,3930,0
KBND.US,D,20221229,000000,31.15,31.46,31.1295,31.215,1208,0
KBND.US,D,20221230,000000,30.965,30.965,30.965,30.965,81,0
KBND.US,D,20230103,000000,30.965,30.965,30.965,30.965,69,0
KBND.US,D,20230104,000000,31.5,31.5,31.315,31.315,642,0
KBND.US,D,20230105,000000,31.52,31.83,31.52,31.83,201,0
KBND.US,D,20230106,000000,31.83,31.83,31,31.345,1718,0
KBND.US,D,20230109,000000,32.715,32.715,30.79,32.06,970,0
KBND.US,D,20230110,000000,31.33,31.33,31.33,31.33,111,0
KBND.US,D,20230111,000000,31.603,31.603,31.5211,31.5211,47160,0
KBND.US,D,20230112,000000,32.23,32.23,31.96,32.23,1668,0
KBND.US,D,20230113,000000,32.2,32.4159,32.2,32.4159,2615,0
KBND.US,D,20230117,000000,32.09,32.285,31.95,32.285,966,0
KBND.US,D,20230118,000000,32.1,32.69,32.1,32.69,452,0
KBND.US,D,20230119,000000,32.14,32.14,32.14,32.14,168,0
KBND.US,D,20230120,000000,32.04,32.725,32,32.725,783,0
KBND.US,D,20230123,000000,32.09,32.675,31.785,32.675,2152,0
KBND.US,D,20230125,000000,32.5,32.5,32.5,32.5,289,0
KBND.US,D,20230127,000000,32.11,32.59,32.11,32.59,216,0
KBND.US,D,20230130,000000,32.13,32.7299,32.13,32.29,391,0
KBND.US,D,20230131,000000,31.95,32.0891,31.94,32.0891,1848,0
KBND.US,D,20230201,000000,31.9,31.975,31.87,31.975,713,0
KBND.US,D,20230202,000000,32.36,32.36,32.36,32.36,23,0
KBND.US,D,20230203,000000,31.99,32,30.32,31.805,1590,0
KBND.US,D,20230206,000000,31.62,32.045,31.615,32.045,1090,0
KBND.US,D,20230207,000000,32.1574,32.27,32.1574,32.27,149,0
KBND.US,D,20230208,000000,32.335,32.335,32.335,32.335,19,0
KBND.US,D,20230209,000000,31.975,31.975,31.975,31.975,52,0
KBND.US,D,20230210,000000,31.255,31.664,31.255,31.615,214,0
KBND.US,D,20230213,000000,31.705,31.705,31.705,31.705,121,0
KBND.US,D,20230214,000000,31.255,31.765,31.255,31.765,1,0
KBND.US,D,20230215,000000,31.56,31.6003,31.56,31.6003,203,0
KBND.US,D,20230216,000000,31.51,31.62,31.51,31.62,124,0
KBND.US,D,20230217,000000,31.565,31.565,31.565,31.565,300,0
KBND.US,D,20230221,000000,31.55,31.55,31.49,31.545,2702,0
KBND.US,D,20230222,000000,31.505,31.505,31.505,31.505,29,0
KBND.US,D,20230223,000000,31.42,31.42,31.42,31.42,96,0
KBND.US,D,20230224,000000,31.15,31.15,31.09,31.09,255,0
KBND.US,D,20230227,000000,31.13,31.13,31.13,31.13,13,0
KBND.US,D,20230228,000000,31.36,31.36,31.315,31.315,381,0
KBND.US,D,20230301,000000,31.36,31.525,31.36,31.525,67,0
KBND.US,D,20230302,000000,31.41,31.45,31.41,31.45,334,0
KBND.US,D,20230303,000000,31.3912,31.46,31.3912,31.46,2226,0
KBND.US,D,20230306,000000,31.22,31.22,31.22,31.22,101,0
KBND.US,D,20230307,000000,31.04,31.04,31.04,31.04,48,0
KBND.US,D,20230308,000000,31.06,31.06,31.06,31.06,9,0
KBND.US,D,20230309,000000,31.295,31.295,31.29,31.29,548,0
KBND.US,D,20230310,000000,31.445,31.4498,31.405,31.405,410,0
KBND.US,D,20230313,000000,31.83,31.985,31.83,31.985,577,0
KBND.US,D,20230314,000000,31.83,31.865,31.83,31.865,243,0
KBND.US,D,20230315,000000,31.585,31.585,31.585,31.585,37,0
KBND.US,D,20230316,000000,31.4979,31.4979,31.4979,31.4979,37,0
KBND.US,D,20230317,000000,31.62,31.62,31.62,31.62,2,0
KBND.US,D,20230320,000000,31.5225,31.565,31.5225,31.565,112,0
KBND.US,D,20230321,000000,31.6427,31.7099,31.6427,31.6449,217,0
KBND.US,D,20230322,000000,31.63,31.8022,31.63,31.8022,944,0
KBND.US,D,20230323,000000,32.0317,32.0317,31.9849,31.9849,153,0
KBND.US,D,20230324,000000,31.85,31.85,31.7699,31.7699,116,0
KBND.US,D,20230327,000000,31.58,31.6,31.565,31.6,1109,0
KBND.US,D,20230328,000000,31.64,31.64,31.595,31.6,1301,0
KBND.US,D,20230329,000000,31.57,31.57,31.545,31.5613,930,0
KBND.US,D,20230330,000000,31.61,31.61,31.595,31.6,1477,0
KBND.US,D,20230331,000000,31.76,31.76,31.615,31.6837,2426,0
KBND.US,D,20230403,000000,31.6,31.82,31.6,31.66,1232,0
KBND.US,D,20230404,000000,31.695,31.695,31.695,31.695,143,0
KBND.US,D,20230405,000000,31.66,31.77,31.525,31.685,13370,0
KBND.US,D,20230406,000000,31.6,31.6,31.6,31.6,105,0
KBND.US,D,20230410,000000,31.6,31.6,31.595,31.6,775,0
KBND.US,D,20230411,000000,31.53,31.575,31.47,31.575,6835,0
KBND.US,D,20230412,000000,31.67,31.67,31.67,31.67,7,0
KBND.US,D,20230413,000000,31.73,31.73,31.73,31.73,11,0
KBND.US,D,20230414,000000,31.68,31.68,31.64,31.66,1501,0
KBND.US,D,20230417,000000,31.635,31.635,31.635,31.635,43,0
KBND.US,D,20230418,000000,31.665,31.665,31.665,31.665,122,0
KBND.US,D,20230419,000000,31.685,31.685,31.685,31.685,20,0
KBND.US,D,20230420,000000,31.75,31.75,31.75,31.75,165,0
KBND.US,D,20230421,000000,31.7023,31.76,31.7023,31.705,814,0
KBND.US,D,20230424,000000,31.625,31.625,31.625,31.625,57,0
KBND.US,D,20230425,000000,31.455,31.525,31.455,31.525,109,0
KBND.US,D,20230426,000000,31.37,31.395,31.33,31.395,1418,0
KBND.US,D,20230427,000000,31.495,31.495,31.495,31.495,1,0
KBND.US,D,20230428,000000,31.535,31.535,31.535,31.535,29,0
KBND.US,D,20230501,000000,31.485,31.485,31.485,31.485,60,0
KBND.US,D,20230502,000000,31.52,31.535,31.48,31.535,1258,0
KBND.US,D,20230503,000000,31.61,31.655,31.61,31.655,159349,0
KBND.US,D,20230504,000000,31.775,31.775,31.775,31.775,5,0
KBND.US,D,20230505,000000,31.695,31.695,31.695,31.695,134,0
KBND.US,D,20230508,000000,31.845,31.845,31.845,31.845,34,0
KBND.US,D,20230509,000000,31.875,31.875,31.875,31.875,2,0
KBND.US,D,20230510,000000,31.955,31.955,31.955,31.955,2,0
KBND.US,D,20230511,000000,31.76,31.8,31.76,31.8,108,0
KBND.US,D,20230512,000000,31.63,31.675,31.63,31.675,644,0
KBND.US,D,20230515,000000,31.76,31.76,31.76,31.76,1,0
KBND.US,D,20230516,000000,31.63,31.63,31.63,31.63,1,0
KBND.US,D,20230517,000000,31.54,31.54,31.54,31.54,1,0
KBND.US,D,20230518,000000,31.42,31.435,31.42,31.435,366,0
KBND.US,D,20230519,000000,31.54,31.54,31.39,31.445,737,0
KBND.US,D,20230522,000000,31.445,31.445,31.445,31.445,2,0
KBND.US,D,20230523,000000,31.38,31.38,31.38,31.38,35,0
KBND.US,D,20230524,000000,31.365,31.365,31.365,31.365,2,0
KBND.US,D,20230525,000000,31.2249,31.2249,31.2249,31.2249,50,0
KBND.US,D,20230526,000000,31.27,31.27,31.27,31.27,316,0
KBND.US,D,20230530,000000,31.2,31.23,31.15,31.23,561,0
KBND.US,D,20230531,000000,31.1404,31.1404,31.1404,31.1404,105,0
KBND.US,D,20230601,000000,31.08,31.135,31.08,31.13,955,0
KBND.US,D,20230602,000000,31.31,31.31,31.16,31.2152,465,0
KBND.US,D,20230605,000000,31.06,31.14,31.06,31.1397,1138,0
KBND.US,D,20230606,000000,31.102,31.19,31.102,31.19,3229,0
KBND.US,D,20230607,000000,31.11,31.11,31.025,31.025,878,0
KBND.US,D,20230608,000000,31.08,31.17,31.08,31.17,148,0
KBND.US,D,20230609,000000,31.175,31.175,31.175,31.175,2,0
KBND.US,D,20230612,000000,31.005,31.005,31.005,31.005,39,0
KBND.US,D,20230613,000000,30.95,30.95,30.95,30.95,13,0
KBND.US,D,20230614,000000,31.055,31.055,30.985,30.985,316,0
KBND.US,D,20230615,000000,31.315,31.315,31.315,31.315,104,0
KBND.US,D,20230616,000000,31.21,31.225,31.21,31.225,303,0
KBND.US,D,20230620,000000,30.935,30.935,30.935,30.935,29,0
KBND.US,D,20230621,000000,30.8553,30.86,30.83,30.86,275,0
KBND.US,D,20230622,000000,30.9,30.9,30.9,30.9,5,0
KBND.US,D,20230623,000000,30.765,30.765,30.765,30.765,2,0
KBND.US,D,20230626,000000,30.67,30.67,30.585,30.585,201,0
KBND.US,D,20230627,000000,30.69,30.69,30.61,30.655,544,0
KBND.US,D,20230628,000000,30.501,30.64,30.501,30.64,108,0
KBND.US,D,20230629,000000,30.495,30.495,30.495,30.495,5,0
KBND.US,D,20230630,000000,30.49,30.55,30.49,30.55,547,0
KBND.US,D,20230703,000000,30.6296,30.6296,30.6296,30.6296,27,0
KBND.US,D,20230705,000000,30.51,30.545,30.51,30.545,258,0
KBND.US,D,20230706,000000,30.511,30.56,30.511,30.56,222,0
KBND.US,D,20230707,000000,30.6309,30.64,30.58,30.64,318,0
KBND.US,D,20230710,000000,30.65,30.6952,30.65,30.695,329,0
KBND.US,D,20230711,000000,30.675,30.675,30.675,30.675,3,0
KBND.US,D,20230712,000000,30.75,30.7899,30.75,30.7899,108,0
KBND.US,D,20230713,000000,30.89,30.915,30.89,30.915,169,0
KBND.US,D,20230714,000000,30.9,30.9,30.9,30.9,101,0
KBND.US,D,20230717,000000,30.771,30.835,30.771,30.835,752,0
KBND.US,D,20230718,000000,30.7,30.7,30.7,30.7,71,0
KBND.US,D,20230719,000000,30.55,30.55,30.55,30.55,67,0
KBND.US,D,20230720,000000,30.63,30.675,30.63,30.675,298,0
KBND.US,D,20230721,000000,30.72,30.72,30.72,30.72,101,0
KBND.US,D,20230724,000000,30.6852,30.6852,30.6852,30.6852,13,0
KBND.US,D,20230725,000000,30.86,30.86,30.845,30.845,167,0
KBND.US,D,20230726,000000,30.925,30.925,30.925,30.925,7,0
KBND.US,D,20230727,000000,30.68,30.68,30.68,30.68,141,0
KBND.US,D,20230728,000000,30.83,30.875,30.83,30.875,109,0
KBND.US,D,20230731,000000,30.78,30.84,30.78,30.84,227,0
KBND.US,D,20230801,000000,30.7,30.7,30.7,30.7,23,0
KBND.US,D,20230802,000000,30.59,30.59,30.59,30.59,110,0
KBND.US,D,20230803,000000,30.67,30.67,30.67,30.67,30,0
KBND.US,D,20230804,000000,30.67,30.67,30.67,30.67,16,0
KBND.US,D,20230807,000000,30.64,30.64,30.64,30.64,13,0
KBND.US,D,20230808,000000,30.51,30.54,30.51,30.54,106,0
KBND.US,D,20230809,000000,30.485,30.485,30.485,30.485,5,0
KBND.US,D,20230810,000000,30.39,30.44,30.39,30.44,348,0
KBND.US,D,20230811,000000,30.4,30.4,30.4,30.4,4,0
KBND.US,D,20230814,000000,30.37,30.37,30.37,30.37,170,0
KBND.US,D,20230815,000000,30.245,30.245,30.245,30.245,10,0
KBND.US,D,20230816,000000,30.16,30.16,30.16,30.16,4,0
KBND.US,D,20230817,000000,30.31,30.31,30.31,30.31,4,0
KBND.US,D,20230818,000000,30.39,30.445,30.39,30.445,129,0
KBND.US,D,20230821,000000,30.44,30.44,30.435,30.435,142,0
KBND.US,D,20230822,000000,30.505,30.505,30.505,30.505,2,0
KBND.US,D,20230823,000000,30.39,30.435,30.39,30.435,152,0
KBND.US,D,20230824,000000,30.485,30.49,30.485,30.485,1311,0
KBND.US,D,20230825,000000,30.385,30.385,30.385,30.385,6,0
KBND.US,D,20230828,000000,30.32,30.375,30.32,30.375,432,0
KBND.US,D,20230829,000000,30.4,30.4,30.4,30.4,40,0
KBND.US,D,20230830,000000,30.3635,30.3635,30.3635,30.3635,10,0
KBND.US,D,20230831,000000,30.4,30.4,30.4,30.4,19,0
KBND.US,D,20230901,000000,30.46,30.46,30.36,30.37,837,0
KBND.US,D,20230905,000000,30.235,30.235,30.235,30.235,6,0
KBND.US,D,20230906,000000,30.15,30.15,30.15,30.15,3,0
KBND.US,D,20230907,000000,30.07,30.07,29.84,30.05,333,0
KBND.US,D,20230908,000000,29.925,29.925,29.925,29.925,262,0
KBND.US,D,20230911,000000,30.25,30.25,30.25,30.25,3,0
KBND.US,D,20230912,000000,30.31,30.31,30.31,30.31,21,0
KBND.US,D,20230913,000000,30.37,30.37,30.37,30.37,5,0
KBND.US,D,20230914,000000,30.43,30.47,30.43,30.47,225,0
KBND.US,D,20230915,000000,30.32,30.332,30.32,30.332,157,0
KBND.US,D,20230918,000000,30.22,30.22,30.22,30.22,103,0
KBND.US,D,20230919,000000,30.26,30.26,30.26,30.26,171,0
KBND.US,D,20230920,000000,30.2773,30.2773,30.2773,30.2773,51,0
KBND.US,D,20230921,000000,30.33,30.33,30.33,30.33,50,0
KBND.US,D,20230922,000000,30.25,30.25,30.25,30.25,100,0
KBND.US,D,20230925,000000,30.2,30.2135,30.2,30.2135,116,0
KBND.US,D,20230926,000000,30.19,30.19,30.19,30.19,228,0
KBND.US,D,20230927,000000,30.11,30.11,30.11,30.11,1,0
KBND.US,D,20230928,000000,30.245,30.245,30.245,30.245,1,0
KBND.US,D,20230929,000000,30.295,30.295,30.295,30.295,14,0
KBND.US,D,20231002,000000,30.2,30.2,30.2,30.2,43,0
KBND.US,D,20231003,000000,30.07,30.07,30.07,30.07,1,0
KBND.US,D,20231004,000000,30.12,30.12,30.12,30.12,26,0
KBND.US,D,20231005,000000,30.14,30.14,30.14,30.14,104,0
KBND.US,D,20231006,000000,30.14,30.14,30.14,30.14,102,0
KBND.US,D,20231009,000000,30.23,30.23,30.23,30.23,463,0
KBND.US,D,20231010,000000,30.23,30.27,30.23,30.27,200,0
KBND.US,D,20231011,000000,30.15,30.15,30.15,30.15,100,0
KBND.US,D,20231012,000000,30.13,30.13,30.13,30.13,103,0
KBND.US,D,20231013,000000,30.11,30.11,30.11,30.11,100,0
KBND.US,D,20231016,000000,30.15,30.161,30.15,30.161,105,0
KBND.US,D,20231017,000000,30.16,30.16,30.16,30.16,101,0
KBND.US,D,20231018,000000,30.17,30.17,30.17,30.17,101,0
KBND.US,D,20231019,000000,30.17,30.17,30.17,30.17,100,0
KBND.US,D,20231020,000000,30.19,30.19,30.19,30.19,104,0
KBND.US,D,20231023,000000,30.26,30.27,30.23,30.2453,636,0
KBND.US,D,20231024,000000,30.23,30.23,30.23,30.23,1,0
KBND.US,D,20231025,000000,30.22,30.22,30.22,30.22,3,0
KBND.US,D,20231026,000000,30.24,30.24,30.24,30.24,1,0
KBND.US,D,20231027,000000,30.185,30.185,30.185,30.185,10,0
KBND.US,D,20231030,000000,30.195,30.195,30.195,30.195,11,0
KBND.US,D,20231031,000000,30.16,30.21,30.16,30.21,118,0
KBND.US,D,20231101,000000,30.215,30.215,30.215,30.215,20,0
KBND.US,D,20231102,000000,30.225,30.225,30.225,30.225,2,0
KBND.US,D,20231103,000000,30.29,30.34,30.29,30.34,264,0
KBND.US,D,20231106,000000,30.49,30.49,30.49,30.49,84,0
KBND.US,D,20231107,000000,30.405,30.405,30.405,30.405,63,0
KBND.US,D,20231108,000000,30.3401,30.35,30.3401,30.35,237,0
KBND.US,D,20231109,000000,30.315,30.315,30.315,30.315,3,0
KBND.US,D,20231110,000000,30.29,30.29,30.29,30.29,1,0
KBND.US,D,20231113,000000,30.29,30.29,30.29,30.29,205,0
KBND.US,D,20231114,000000,30.44,30.59,30.44,30.59,2469,0
KBND.US,D,20231115,000000,30.625,30.625,30.625,30.625,2,0
KBND.US,D,20231116,000000,30.525,30.525,30.525,30.525,7,0
KBND.US,D,20231117,000000,30.6304,30.685,30.6304,30.685,350,0
KBND.US,D,20231120,000000,30.965,30.965,30.965,30.965,34,0
KBND.US,D,20231121,000000,31,31,30.985,30.985,1913,0
KBND.US,D,20231122,000000,30.9,30.9,30.9,30.9,31,0
KBND.US,D,20231124,000000,30.805,30.805,30.805,30.805,3,0
KBND.US,D,20231127,000000,30.875,30.875,30.875,30.875,21,0
KBND.US,D,20231128,000000,30.84,30.84,30.84,30.84,1,0
KBND.US,D,20231129,000000,30.919,30.919,30.9,30.9,321,0
KBND.US,D,20231130,000000,30.865,30.865,30.865,30.865,18,0
KBND.US,D,20231201,000000,30.89,30.955,30.89,30.955,1520,0
KBND.US,D,20231204,000000,30.8341,30.8341,30.8341,30.8341,81,0
KBND.US,D,20231205,000000,30.755,30.755,30.755,30.755,7,0
KBND.US,D,20231206,000000,30.701,30.74,30.701,30.74,172,0
KBND.US,D,20231207,000000,30.805,30.805,30.805,30.805,3,0
KBND.US,D,20231208,000000,30.7058,30.7058,30.7058,30.7058,3,0
KBND.US,D,20231211,000000,30.77,30.77,30.6915,30.6915,388,0
KBND.US,D,20231212,000000,30.69,30.69,30.69,30.69,3,0
KBND.US,D,20231213,000000,30.855,30.9864,30.855,30.9864,538,0
KBND.US,D,20231214,000000,31.09,31.09,31.09,31.09,99,0
KBND.US,D,20231215,000000,31.06,31.1134,31.04,31.1134,299,0
KBND.US,D,20231218,000000,30.88,30.88,30.88,30.88,32,0
KBND.US,D,20231219,000000,31.045,31.045,31.045,31.045,20,0
KBND.US,D,20231220,000000,31.0623,31.0623,31.0623,31.0623,27,0
KBND.US,D,20231221,000000,31.015,31.015,31.015,31.015,51,0
KBND.US,D,20231222,000000,31,31,31,31,113,0
KBND.US,D,20231226,000000,30.985,30.985,30.985,30.985,9,0
KBND.US,D,20231227,000000,31.07,31.07,31.07,31.07,36,0
KBND.US,D,20231228,000000,31.27,31.27,31.21,31.21,270,0
KBND.US,D,20231229,000000,31.235,31.235,31.235,31.235,96,0
KBND.US,D,20240102,000000,31.08,31.08,31.08,31.08,3,0
KBND.US,D,20240103,000000,31.04,31.045,31.04,31.045,104,0
KBND.US,D,20240104,000000,31.02,31.02,31.02,31.02,12,0
KBND.US,D,20240105,000000,31.075,31.075,31.075,31.075,23,0
KBND.US,D,20240108,000000,31.1,31.115,31.1,31.115,138,0
KBND.US,D,20240109,000000,31.05,31.105,31.05,31.105,203,0
KBND.US,D,20240110,000000,31.01,31.01,31.01,31.01,18,0
KBND.US,D,20240111,000000,31.075,31.075,31.075,31.075,4,0
KBND.US,D,20240112,000000,30.97,30.97,30.97,30.97,3,0
KBND.US,D,20240116,000000,30.835,30.835,30.835,30.835,6,0
KBND.US,D,20240117,000000,30.83,30.83,30.83,30.83,7,0
KBND.US,D,20240118,000000,30.81,30.8318,30.81,30.8318,109,0
KBND.US,D,20240119,000000,30.8203,30.84,30.8203,30.84,1254,0
KBND.US,D,20240122,000000,30.92,30.99,30.92,30.99,401,0
KBND.US,D,20240123,000000,31.11,31.11,31.11,31.11,2,0
KBND.US,D,20240124,000000,31.145,31.145,31.145,31.145,1,0
KBND.US,D,20240125,000000,31.2,31.2,31.17,31.17,205,0
KBND.US,D,20240126,000000,31.04,31.04,31.04,31.04,1,0
KBND.US,D,20240129,000000,31.05,31.05,31.05,31.05,132,0
KBND.US,D,20240130,000000,31.01,31.01,31.01,31.01,104,0
KBND.US,D,20240131,000000,31.07,31.115,31.07,31.115,131,0
KBND.US,D,20240201,000000,31.2,31.2,31.2,31.2,23,0
KBND.US,D,20240202,000000,30.975,30.975,30.975,30.975,3,0
KBND.US,D,20240205,000000,31,31,30.8704,30.935,683,0
KBND.US,D,20240206,000000,30.995,30.995,30.995,30.995,3,0
KBND.US,D,20240207,000000,31.035,31.035,31.035,31.035,42,0
KBND.US,D,20240208,000000,30.985,30.985,30.985,30.985,1,0
KBND.US,D,20240209,000000,31.05,31.05,31.025,31.025,102,0
KBND.US,D,20240212,000000,31,31,31,31,3,0
KBND.US,D,20240213,000000,30.88,30.88,30.88,30.88,250,0
KBND.US,D,20240214,000000,30.895,30.895,30.895,30.895,40,0
KBND.US,D,20240215,000000,30.9401,30.9401,30.9401,30.9401,40,0
KBND.US,D,20240216,000000,31,31.1,30.9801,30.9801,4805,0
KBND.US,D,20240220,000000,31.0699,31.0699,31.0699,31.0699,40,0
KBND.US,D,20240221,000000,31.145,31.145,31.145,31.145,16,0
KBND.US,D,20240222,000000,31.1601,31.1601,31.1601,31.1601,16,0
KBND.US,D,20240223,000000,31.13,31.1401,31.13,31.1401,306,0
KBND.US,D,20240226,000000,31.125,31.125,31.125,31.125,15,0
KBND.US,D,20240227,000000,31.0848,31.0848,31.0848,31.0848,168,0
KBND.US,D,20240228,000000,31.1023,31.1252,31.1023,31.1252,567,0
KBND.US,D,20240229,000000,31.155,31.155,31.155,31.155,38,0
KBND.US,D,20240301,000000,31.0853,31.0853,31.0853,31.0853,174,0
KBND.US,D,20240304,000000,31.25,31.25,31.1399,31.1399,803,0
KBND.US,D,20240305,000000,31.145,31.1493,31.1399,31.1399,613,0
KBND.US,D,20240306,000000,31.17,31.28,31.13,31.2148,822,0
KBND.US,D,20240307,000000,31.255,31.255,31.255,31.255,50,0
KBND.US,D,20240308,000000,31.3035,31.3035,31.29,31.29,312,0
KBND.US,D,20240311,000000,31.225,31.225,31.225,31.225,33,0
KBND.US,D,20240312,000000,31.34,31.34,31.265,31.2684,200,0
KBND.US,D,20240313,000000,31.375,31.375,31.375,31.375,4,0
KBND.US,D,20240314,000000,31.385,31.385,31.385,31.385,48,0
