<TICKER>,<PER>,<DATE>,<TIME>,<OPEN>,<HIGH>,<LOW>,<CLOSE>,<VOL>,<OPENINT>
KEM.US,D,20230829,000000,25.6219,25.6219,25.6219,25.6219,3,0
KEM.US,D,20230830,000000,25.45,25.511,25.45,25.511,110,0
KEM.US,D,20230831,000000,25.3213,25.3213,25.3213,25.3213,3,0
KEM.US,D,20230901,000000,25.56,25.71,25.56,25.623,5200,0
KEM.US,D,20230905,000000,25.53,25.53,25.4726,25.4726,107,0
KEM.US,D,20230906,000000,25.3801,25.3801,25.3801,25.3801,3,0
KEM.US,D,20230907,000000,24.9929,24.9929,24.9929,24.9929,6,0
KEM.US,D,20230908,000000,25.0364,25.0364,25.0364,25.0364,49,0
KEM.US,D,20230911,000000,25.349,25.349,25.349,25.349,6,0
KEM.US,D,20230912,000000,25.3456,25.3456,25.3456,25.3456,3,0
KEM.US,D,20230913,000000,25.3086,25.3086,25.2972,25.2972,214,0
KEM.US,D,20230914,000000,25.4056,25.4056,25.4056,25.4056,5,0
KEM.US,D,20230915,000000,25.2783,25.2783,25.23,25.23,365,0
KEM.US,D,20230918,000000,25.18,25.2571,25.18,25.2571,7927,0
KEM.US,D,20230919,000000,25.1665,25.1665,25.1627,25.1627,100,0
KEM.US,D,20230920,000000,25.0795,25.0795,25.0795,25.0795,12,0
KEM.US,D,20230921,000000,24.654,24.654,24.654,24.654,5,0
KEM.US,D,20230922,000000,25.11,25.11,25.0359,25.0359,212,0
KEM.US,D,20230925,000000,24.75,24.8375,24.75,24.8375,461,0
KEM.US,D,20230926,000000,24.5859,24.5859,24.5859,24.5859,5,0
KEM.US,D,20230927,000000,24.5966,24.5966,24.5966,24.5966,5,0
KEM.US,D,20230928,000000,24.6345,24.6345,24.6345,24.6345,5,0
KEM.US,D,20230929,000000,24.7153,24.7153,24.7153,24.7153,5,0
KEM.US,D,20231002,000000,24.5,24.5974,24.5,24.5974,704,0
KEM.US,D,20231003,000000,24.45,24.48,24.3045,24.3045,704,0
KEM.US,D,20231004,000000,24.2247,24.2247,24.2247,24.2247,5,0
KEM.US,D,20231005,000000,24.3097,24.3097,24.3097,24.3097,5,0
KEM.US,D,20231006,000000,24.6152,24.6152,24.6152,24.6152,5,0
KEM.US,D,20231009,000000,24.5906,24.5906,24.5906,24.5906,5,0
KEM.US,D,20231010,000000,24.8988,24.8988,24.8988,24.8988,2,0
KEM.US,D,20231011,000000,25.017,25.017,25.017,25.017,25,0
KEM.US,D,20231012,000000,24.7499,24.7499,24.7499,24.7499,5,0
KEM.US,D,20231013,000000,24.6463,24.6463,24.6463,24.6463,5,0
KEM.US,D,20231016,000000,24.75,24.9051,24.75,24.9051,452,0
KEM.US,D,20231017,000000,24.84,24.91,24.7954,24.7954,1415,0
KEM.US,D,20231018,000000,24.4926,24.4926,24.4926,24.4926,133,0
KEM.US,D,20231019,000000,24.2443,24.2443,24.2443,24.2443,19,0
KEM.US,D,20231020,000000,23.9932,23.9932,23.9932,23.9932,10,0
KEM.US,D,20231023,000000,23.85,23.92,23.85,23.92,403,0
KEM.US,D,20231024,000000,24.29,24.29,24.29,24.29,300,0
KEM.US,D,20231025,000000,24.05,24.24,24.03,24.23,859,0
KEM.US,D,20231026,000000,23.94,24.18,23.94,24.18,1885,0
KEM.US,D,20231027,000000,24.1,24.1492,24.05,24.0986,27296,0
KEM.US,D,20231030,000000,24.28,24.41,24.12,24.41,450,0
KEM.US,D,20231031,000000,24.04,24.04,23.88,23.99,361,0
KEM.US,D,20231101,000000,24.277,24.277,24.277,24.277,20,0
KEM.US,D,20231102,000000,24.5236,24.5236,24.5236,24.5236,1,0
KEM.US,D,20231103,000000,24.67,25.06,24.67,25.06,200,0
KEM.US,D,20231106,000000,25.0552,25.0552,25.0552,25.0552,2,0
KEM.US,D,20231107,000000,24.84,24.9907,24.84,24.9907,421,0
KEM.US,D,20231108,000000,24.83,24.83,24.71,24.71,242,0
KEM.US,D,20231109,000000,24.6784,24.6784,24.6784,24.6784,1,0
KEM.US,D,20231110,000000,24.59,24.7522,24.58,24.58,846,0
KEM.US,D,20231113,000000,24.8223,24.8223,24.8223,24.8223,1,0
KEM.US,D,20231114,000000,25.3214,25.3214,25.3214,25.3214,7,0
KEM.US,D,20231115,000000,25.6968,25.6968,25.5391,25.5391,138,0
KEM.US,D,20231116,000000,25.05,25.05,24.96,24.99,406,0
KEM.US,D,20231117,000000,25.2353,25.2353,25.2353,25.2353,1,0
KEM.US,D,20231120,000000,25.29,25.73,25.29,25.73,223,0
KEM.US,D,20231121,000000,25.44,25.44,25.4036,25.4036,345,0
KEM.US,D,20231122,000000,25.3,25.3,25.14,25.14,342,0
KEM.US,D,20231124,000000,25.3708,25.3708,25.3708,25.3708,1,0
KEM.US,D,20231127,000000,25.19,25.19,25.09,25.09,203,0
KEM.US,D,20231128,000000,25.3868,25.3868,25.3868,25.3868,4,0
KEM.US,D,20231129,000000,25.1,25.1299,25.1,25.1299,219,0
KEM.US,D,20231130,000000,25.1,25.35,25.04,25.04,925,0
KEM.US,D,20231201,000000,25.084,25.1699,25.084,25.1699,1420,0
KEM.US,D,20231204,000000,24.85,24.85,24.7,24.7,204,0
KEM.US,D,20231205,000000,24.6063,24.6063,24.6063,24.6063,21,0
KEM.US,D,20231206,000000,24.5861,24.5861,24.5861,24.5861,2,0
KEM.US,D,20231207,000000,24.66,24.66,24.66,24.66,2,0
KEM.US,D,20231208,000000,24.42,24.42,24.31,24.31,1668,0
KEM.US,D,20231211,000000,24.6375,24.6375,24.625,24.625,293,0
KEM.US,D,20231212,000000,24.51,24.51,24.5,24.5,203,0
KEM.US,D,20231213,000000,24.39,24.7591,24.39,24.7591,203,0
KEM.US,D,20231214,000000,24.75,25.09,24.75,25.09,1938,0
KEM.US,D,20231215,000000,24.96,24.96,24.8,24.8,600,0
KEM.US,D,20231218,000000,24.81,24.81,24.7,24.7,530,0
KEM.US,D,20231219,000000,25.0624,25.0624,25.0624,25.0624,1,0
KEM.US,D,20231220,000000,24.78,24.84,24.45,24.45,558,0
KEM.US,D,20231221,000000,24.84,25.21,24.84,25.21,262,0
KEM.US,D,20231222,000000,25.02,25.02,24.865,24.879,604,0
KEM.US,D,20231226,000000,25.07,25.085,25.07,25.085,240,0
KEM.US,D,20231227,000000,24.4222,24.4222,24.4222,24.4222,1,0
KEM.US,D,20231228,000000,24.53,24.91,24.53,24.91,200,0
KEM.US,D,20231229,000000,24.755,24.755,24.755,24.755,97,0
KEM.US,D,20240102,000000,24.36,24.36,24.21,24.21,633,0
KEM.US,D,20240103,000000,24.41,24.41,24.279,24.279,343,0
KEM.US,D,20240104,000000,24.23,24.23,24.1344,24.1344,831,0
KEM.US,D,20240105,000000,24.26,24.26,24.1542,24.1542,841,0
KEM.US,D,20240108,000000,24.0856,24.0856,24.0856,24.0856,4,0
KEM.US,D,20240109,000000,23.7648,23.7648,23.7648,23.7648,10,0
KEM.US,D,20240110,000000,23.69,23.6975,23.69,23.6975,217,0
KEM.US,D,20240111,000000,23.74,23.74,23.74,23.74,155,0
KEM.US,D,20240112,000000,23.79,23.79,23.79,23.79,100,0
KEM.US,D,20240116,000000,23.5328,23.62,23.3959,23.3959,686,0
KEM.US,D,20240117,000000,22.82,22.87,22.82,22.87,423,0
KEM.US,D,20240118,000000,23.04,23.1003,23.04,23.1003,100,0
KEM.US,D,20240119,000000,23.12,23.3372,23.12,23.3372,743,0
KEM.US,D,20240122,000000,23.01,23.01,23.01,23.01,88,0
KEM.US,D,20240123,000000,23.22,23.3554,23.22,23.3554,200,0
KEM.US,D,20240124,000000,23.82,23.84,23.82,23.84,250,0
KEM.US,D,20240125,000000,23.7626,23.7626,23.7626,23.7626,55,0
KEM.US,D,20240126,000000,23.7969,23.7969,23.7969,23.7969,55,0
KEM.US,D,20240129,000000,23.679,23.679,23.679,23.679,13,0
KEM.US,D,20240130,000000,23.4584,23.4584,23.3706,23.3706,198,0
KEM.US,D,20240131,000000,23.5592,23.5592,23.2893,23.2893,1329,0
KEM.US,D,20240201,000000,23.4473,23.4473,23.4473,23.4473,55,0
KEM.US,D,20240202,000000,23.21,23.299,23.12,23.12,1198,0
KEM.US,D,20240205,000000,23.41,23.41,23.3322,23.3322,495,0
KEM.US,D,20240206,000000,24.0773,24.0773,24.0773,24.0773,81,0
KEM.US,D,20240207,000000,23.9,24.0394,23.9,23.92,478,0
KEM.US,D,20240208,000000,23.7897,23.7897,23.7897,23.7897,9,0
KEM.US,D,20240209,000000,23.8296,23.8694,23.8296,23.8694,530,0
KEM.US,D,20240212,000000,23.83,24.1376,23.83,24.0951,1195,0
KEM.US,D,20240213,000000,23.79,23.86,23.6,23.6,901,0
KEM.US,D,20240214,000000,23.985,24.08,23.9655,23.9655,967,0
KEM.US,D,20240215,000000,24.0999,24.0999,24.005,24.055,2428,0
KEM.US,D,20240216,000000,24.3316,24.3316,24.2825,24.2825,790,0
KEM.US,D,20240220,000000,24.48,24.48,24.26,24.26,3483,0
KEM.US,D,20240221,000000,24.39,24.54,24.39,24.54,566,0
KEM.US,D,20240222,000000,24.655,24.7185,24.655,24.7185,407,0
KEM.US,D,20240223,000000,24.72,24.7603,24.72,24.7603,131,0
KEM.US,D,20240226,000000,24.55,24.6,24.55,24.5756,510,0
KEM.US,D,20240227,000000,24.7016,24.7016,24.7016,24.7016,95,0
KEM.US,D,20240228,000000,24.51,24.51,24.33,24.33,1161,0
KEM.US,D,20240229,000000,24.4189,24.4189,24.4189,24.4189,112,0
KEM.US,D,20240301,000000,24.7,24.7004,24.68,24.68,330,0
KEM.US,D,20240304,000000,24.5446,24.5446,24.5446,24.5446,2,0
KEM.US,D,20240305,000000,24.4,24.4,24.3984,24.3984,187,0
KEM.US,D,20240306,000000,24.61,24.8181,24.61,24.77,1419,0
KEM.US,D,20240307,000000,24.79,24.79,24.7415,24.7415,163,0
KEM.US,D,20240308,000000,24.6992,24.6992,24.6992,24.6992,1,0
KEM.US,D,20240311,000000,24.79,24.9569,24.79,24.9569,101,0
KEM.US,D,20240312,000000,25.21,25.227,25.21,25.227,601,0
KEM.US,D,20240313,000000,25.14,25.14,25.14,25.14,243,0
KEM.US,D,20240314,000000,25.0326,25.0326,25.0326,25.0326,1,0
KEM.US,D,20240315,000000,24.9223,24.9223,24.9223,24.9223,1,0
KEM.US,D,20240318,000000,25.0684,25.0684,24.9854,24.9854,538,0
KEM.US,D,20240319,000000,24.875,24.875,24.875,24.875,1,0
KEM.US,D,20240320,000000,25.1222,25.1222,25.1115,25.1115,182,0
KEM.US,D,20240321,000000,25.06,25.0674,25.06,25.0674,101,0
KEM.US,D,20240322,000000,24.82,24.82,24.69,24.69,241,0
KEM.US,D,20240325,000000,24.89,24.92,24.825,24.825,1045,0
KEM.US,D,20240326,000000,24.8613,24.8613,24.8613,24.8613,1,0
KEM.US,D,20240327,000000,24.71,24.73,24.71,24.73,204,0
KEM.US,D,20240328,000000,24.9644,24.9644,24.9098,24.9098,247,0
KEM.US,D,20240401,000000,25.0756,25.0905,25.0756,25.0905,137,0
KEM.US,D,20240402,000000,25.166,25.166,25.166,25.166,2,0
KEM.US,D,20240403,000000,25.1681,25.1681,25.1681,25.1681,2,0
KEM.US,D,20240404,000000,25.0747,25.0747,25.0747,25.0747,1,0
KEM.US,D,20240405,000000,24.95,25.1091,24.95,24.96,5399,0
KEM.US,D,20240408,000000,25.1211,25.1211,25.1211,25.1211,30,0
KEM.US,D,20240409,000000,25.16,25.34,25.16,25.34,219,0
KEM.US,D,20240410,000000,24.9997,24.9997,24.9997,24.9997,2,0
KEM.US,D,20240411,000000,25.1,25.24,25.1,25.24,443,0
KEM.US,D,20240412,000000,24.77,24.77,24.47,24.47,2509,0
KEM.US,D,20240415,000000,24.78,24.78,24.62,24.66,1403,0
KEM.US,D,20240416,000000,24.31,24.33,24.2516,24.2516,623,0
KEM.US,D,20240417,000000,24.41,24.43,24.38,24.43,3700,0
KEM.US,D,20240418,000000,24.61,24.61,24.461,24.461,3190,0
KEM.US,D,20240419,000000,24.37,24.37,24.37,24.37,217,0
KEM.US,D,20240422,000000,24.6161,24.6161,24.6161,24.6161,96,0
KEM.US,D,20240423,000000,24.7295,24.7295,24.7295,24.7295,53,0
KEM.US,D,20240424,000000,24.9,24.92,24.8647,24.8647,2774,0
KEM.US,D,20240425,000000,25.04,25.04,24.9823,24.9823,458,0
KEM.US,D,20240426,000000,25.2637,25.2637,25.2637,25.2637,73,0
KEM.US,D,20240429,000000,25.5465,25.5465,25.5465,25.5465,1,0
KEM.US,D,20240430,000000,25.171,25.171,25.171,25.171,2,0
KEM.US,D,20240501,000000,25.2821,25.2821,25.13,25.1825,1116,0
KEM.US,D,20240502,000000,25.84,25.9629,25.84,25.9629,100,0
KEM.US,D,20240503,000000,26.0882,26.1313,26.0882,26.1313,5660,0
KEM.US,D,20240506,000000,26.1301,26.1301,26.1301,26.1301,1,0
KEM.US,D,20240507,000000,26.0049,26.0049,26.0049,26.0049,13,0
KEM.US,D,20240508,000000,25.94,26.03,25.9295,25.9295,6594,0
KEM.US,D,20240509,000000,26.06,26.21,26.06,26.21,213,0
KEM.US,D,20240510,000000,26.29,26.29,26.215,26.215,102,0
KEM.US,D,20240513,000000,26.52,26.52,26.51,26.51,1102,0
KEM.US,D,20240514,000000,26.4784,26.51,26.4784,26.51,1544,0
KEM.US,D,20240515,000000,26.3974,26.78,26.3974,26.7508,1201,0
KEM.US,D,20240516,000000,26.7,26.88,26.7,26.7997,3189,0
KEM.US,D,20240517,000000,27.19,27.19,27.08,27.08,920,0
KEM.US,D,20240520,000000,26.975,26.975,26.9457,26.9457,325,0
KEM.US,D,20240521,000000,26.6984,26.7392,26.61,26.7392,864,0
KEM.US,D,20240522,000000,26.6199,26.6199,26.6199,26.6199,118,0
KEM.US,D,20240523,000000,26.49,26.49,26.34,26.34,202,0
KEM.US,D,20240524,000000,26.3858,26.3858,26.3858,26.3858,2,0
KEM.US,D,20240528,000000,26.3057,26.3057,26.2962,26.2962,511,0
KEM.US,D,20240529,000000,25.99,26.13,25.99,26.13,250,0
KEM.US,D,20240530,000000,25.991,25.991,25.991,25.991,27,0
KEM.US,D,20240531,000000,25.7162,25.7162,25.7162,25.7162,71,0
KEM.US,D,20240603,000000,25.8604,25.8604,25.51,25.8604,197,0
KEM.US,D,20240604,000000,25.73,25.91,25.73,25.91,220,0
KEM.US,D,20240605,000000,26.0068,26.0068,26.0068,26.0068,2,0
KEM.US,D,20240606,000000,26.09,26.09,26.09,26.09,3,0
KEM.US,D,20240607,000000,25.89,25.93,25.89,25.93,203,0
KEM.US,D,20240610,000000,25.9001,25.9001,25.9001,25.9001,2,0
KEM.US,D,20240611,000000,25.7107,25.7107,25.7107,25.7107,19,0
KEM.US,D,20240612,000000,25.91,25.98,25.91,25.98,201,0
KEM.US,D,20240613,000000,25.775,25.775,25.7467,25.7467,527,0
KEM.US,D,20240614,000000,25.72,25.86,25.72,25.86,200,0
KEM.US,D,20240617,000000,25.845,25.845,25.845,25.845,38,0
KEM.US,D,20240618,000000,25.89,26.1,25.88,26.1,316,0
KEM.US,D,20240620,000000,25.9485,25.9485,25.9485,25.9485,27,0
KEM.US,D,20240621,000000,25.86,25.91,25.86,25.91,203,0
