<TICKER>,<PER>,<DATE>,<TIME>,<OPEN>,<HIGH>,<LOW>,<CLOSE>,<VOL>,<OPENINT>
KLIP.US,D,20230113,000000,22.9922,23.15,22.9922,23.1189,6838.7003460887,0
KLIP.US,D,20230117,000000,22.9829,22.9829,22.7388,22.8275,11847.432080758,0
KLIP.US,D,20230118,000000,22.7358,22.7358,22.5789,22.5789,3273.490910193,0
KLIP.US,D,20230119,000000,22.7414,22.9133,22.6392,22.7647,2550.1150826199,0
KLIP.US,D,20230120,000000,23.0665,23.1316,23.0288,23.0665,3486.6284308172,0
KLIP.US,D,20230123,000000,23.1419,23.2107,23.1419,23.2107,531.76734943615,0
KLIP.US,D,20230124,000000,23.1176,23.2335,23.0665,23.2335,1258.3725333823,0
KLIP.US,D,20230125,000000,23.1779,23.3266,23.1779,23.3221,1138.8863475778,0
KLIP.US,D,20230126,000000,23.3584,23.5032,23.3584,23.5032,984.95369379367,0
KLIP.US,D,20230127,000000,23.6076,23.6076,23.4366,23.5211,19347.2587118,0
KLIP.US,D,20230130,000000,23.2561,23.2561,22.9901,23.0493,5924.17693308,0
KLIP.US,D,20230131,000000,23.1939,23.1939,23.0298,23.0298,2805.24725065,0
KLIP.US,D,20230201,000000,23.3891,23.5316,23.2295,23.4131,7624.16729323,0
KLIP.US,D,20230202,000000,23.4271,23.4271,23.2656,23.2688,2837.87864456,0
KLIP.US,D,20230203,000000,23.1602,23.1602,22.9424,22.9424,2808.40512748,0
KLIP.US,D,20230206,000000,22.7146,22.7811,22.3821,22.7238,61834.38620823,0
KLIP.US,D,20230207,000000,23.0281,23.0614,22.7716,23.0091,41737.65806211,0
KLIP.US,D,20230208,000000,23.0281,23.0281,22.6006,22.6959,18940.94522634,0
KLIP.US,D,20230209,000000,23.1279,23.1279,23.0001,23.0566,6047.33412945,0
KLIP.US,D,20230210,000000,22.7241,22.7241,22.2539,22.3641,26623.00692812,0
KLIP.US,D,20230213,000000,22.8096,23.0471,22.8096,22.9377,12282.03561748,0
KLIP.US,D,20230214,000000,22.6196,22.7479,22.5246,22.7417,6939.96064673,0
KLIP.US,D,20230215,000000,22.6956,22.7906,22.4866,22.7244,4371.55415833,0
KLIP.US,D,20230216,000000,22.7428,22.8381,22.6861,22.7671,2218.93478588,0
KLIP.US,D,20230217,000000,22.4581,22.4581,22.3251,22.4554,5974.70296236,0
KLIP.US,D,20230221,000000,22.3346,22.3346,21.9919,21.9927,5985.22921846,0
KLIP.US,D,20230222,000000,22.0781,22.2301,21.9736,22.1069,4988.39276579,0
KLIP.US,D,20230223,000000,22.2776,22.3251,21.8881,22.0425,1826.30543335,0
KLIP.US,D,20230224,000000,21.61,21.61,21.2408,21.3754,8048,0
KLIP.US,D,20230227,000000,21.62,21.88,21.62,21.7757,6814,0
KLIP.US,D,20230228,000000,21.8524,21.8524,21.6601,21.6858,23794,0
KLIP.US,D,20230301,000000,22.73,22.76,22.3,22.3673,3456,0
KLIP.US,D,20230302,000000,22.35,22.8699,22.35,22.8699,9006,0
KLIP.US,D,20230303,000000,22.82,23.07,22.82,22.95,5919,0
KLIP.US,D,20230306,000000,23,23,22.7264,22.7264,7815,0
KLIP.US,D,20230307,000000,22.36,22.4552,22.2645,22.27,5304,0
KLIP.US,D,20230308,000000,22.13,22.13,21.96,22.0678,1820,0
KLIP.US,D,20230309,000000,21.79,21.79,21,21.11,10125,0
KLIP.US,D,20230310,000000,21.0245,21.25,21.0245,21.1082,8078,0
KLIP.US,D,20230313,000000,21.22,21.6,21.22,21.4656,4216,0
KLIP.US,D,20230314,000000,21.34,21.5765,21.29,21.5765,2223,0
KLIP.US,D,20230315,000000,21.27,21.27,20.79,21.0769,9442,0
KLIP.US,D,20230316,000000,21.15,21.578,21.08,21.578,2094,0
KLIP.US,D,20230317,000000,21.55,21.67,21.4,21.6026,10888,0
KLIP.US,D,20230320,000000,21.52,21.5349,21.52,21.5349,702,0
KLIP.US,D,20230321,000000,21.77,21.8,21.6114,21.725,19873,0
KLIP.US,D,20230322,000000,21.91,21.91,21.7075,21.7124,1807,0
KLIP.US,D,20230323,000000,22.18,22.18,21.905,22.0195,4460,0
KLIP.US,D,20230324,000000,21.99,22.068,21.9501,22.0508,1908,0
KLIP.US,D,20230327,000000,21.96,22.03,21.9,22.028,7886,0
KLIP.US,D,20230328,000000,22.11,22.228,22.0601,22.228,5400,0
KLIP.US,D,20230329,000000,21.16,21.23,21.05,21.2187,11450,0
KLIP.US,D,20230330,000000,21.3,21.34,21.28,21.3199,2014,0
KLIP.US,D,20230331,000000,21.31,21.34,21.2,21.282,15616,0
KLIP.US,D,20230403,000000,21.31,21.3499,21.256,21.3299,10307,0
KLIP.US,D,20230404,000000,21.37,21.37,21.25,21.285,3839,0
KLIP.US,D,20230405,000000,21.27,21.27,21.19,21.26,5275,0
KLIP.US,D,20230406,000000,21.2545,21.38,21.215,21.365,6884,0
KLIP.US,D,20230410,000000,21.37,21.38,21.3001,21.38,6088,0
KLIP.US,D,20230411,000000,21.38,21.44,21.32,21.4287,18700,0
KLIP.US,D,20230412,000000,21.3,21.3,21.09,21.1,13054,0
KLIP.US,D,20230413,000000,21.38,21.38,21.29,21.3001,2766,0
KLIP.US,D,20230414,000000,21.36,21.36,21.2,21.2599,21473,0
KLIP.US,D,20230417,000000,21.415,21.53,21.415,21.5054,3595,0
KLIP.US,D,20230418,000000,21.6,21.6,21.5201,21.54,6682,0
KLIP.US,D,20230419,000000,21.56,21.56,21.465,21.4799,3729,0
KLIP.US,D,20230420,000000,21.56,21.57,21.36,21.4348,11678,0
KLIP.US,D,20230421,000000,21.31,21.31,20.85,21.042,9483,0
KLIP.US,D,20230424,000000,21.31,21.31,20.8501,20.94,4781,0
KLIP.US,D,20230425,000000,20.85,20.86,20.4,20.52,12953,0
KLIP.US,D,20230426,000000,19.94,19.94,19.61,19.73,21481,0
KLIP.US,D,20230427,000000,19.85,20.11,19.74,19.925,18997,0
KLIP.US,D,20230428,000000,19.99,20.15,19.88,20.0449,37150,0
KLIP.US,D,20230501,000000,20.11,20.18,20.0093,20.1276,21518,0
KLIP.US,D,20230502,000000,20.05,20.05,19.52,19.67,34847,0
KLIP.US,D,20230503,000000,19.75,19.78,19.5505,19.6588,27992,0
KLIP.US,D,20230504,000000,19.66,19.95,19.66,19.8756,20333,0
KLIP.US,D,20230505,000000,20.2,20.2,19.895,20.0199,18830,0
KLIP.US,D,20230508,000000,20.07,20.07,19.8023,19.9818,45252,0
KLIP.US,D,20230509,000000,19.86,19.86,19.56,19.7,44559,0
KLIP.US,D,20230510,000000,19.71,19.8,19.56,19.74,32060,0
KLIP.US,D,20230511,000000,19.76,20.09,19.74,20.0771,20178,0
KLIP.US,D,20230512,000000,20,20,19.699,19.7707,24536,0
KLIP.US,D,20230515,000000,20.23,20.3999,20.05,20.3514,34921,0
KLIP.US,D,20230516,000000,20.3,20.43,20.07,20.28,70860,0
KLIP.US,D,20230517,000000,20.2,20.36,20.0629,20.318,43219,0
KLIP.US,D,20230518,000000,20.42,20.42,19.83,19.9,70793,0
KLIP.US,D,20230519,000000,19.91,19.91,19.71,19.81,62080,0
KLIP.US,D,20230522,000000,20.11,20.26,20.09,20.1187,60714,0
KLIP.US,D,20230523,000000,19.97,19.9887,19.63,19.74,71519,0
KLIP.US,D,20230524,000000,19.67,19.75,19.33,19.52,59382,0
KLIP.US,D,20230525,000000,19.54,19.54,19.1,19.19,73699,0
KLIP.US,D,20230526,000000,18.44,18.84,18.4001,18.66,54248,0
KLIP.US,D,20230530,000000,18.71,18.73,18.14,18.2078,55288,0
KLIP.US,D,20230531,000000,18.11,18.2,17.76,18.2,75537,0
KLIP.US,D,20230601,000000,18.29,18.88,18.289,18.785,33944,0
KLIP.US,D,20230602,000000,19.33,19.33,19.06,19.11,19551,0
KLIP.US,D,20230605,000000,19.14,19.14,18.9,19.1,16869,0
KLIP.US,D,20230606,000000,19.17,19.53,19.03,19.33,69761,0
KLIP.US,D,20230607,000000,19.46,19.46,19.25,19.26,48581,0
KLIP.US,D,20230608,000000,19.46,19.49,19.35,19.4349,31954,0
KLIP.US,D,20230609,000000,19.41,19.58,19.41,19.5,49811,0
KLIP.US,D,20230612,000000,19.64,19.64,19.46,19.55,47455,0
KLIP.US,D,20230613,000000,19.72,19.78,19.61,19.67,71228,0
KLIP.US,D,20230614,000000,19.74,19.8,19.68,19.71,104085,0
KLIP.US,D,20230615,000000,19.75,19.85,19.75,19.82,61319,0
KLIP.US,D,20230616,000000,19.91,19.91,19.7201,19.79,85470,0
KLIP.US,D,20230620,000000,19.75,19.7987,19.589,19.59,137337,0
KLIP.US,D,20230621,000000,19.61,19.61,19.46,19.5183,90752,0
KLIP.US,D,20230622,000000,19.59,19.59,19.41,19.55,84904,0
KLIP.US,D,20230623,000000,19.49,19.49,19.2071,19.35,111466,0
KLIP.US,D,20230626,000000,19.46,19.4999,19.34,19.4029,115825,0
KLIP.US,D,20230627,000000,19.7,19.7499,19.5415,19.64,104294,0
KLIP.US,D,20230628,000000,18.74,18.7799,18.58,18.71,136669,0
KLIP.US,D,20230629,000000,18.6,18.6,18.45,18.5226,104900,0
KLIP.US,D,20230630,000000,18.63,18.65,18.51,18.6,108038,0
KLIP.US,D,20230703,000000,18.89,18.98,18.82,18.85,151024,0
KLIP.US,D,20230705,000000,18.89,18.89,18.71,18.83,181613,0
KLIP.US,D,20230706,000000,18.62,18.65,18.36,18.44,174202,0
KLIP.US,D,20230707,000000,18.75,18.8829,18.62,18.84,95063,0
KLIP.US,D,20230710,000000,18.78,18.9299,18.7061,18.89,126270,0
KLIP.US,D,20230711,000000,19.03,19.05,18.821,19.01,82855,0
KLIP.US,D,20230712,000000,19.31,19.33,19.179,19.31,125062,0
KLIP.US,D,20230713,000000,19.39,19.46,19.36,19.45,147922,0
KLIP.US,D,20230714,000000,19.42,19.42,19.24,19.35,146640,0
KLIP.US,D,20230717,000000,19.29,19.39,19.207,19.38,235187,0
KLIP.US,D,20230718,000000,19.29,19.29,19.04,19.13,268792,0
KLIP.US,D,20230719,000000,19.29,19.3499,19.188,19.22,117810,0
KLIP.US,D,20230720,000000,19.19,19.22,19.09,19.18,178533,0
KLIP.US,D,20230721,000000,19.35,19.35,19.19,19.25,147766,0
KLIP.US,D,20230724,000000,19.22,19.52,19.16,19.47,337384,0
KLIP.US,D,20230725,000000,19.62,19.62,19.45,19.49,261997,0
KLIP.US,D,20230726,000000,19.56,19.59,19.5001,19.56,282637,0
KLIP.US,D,20230727,000000,18.84,18.84,18.66,18.71,347184,0
KLIP.US,D,20230728,000000,18.89,18.89,18.78,18.78,149603,0
KLIP.US,D,20230731,000000,18.87,18.9,18.8,18.9,223264,0
KLIP.US,D,20230801,000000,18.7,18.84,18.7,18.8,156620,0
KLIP.US,D,20230802,000000,18.69,18.69,18.51,18.53,202720,0
KLIP.US,D,20230803,000000,18.6,18.8,18.6,18.73,172136,0
KLIP.US,D,20230804,000000,18.83,18.83,18.76,18.79,122081,0
KLIP.US,D,20230807,000000,18.85,18.89,18.6047,18.74,106485,0
KLIP.US,D,20230808,000000,18.63,18.63,18.43,18.61,136020,0
KLIP.US,D,20230809,000000,18.77,18.77,18.58,18.68,115946,0
KLIP.US,D,20230810,000000,18.9,19.0294,18.81,18.87,119783,0
KLIP.US,D,20230811,000000,18.6,18.6,18.425,18.52,175820,0
KLIP.US,D,20230814,000000,18.47,18.5693,18.34,18.56,188163,0
KLIP.US,D,20230815,000000,18.49,18.52,18.211,18.31,231825,0
KLIP.US,D,20230816,000000,18.15,18.23,17.99,18.11,201700,0
KLIP.US,D,20230817,000000,18.38,18.3899,18.18,18.23,104283,0
KLIP.US,D,20230818,000000,17.75,17.77,17.58,17.72,274744,0
KLIP.US,D,20230821,000000,17.72,17.829,17.58,17.82,169507,0
KLIP.US,D,20230822,000000,18.13,18.13,17.77,17.86,137928,0
KLIP.US,D,20230823,000000,18,18.19,17.9699,18.15,154835,0
KLIP.US,D,20230824,000000,18.45,18.45,18.2101,18.27,171192,0
KLIP.US,D,20230825,000000,18.36,18.36,17.9211,18.22,238136,0
KLIP.US,D,20230828,000000,18.54,18.5697,18.282,18.53,297554,0
KLIP.US,D,20230829,000000,17.81,18.0899,17.81,17.97,207300,0
KLIP.US,D,20230830,000000,17.81,17.99,17.81,17.97,178203,0
KLIP.US,D,20230831,000000,17.92,17.95,17.61,17.85,324038,0
KLIP.US,D,20230901,000000,17.98,18.3,17.98,18.19,285549,0
KLIP.US,D,20230905,000000,18.13,18.13,18.03,18.1,122725,0
KLIP.US,D,20230906,000000,18.05,18.22,18.05,18.13,110073,0
KLIP.US,D,20230907,000000,17.91,17.93,17.58,17.73,188830,0
KLIP.US,D,20230908,000000,17.77,17.77,17.56,17.7,151519,0
KLIP.US,D,20230911,000000,17.94,17.95,17.8455,17.95,196402,0
KLIP.US,D,20230912,000000,17.99,18.02,17.9182,17.95,150021,0
KLIP.US,D,20230913,000000,17.96,17.96,17.85,17.91,170729,0
KLIP.US,D,20230914,000000,18,18.03,17.92,17.99,141789,0
KLIP.US,D,20230915,000000,18.01,18.04,17.8,17.95,189728,0
KLIP.US,D,20230918,000000,17.91,18,17.84,17.99,384384,0
KLIP.US,D,20230919,000000,17.99,18.04,17.92,17.99,247101,0
KLIP.US,D,20230920,000000,18,18,17.815,17.83,335840,0
KLIP.US,D,20230921,000000,17.59,17.63,17.505,17.61,461198,0
KLIP.US,D,20230922,000000,18.03,18.03,17.91,17.99,327075,0
KLIP.US,D,20230925,000000,17.75,17.94,17.67,17.94,400976,0
KLIP.US,D,20230926,000000,17.87,17.87,17.76,17.78,590544,0
KLIP.US,D,20230927,000000,17.13,17.13,16.92,17.09,429103,0
KLIP.US,D,20230928,000000,16.96,17.08,16.85,17.08,195703,0
KLIP.US,D,20230929,000000,17.23,17.34,17.16,17.23,550922,0
KLIP.US,D,20231002,000000,17.19,17.23,17.13,17.21,348667,0
KLIP.US,D,20231003,000000,17,17.102,16.98,17,224915,0
KLIP.US,D,20231004,000000,16.92,16.97,16.91,16.94,160280,0
KLIP.US,D,20231005,000000,16.94,17.04,16.88,17.04,164775,0
KLIP.US,D,20231006,000000,17.05,17.41,17.05,17.36,174693,0
KLIP.US,D,20231009,000000,17.22,17.37,17.22,17.35,100106,0
KLIP.US,D,20231010,000000,17.53,17.63,17.5,17.6,158857,0
KLIP.US,D,20231011,000000,17.7,17.73,17.65,17.7,164491,0
KLIP.US,D,20231012,000000,17.75,17.75,17.46,17.51,228532,0
KLIP.US,D,20231013,000000,17.49,17.5117,17.39,17.47,161393,0
KLIP.US,D,20231016,000000,17.31,17.5791,17.25,17.57,205619,0
KLIP.US,D,20231017,000000,17.43,17.5254,17.39,17.48,333702,0
KLIP.US,D,20231018,000000,17.38,17.39,17.2306,17.27,389753,0
KLIP.US,D,20231019,000000,17.14,17.19,17.06,17.08,265195,0
KLIP.US,D,20231020,000000,16.94,16.97,16.83,16.89,294247,0
KLIP.US,D,20231023,000000,16.84,17.04,16.68,17,410895,0
KLIP.US,D,20231024,000000,17.18,17.44,17.1134,17.4,367920,0
KLIP.US,D,20231025,000000,17.2,17.28,17.09,17.16,391398,0
KLIP.US,D,20231026,000000,17.22,17.28,17.1115,17.2,505994,0
KLIP.US,D,20231027,000000,16.58,16.69,16.5,16.54,830339,0
KLIP.US,D,20231030,000000,16.6,16.672,16.55,16.59,631681,0
KLIP.US,D,20231031,000000,16.44,16.5,16.27,16.43,369958,0
KLIP.US,D,20231101,000000,16.37,16.45,16.3401,16.45,178684,0
KLIP.US,D,20231102,000000,16.59,16.62,16.51,16.62,223361,0
KLIP.US,D,20231103,000000,16.9,16.9803,16.84,16.95,230010,0
KLIP.US,D,20231106,000000,17,17.03,16.98,17.01,139241,0
KLIP.US,D,20231107,000000,17.03,17.03,16.91,17,101908,0
KLIP.US,D,20231108,000000,17.03,17.075,17,17.04,80169,0
KLIP.US,D,20231109,000000,17.09,17.09,16.8895,16.96,89687,0
KLIP.US,D,20231110,000000,16.95,16.95,16.85,16.94,100461,0
KLIP.US,D,20231113,000000,16.97,17.08,16.97,17.02,115999,0
KLIP.US,D,20231114,000000,17.17,17.17,17.0792,17.15,114642,0
KLIP.US,D,20231115,000000,17.27,17.33,17.2,17.27,280223,0
KLIP.US,D,20231116,000000,17.15,17.24,17.12,17.18,198029,0
KLIP.US,D,20231117,000000,17.23,17.2684,17.19,17.23,172059,0
KLIP.US,D,20231120,000000,17.3,17.4,17.3,17.39,308088,0
KLIP.US,D,20231121,000000,17.36,17.37,17.3129,17.35,264262,0
KLIP.US,D,20231122,000000,17.42,17.4252,17.3199,17.38,421169,0
KLIP.US,D,20231124,000000,17.41,17.44,17.39,17.44,207439,0
KLIP.US,D,20231127,000000,17.42,17.42,17.34,17.37,589348,0
KLIP.US,D,20231128,000000,16.69,16.73,16.66,16.69,438012,0
KLIP.US,D,20231129,000000,16.59,16.6603,16.55,16.6,375220,0
KLIP.US,D,20231130,000000,16.6,16.7,16.53,16.7,413521,0
KLIP.US,D,20231201,000000,16.61,16.63,16.55,16.63,189522,0
KLIP.US,D,20231204,000000,16.52,16.52,16.37,16.39,343825,0
KLIP.US,D,20231205,000000,16.25,16.37,16.19,16.37,264031,0
KLIP.US,D,20231206,000000,16.39,16.51,16.32,16.32,155899,0
KLIP.US,D,20231207,000000,16.48,16.48,16.395,16.47,112337,0
KLIP.US,D,20231208,000000,16.41,16.455,16.37,16.38,140799,0
KLIP.US,D,20231211,000000,16.35,16.47,16.26,16.45,175302,0
KLIP.US,D,20231212,000000,16.49,16.59,16.43,16.58,136561,0
KLIP.US,D,20231213,000000,16.52,16.54,16.3037,16.54,245387,0
KLIP.US,D,20231214,000000,16.59,16.71,16.5887,16.67,160717,0
KLIP.US,D,20231215,000000,16.8,16.84,16.67,16.71,192416,0
KLIP.US,D,20231218,000000,16.72,16.72,16.39,16.61,496930,0
KLIP.US,D,20231219,000000,16.62,16.8,16.62,16.75,264304,0
KLIP.US,D,20231220,000000,16.64,16.6794,16.4,16.42,302245,0
KLIP.US,D,20231221,000000,16.67,16.87,16.59,16.87,193957,0
KLIP.US,D,20231222,000000,16.3,16.37,16.1,16.33,707795,0
KLIP.US,D,20231226,000000,16.48,16.6,16.352,16.43,577325,0
KLIP.US,D,20231227,000000,15.85,15.85,15.67,15.75,619805,0
KLIP.US,D,20231228,000000,16.05,16.15,16,16.05,371941,0
KLIP.US,D,20231229,000000,16.1,16.3,16.065,16.27,444034,0
KLIP.US,D,20240102,000000,16.06,16.06,15.89,15.96,666544,0
KLIP.US,D,20240103,000000,15.9,16.13,15.89,16.1,227539,0
KLIP.US,D,20240104,000000,16.03,16.11,16.02,16.02,196871,0
KLIP.US,D,20240105,000000,16.01,16.06,15.94,15.97,153322,0
KLIP.US,D,20240108,000000,15.76,15.86,15.695,15.86,201545,0
KLIP.US,D,20240109,000000,15.68,15.72,15.6,15.72,167641,0
KLIP.US,D,20240110,000000,15.74,15.75,15.632,15.67,126321,0
KLIP.US,D,20240111,000000,15.82,15.91,15.76,15.9,190031,0
KLIP.US,D,20240112,000000,15.92,16,15.8,15.87,146016,0
KLIP.US,D,20240116,000000,15.67,15.67,15.41,15.42,393622,0
KLIP.US,D,20240117,000000,14.98,15.1,14.81,15.09,285104,0
KLIP.US,D,20240118,000000,15.1,15.15,14.99,15.05,148473,0
KLIP.US,D,20240119,000000,14.93,15.1399,14.75,15.09,315875,0
KLIP.US,D,20240122,000000,14.62,14.7368,14.45,14.72,588596,0
KLIP.US,D,20240123,000000,15.14,15.39,15.14,15.32,162083,0
KLIP.US,D,20240124,000000,15.65,15.75,15.57,15.62,153302,0
KLIP.US,D,20240125,000000,15.7,15.74,15.53,15.59,166717,0
KLIP.US,D,20240126,000000,15.44,15.53,15.39,15.47,163978,0
KLIP.US,D,20240129,000000,14.91,14.91,14.53,14.63,245106,0
KLIP.US,D,20240130,000000,14.4,14.4501,14.36,14.37,163422,0
KLIP.US,D,20240131,000000,14.19,14.57,14.181,14.32,161412,0
KLIP.US,D,20240201,000000,14.38,14.64,14.38,14.5,146673,0
KLIP.US,D,20240202,000000,14.42,14.42,14.2,14.28,221425,0
KLIP.US,D,20240205,000000,14.3,14.36,14.265,14.33,168665,0
KLIP.US,D,20240206,000000,14.7,14.86,14.61,14.84,228664,0
KLIP.US,D,20240207,000000,14.66,14.7599,14.61,14.71,114073,0
KLIP.US,D,20240208,000000,14.69,14.7131,14.59,14.65,60285,0
KLIP.US,D,20240209,000000,14.7,14.77,14.56,14.77,77704,0
KLIP.US,D,20240212,000000,14.75,14.97,14.75,14.88,132498,0
KLIP.US,D,20240213,000000,14.88,14.8896,14.73,14.81,95373,0
KLIP.US,D,20240214,000000,14.85,14.9599,14.85,14.94,131852,0
KLIP.US,D,20240215,000000,14.99,15.03,14.95,15,98476,0
KLIP.US,D,20240216,000000,15.05,15.11,15.05,15.06,138207,0
KLIP.US,D,20240220,000000,15.2,15.2164,15.01,15.04,1268057,0
KLIP.US,D,20240221,000000,15.16,15.19,15.11,15.12,862989,0
KLIP.US,D,20240222,000000,15.21,15.21,15.14,15.19,799643,0
KLIP.US,D,20240223,000000,15.26,15.26,15.1701,15.2,462993,0
KLIP.US,D,20240226,000000,15.25,15.27,15.2,15.27,506733,0
KLIP.US,D,20240227,000000,14.68,14.6899,14.64,14.67,457136,0
KLIP.US,D,20240228,000000,14.66,14.66,14.55,14.6,371343,0
KLIP.US,D,20240229,000000,14.57,14.69,14.57,14.61,378620,0
KLIP.US,D,20240301,000000,14.72,14.75,14.6599,14.69,298125,0
KLIP.US,D,20240304,000000,14.7,14.7,14.53,14.57,269461,0
KLIP.US,D,20240305,000000,14.5,14.5,14.37,14.42,304354,0
KLIP.US,D,20240306,000000,14.55,14.6,14.5,14.55,194695,0
KLIP.US,D,20240307,000000,14.53,14.55,14.46,14.55,145594,0
KLIP.US,D,20240308,000000,14.59,14.6,14.4999,14.57,182211,0
KLIP.US,D,20240311,000000,14.7,14.79,14.665,14.76,403316,0
KLIP.US,D,20240312,000000,14.84,14.97,14.84,14.95,300558,0
KLIP.US,D,20240313,000000,15.02,15.05,15,15.03,346080,0
KLIP.US,D,20240314,000000,15.01,15.01,14.91,14.95,317749,0
KLIP.US,D,20240315,000000,14.97,14.9799,14.9249,14.96,220956,0
KLIP.US,D,20240318,000000,15.05,15.055,14.98,15.01,194298,0
KLIP.US,D,20240319,000000,15,15.03,14.96,15.02,134946,0
KLIP.US,D,20240320,000000,15.13,15.15,15.08,15.15,251508,0
KLIP.US,D,20240321,000000,15.19,15.21,15.09,15.1,270102,0
KLIP.US,D,20240322,000000,15.09,15.09,15.03,15.08,315378,0
KLIP.US,D,20240325,000000,15.07,15.1213,15.04,15.1,477242,0
KLIP.US,D,20240326,000000,14.54,14.54,14.47,14.5,483705,0
KLIP.US,D,20240327,000000,14.48,14.5,14.44,14.5,222140,0
KLIP.US,D,20240328,000000,14.53,14.6,14.53,14.55,308749,0
KLIP.US,D,20240401,000000,14.55,14.7,14.55,14.68,349591,0
KLIP.US,D,20240402,000000,14.69,14.72,14.66,14.72,224161,0
KLIP.US,D,20240403,000000,14.66,14.69,14.63,14.68,275924,0
KLIP.US,D,20240404,000000,14.72,14.73,14.66,14.665,253071,0
KLIP.US,D,20240405,000000,14.65,14.6799,14.645,14.66,136691,0
KLIP.US,D,20240408,000000,14.73,14.73,14.6801,14.71,238052,0
KLIP.US,D,20240409,000000,14.75,14.8,14.74,14.8,181704,0
KLIP.US,D,20240410,000000,14.71,14.82,14.71,14.8,182767,0
KLIP.US,D,20240411,000000,14.91,14.91,14.7906,14.82,240166,0
KLIP.US,D,20240412,000000,14.81,14.81,14.62,14.63,266445,0
KLIP.US,D,20240415,000000,14.76,14.7677,14.59,14.64,157342,0
KLIP.US,D,20240416,000000,14.58,14.58,14.45,14.52,209782,0
KLIP.US,D,20240417,000000,14.52,14.52,14.41,14.46,215145,0
KLIP.US,D,20240418,000000,14.54,14.63,14.5,14.58,188522,0
KLIP.US,D,20240419,000000,14.53,14.53,14.44,14.53,230139,0
KLIP.US,D,20240422,000000,14.7,14.865,14.64,14.86,273865,0
KLIP.US,D,20240423,000000,14.94,14.99,14.9101,14.99,138968,0
KLIP.US,D,20240424,000000,15.07,15.08,15.0101,15.04,229777,0
KLIP.US,D,20240425,000000,15.01,15.08,15.0099,15.08,335790,0
KLIP.US,D,20240426,000000,14.6,14.62,14.5387,14.56,429677,0
KLIP.US,D,20240429,000000,14.57,14.58,14.52,14.57,279784,0
KLIP.US,D,20240430,000000,14.54,14.54,14.49,14.49,347415,0
KLIP.US,D,20240501,000000,14.53,14.555,14.49,14.53,301310,0
KLIP.US,D,20240502,000000,14.56,14.66,14.56,14.64,249288,0
KLIP.US,D,20240503,000000,14.68,14.68,14.62,14.66,193081,0
KLIP.US,D,20240506,000000,14.7,14.7,14.65,14.66,180909,0
KLIP.US,D,20240507,000000,14.65,14.65,14.61,14.64,161785,0
KLIP.US,D,20240508,000000,14.58,14.62,14.54,14.62,187006,0
KLIP.US,D,20240509,000000,14.68,14.6901,14.6501,14.68,224235,0
KLIP.US,D,20240510,000000,14.73,14.73,14.67,14.68,149522,0
KLIP.US,D,20240513,000000,14.74,14.8,14.7309,14.77,187958,0
KLIP.US,D,20240514,000000,14.81,14.81,14.76,14.79,275211,0
KLIP.US,D,20240515,000000,14.86,14.86,14.77,14.82,338242,0
KLIP.US,D,20240516,000000,14.88,14.89,14.83,14.89,202405,0
KLIP.US,D,20240517,000000,14.89,14.92,14.865,14.89,256238,0
KLIP.US,D,20240520,000000,14.93,14.93,14.8511,14.87,262976,0
KLIP.US,D,20240521,000000,14.87,14.87,14.74,14.81,344237,0
KLIP.US,D,20240522,000000,14.86,14.86,14.7399,14.74,362391,0
KLIP.US,D,20240523,000000,14.75,14.75,14.6,14.63,343788,0
KLIP.US,D,20240524,000000,14.65,14.66,14.59,14.63,293212,0
KLIP.US,D,20240528,000000,14.73,14.73,14.6097,14.64,234980,0
KLIP.US,D,20240529,000000,14.5,14.53,14.465,14.52,362066,0
KLIP.US,D,20240530,000000,14.02,14.13,14,14.13,446458,0
KLIP.US,D,20240531,000000,13.96,14.0067,13.85,13.96,538019,0
KLIP.US,D,20240603,000000,14.03,14.09,13.69,13.93,360308,0
KLIP.US,D,20240604,000000,13.95,14.035,13.89,13.93,239342,0
KLIP.US,D,20240605,000000,13.96,14.12,13.96,14.09,230519,0
KLIP.US,D,20240606,000000,14.07,14.17,14.06,14.16,172293,0
KLIP.US,D,20240607,000000,14.02,14.05,13.87,13.9,257487,0
KLIP.US,D,20240610,000000,13.9,13.9899,13.86,13.96,198398,0
KLIP.US,D,20240611,000000,14.04,14.04,13.89,13.92,145903,0
KLIP.US,D,20240612,000000,13.95,14,13.935,13.97,183155,0
KLIP.US,D,20240613,000000,14.02,14.11,13.98,14.02,216133,0
KLIP.US,D,20240614,000000,13.91,13.97,13.875,13.88,146562,0
KLIP.US,D,20240617,000000,13.92,13.99,13.8901,13.955,192452,0
KLIP.US,D,20240618,000000,13.94,13.9799,13.89,13.94,123646,0
KLIP.US,D,20240620,000000,13.95,14.0093,13.8207,13.87,199415,0
KLIP.US,D,20240621,000000,13.81,13.84,13.75,13.8,137797,0
