<TICKER>,<PER>,<DATE>,<TIME>,<OPEN>,<HIGH>,<LOW>,<CLOSE>,<VOL>,<OPENINT>
KNGS.US,D,20231103,000000,25.85,26.0699,25.85,25.8944,5499,0
KNGS.US,D,20231106,000000,25.98,25.98,25.7,25.7347,21103,0
KNGS.US,D,20231107,000000,25.73,25.73,25.5899,25.6094,5884,0
KNGS.US,D,20231108,000000,25.6,25.6,25.37,25.4865,14588,0
KNGS.US,D,20231109,000000,25.48,25.48,25.1691,25.1691,7820,0
KNGS.US,D,20231110,000000,25.175,25.3461,25.1301,25.3461,1551,0
KNGS.US,D,20231113,000000,25.4,25.4,25.21,25.2765,8542,0
KNGS.US,D,20231114,000000,25.7617,26.05,25.7617,25.9961,2806,0
KNGS.US,D,20231115,000000,26.32,26.3288,26.2101,26.2864,4023,0
KNGS.US,D,20231116,000000,26.26,26.28,26.215,26.2205,2009,0
KNGS.US,D,20231117,000000,26.2999,26.31,26.22,26.2612,4062,0
KNGS.US,D,20231120,000000,26.34,26.34,26.1699,26.2028,4843,0
KNGS.US,D,20231121,000000,26.21,26.21,26.1767,26.1967,2094,0
KNGS.US,D,20231122,000000,26.36,26.36,26.2201,26.3098,8310,0
KNGS.US,D,20231124,000000,26.78,26.78,26.4129,26.4129,1340,0
KNGS.US,D,20231127,000000,26.46,26.46,26.285,26.3545,3538,0
KNGS.US,D,20231128,000000,26.36,26.43,26.27,26.3205,5233,0
KNGS.US,D,20231129,000000,26.3,26.42,26.3,26.3043,1268,0
KNGS.US,D,20231130,000000,26.27,26.5406,26.1809,26.5406,3371,0
KNGS.US,D,20231201,000000,26.6,26.974,26.5914,26.974,2131,0
KNGS.US,D,20231204,000000,26.95,27.2253,26.95,27.2253,1993,0
KNGS.US,D,20231205,000000,26.9005,26.9302,26.9005,26.9302,621,0
KNGS.US,D,20231206,000000,27.1401,27.19,27.0592,27.0592,1379,0
KNGS.US,D,20231207,000000,27.2,27.248,27.1113,27.248,1844,0
KNGS.US,D,20231208,000000,27.24,27.335,27.1801,27.22,1014,0
KNGS.US,D,20231211,000000,27.55,27.55,27.21,27.2814,2462,0
KNGS.US,D,20231212,000000,27.22,27.2752,27.22,27.2752,354,0
KNGS.US,D,20231213,000000,27.28,28.0192,27.28,28.0192,3262,0
KNGS.US,D,20231214,000000,28.23,28.4,28.1716,28.1716,5203,0
KNGS.US,D,20231215,000000,28.18,28.18,27.81,27.8472,6126,0
KNGS.US,D,20231218,000000,27.98,27.98,27.8324,27.8324,2388,0
KNGS.US,D,20231219,000000,27.98,28.04,27.98,28.0152,1986,0
KNGS.US,D,20231220,000000,27.92,28.02,27.6,27.6,4288,0
KNGS.US,D,20231221,000000,27.74,27.7857,27.6,27.7857,1309,0
KNGS.US,D,20231222,000000,28,28.07,27.9368,27.9368,1977,0
KNGS.US,D,20231226,000000,27.9,28.0204,27.9,28.0204,1112,0
KNGS.US,D,20231227,000000,28.3,28.3,27.75,27.75,2624,0
KNGS.US,D,20231228,000000,27.69,27.9,27.69,27.8318,5658,0
KNGS.US,D,20231229,000000,27.92,27.92,27.74,27.7959,6787,0
KNGS.US,D,20240102,000000,27.7,28.08,27.69,27.97,26500,0
KNGS.US,D,20240103,000000,27.66,27.7599,27.5134,27.5134,4247,0
KNGS.US,D,20240104,000000,27.53,27.65,27.47,27.5004,7742,0
KNGS.US,D,20240105,000000,27.68,27.68,27.4601,27.5199,3101,0
KNGS.US,D,20240108,000000,27.6,27.7193,27.53,27.7193,5457,0
KNGS.US,D,20240109,000000,27.58,27.6815,27.58,27.6771,3687,0
KNGS.US,D,20240110,000000,27.76,27.76,27.68,27.7456,1678,0
KNGS.US,D,20240111,000000,27.6001,27.6001,27.46,27.5912,2512,0
KNGS.US,D,20240112,000000,27.76,27.76,27.525,27.5656,4657,0
KNGS.US,D,20240116,000000,27.59,27.59,27.14,27.2065,5383,0
KNGS.US,D,20240117,000000,27.0142,27.0471,27.0142,27.0471,1433,0
KNGS.US,D,20240118,000000,27.03,27.115,26.89,27.1146,2890,0
KNGS.US,D,20240119,000000,27.32,27.32,26.9615,27.1362,3504,0
KNGS.US,D,20240122,000000,27.313,27.313,27.2356,27.2924,955,0
KNGS.US,D,20240123,000000,27.295,27.295,27.1578,27.2448,685,0
KNGS.US,D,20240124,000000,27.245,27.245,26.8292,26.8292,5474,0
KNGS.US,D,20240125,000000,27.05,27.1234,26.87,27.1234,3936,0
KNGS.US,D,20240126,000000,27.1764,27.1764,27.1764,27.1764,435,0
KNGS.US,D,20240129,000000,27.135,27.3124,27.135,27.3124,524,0
KNGS.US,D,20240130,000000,27.15,27.3033,27.14,27.3033,611,0
KNGS.US,D,20240131,000000,27,27,26.9713,26.9713,612,0
KNGS.US,D,20240201,000000,27.3377,27.3377,27.3377,27.3377,230,0
KNGS.US,D,20240202,000000,27.0601,27.28,27.0601,27.1854,7932,0
KNGS.US,D,20240205,000000,27.16,27.16,26.75,26.7965,12565,0
KNGS.US,D,20240206,000000,26.84,26.9573,26.83,26.9573,2043,0
KNGS.US,D,20240207,000000,27.0599,27.0859,27.0129,27.0129,576,0
KNGS.US,D,20240208,000000,27.0799,27.0799,27.0712,27.0712,611,0
KNGS.US,D,20240209,000000,26.825,26.88,26.825,26.8622,2796,0
KNGS.US,D,20240212,000000,26.9165,27.177,26.9165,27.177,945,0
KNGS.US,D,20240213,000000,26.85,26.85,26.6274,26.6274,647,0
KNGS.US,D,20240214,000000,26.6,26.7093,26.6,26.7093,556,0
KNGS.US,D,20240215,000000,27.08,27.08,26.9699,27.0737,1612,0
KNGS.US,D,20240216,000000,26.94,27.05,26.94,26.9447,487,0
KNGS.US,D,20240220,000000,26.99,27.14,26.8501,27.12,2045,0
KNGS.US,D,20240221,000000,27.1407,27.15,27.0801,27.1426,2144,0
KNGS.US,D,20240222,000000,27.09,27.2734,27.09,27.2734,1164,0
KNGS.US,D,20240223,000000,27.3001,27.3899,27.3001,27.3636,823,0
KNGS.US,D,20240226,000000,27.34,27.34,27.14,27.2148,3771,0
KNGS.US,D,20240227,000000,27.3144,27.3144,27.3144,27.3144,136,0
KNGS.US,D,20240228,000000,27.22,27.3399,27.22,27.2963,1923,0
KNGS.US,D,20240229,000000,27.5,27.5,27.4943,27.4943,394,0
KNGS.US,D,20240301,000000,27.49,27.49,27.295,27.4433,1045,0
KNGS.US,D,20240304,000000,27.48,27.58,27.4077,27.58,1162,0
KNGS.US,D,20240305,000000,27.75,27.75,27.49,27.5845,748,0
KNGS.US,D,20240306,000000,27.61,27.7284,27.61,27.72,867,0
KNGS.US,D,20240307,000000,27.9699,27.9699,27.9172,27.9172,517,0
KNGS.US,D,20240308,000000,27.92,28.01,27.92,27.9379,885,0
KNGS.US,D,20240311,000000,27.85,28.0672,27.85,28.0672,530,0
KNGS.US,D,20240312,000000,28.19,28.19,28.0939,28.0939,604,0
KNGS.US,D,20240313,000000,28.23,28.23,28.2004,28.2004,328,0
KNGS.US,D,20240314,000000,27.91,28.08,27.83,27.9169,28068,0
KNGS.US,D,20240315,000000,27.88,27.9572,27.88,27.9572,316,0
KNGS.US,D,20240318,000000,28.08,28.12,27.9458,27.9458,9660,0
KNGS.US,D,20240319,000000,28.1299,28.1407,28.055,28.1407,375,0
KNGS.US,D,20240320,000000,28.2225,28.37,28.2225,28.37,1470,0
KNGS.US,D,20240321,000000,28.25,28.5187,28.25,28.5187,364,0
KNGS.US,D,20240322,000000,28.43,28.43,28.2901,28.3497,1600,0
KNGS.US,D,20240325,000000,28.42,28.42,28.25,28.2516,2208,0
KNGS.US,D,20240326,000000,28.04,28.04,28.0137,28.0137,288,0
KNGS.US,D,20240327,000000,28.27,28.518,28.27,28.518,853,0
KNGS.US,D,20240328,000000,28.71,28.7299,28.56,28.6657,3443,0
KNGS.US,D,20240401,000000,28.81,28.81,28.48,28.5236,1251,0
KNGS.US,D,20240402,000000,28.44,28.44,28.3002,28.3002,406,0
KNGS.US,D,20240403,000000,28.12,28.2021,28.0601,28.2021,1184,0
KNGS.US,D,20240404,000000,28.26,28.33,28.0103,28.0103,608,0
KNGS.US,D,20240405,000000,27.96,28.0454,27.96,28.0454,968,0
KNGS.US,D,20240408,000000,28.18,28.2599,28.1202,28.1202,666,0
KNGS.US,D,20240409,000000,28.2817,28.2817,28.2817,28.2817,379,0
KNGS.US,D,20240410,000000,27.87,27.87,27.87,27.87,44,0
KNGS.US,D,20240411,000000,27.7,27.726,27.7,27.726,222,0
KNGS.US,D,20240412,000000,27.5,27.57,27.26,27.3401,3639,0
KNGS.US,D,20240415,000000,27.34,27.3401,27.1801,27.2786,1381,0
KNGS.US,D,20240416,000000,27.1261,27.1261,26.98,27.1,1368,0
KNGS.US,D,20240417,000000,27.1,27.1443,27.09,27.1443,3584,0
KNGS.US,D,20240418,000000,27.37,27.39,27.22,27.3609,552,0
KNGS.US,D,20240419,000000,27.34,27.3401,27.34,27.34,5783,0
KNGS.US,D,20240422,000000,27.79,28,27.79,27.8003,841,0
KNGS.US,D,20240423,000000,27.9201,27.93,27.9,27.915,1090,0
KNGS.US,D,20240424,000000,27.9499,28.02,27.9499,27.9935,823,0
KNGS.US,D,20240425,000000,27.8412,27.8419,27.7616,27.8419,741,0
KNGS.US,D,20240426,000000,27.84,27.84,27.7555,27.7555,599,0
KNGS.US,D,20240429,000000,27.8863,27.8863,27.8863,27.8863,150,0
KNGS.US,D,20240430,000000,27.8,27.8022,27.8,27.8022,473,0
KNGS.US,D,20240501,000000,27.49,27.6501,27.49,27.553,824,0
KNGS.US,D,20240502,000000,27.5,27.62,27.5,27.5983,861,0
KNGS.US,D,20240503,000000,27.63,27.7103,27.63,27.7103,651,0
KNGS.US,D,20240506,000000,27.61,27.77,27.61,27.7378,688,0
KNGS.US,D,20240507,000000,27.9135,27.9135,27.9135,27.9135,36,0
KNGS.US,D,20240508,000000,27.8986,27.959,27.83,27.959,860,0
KNGS.US,D,20240509,000000,28.08,28.2256,28.02,28.2256,894,0
KNGS.US,D,20240510,000000,28.3091,28.3091,28.3091,28.3091,96,0
KNGS.US,D,20240513,000000,28.56,28.56,28.2702,28.2702,465,0
KNGS.US,D,20240514,000000,28.44,28.44,28.1545,28.2844,746,0
KNGS.US,D,20240515,000000,28.41,28.41,28.2929,28.3,892,0
KNGS.US,D,20240516,000000,28.4631,28.4631,28.4631,28.4631,49,0
KNGS.US,D,20240517,000000,28.4445,28.4445,28.4445,28.4445,117,0
KNGS.US,D,20240520,000000,28.3208,28.395,28.31,28.3354,904,0
KNGS.US,D,20240521,000000,28.2816,28.2816,28.2816,28.2816,82,0
KNGS.US,D,20240522,000000,28.0127,28.0127,28.0127,28.0127,151,0
KNGS.US,D,20240523,000000,27.7097,27.7097,27.5443,27.5443,878,0
KNGS.US,D,20240524,000000,27.56,27.56,27.4804,27.4804,853,0
KNGS.US,D,20240528,000000,27.25,27.29,27.08,27.1577,1092,0
KNGS.US,D,20240529,000000,26.85,27,26.85,26.8833,687,0
KNGS.US,D,20240530,000000,27.0001,27.0516,27.0001,27.0516,233,0
KNGS.US,D,20240531,000000,27.33,27.6339,27.33,27.6339,709,0
KNGS.US,D,20240603,000000,27.54,27.76,27.54,27.5601,606,0
KNGS.US,D,20240604,000000,27.56,27.625,27.5,27.5315,2312,0
KNGS.US,D,20240605,000000,27.44,27.4888,27.3,27.4888,3989,0
KNGS.US,D,20240606,000000,27.4001,27.55,27.3699,27.3905,1353,0
KNGS.US,D,20240607,000000,27.25,27.3192,27.25,27.3192,1827,0
KNGS.US,D,20240610,000000,27.1244,27.28,27.1244,27.2428,1359,0
KNGS.US,D,20240611,000000,27.0921,27.2026,27.08,27.2026,743,0
KNGS.US,D,20240612,000000,27.34,27.34,27.2108,27.2108,181,0
KNGS.US,D,20240613,000000,27,27.1736,27,27.1736,1453,0
KNGS.US,D,20240614,000000,27.005,27.005,26.975,26.9778,627,0
KNGS.US,D,20240617,000000,27.05,27.2175,27.05,27.2175,525,0
KNGS.US,D,20240618,000000,27.2077,27.2199,27.2077,27.2199,392,0
KNGS.US,D,20240620,000000,27.26,27.41,27.26,27.41,388,0
KNGS.US,D,20240621,000000,27.2,27.3092,27.2,27.3092,419,0
