<TICKER>,<PER>,<DATE>,<TIME>,<OPEN>,<HIGH>,<LOW>,<CLOSE>,<VOL>,<OPENINT>
KOIN.US,D,20180130,000000,23.815,23.815,23.604,23.675,48461,0
KOIN.US,D,20180131,000000,23.843,23.851,23.68,23.815,41616,0
KOIN.US,D,20180201,000000,23.748,23.833,23.536,23.566,26126,0
KOIN.US,D,20180202,000000,23.557,23.557,23.012,23.041,17955,0
KOIN.US,D,20180205,000000,22.936,23.107,22.248,22.248,24459,0
KOIN.US,D,20180206,000000,21.933,22.735,21.518,22.735,7219,0
KOIN.US,D,20180207,000000,22.859,22.903,22.486,22.583,20455,0
KOIN.US,D,20180208,000000,22.515,22.515,21.675,21.675,10149,0
KOIN.US,D,20180209,000000,21.77,21.775,21.198,21.77,5935,0
KOIN.US,D,20180212,000000,22.506,22.506,22.012,22.297,34389,0
KOIN.US,D,20180213,000000,22.181,22.449,22.181,22.297,11596,0
KOIN.US,D,20180214,000000,22.305,22.822,22.305,22.764,9300,0
KOIN.US,D,20180215,000000,23.356,23.356,22.916,23.252,19500,0
KOIN.US,D,20180216,000000,23.193,23.403,23.193,23.27,5761,0
KOIN.US,D,20180220,000000,23.097,23.261,23.097,23.097,14119,0
KOIN.US,D,20180221,000000,23.252,23.47,23.106,23.141,8242,0
KOIN.US,D,20180222,000000,23.078,23.127,22.916,22.916,8720,0
KOIN.US,D,20180223,000000,23.155,23.299,23.155,23.299,7449,0
KOIN.US,D,20180226,000000,23.47,23.68,23.47,23.652,15226,0
KOIN.US,D,20180227,000000,23.748,23.795,23.597,23.605,8533,0
KOIN.US,D,20180228,000000,23.557,23.632,23.403,23.403,4969,0
KOIN.US,D,20180301,000000,23.393,23.393,22.81,23.031,4225,0
KOIN.US,D,20180302,000000,22.725,23.009,22.576,23.009,4201,0
KOIN.US,D,20180305,000000,22.954,23.423,22.907,23.392,7767,0
KOIN.US,D,20180306,000000,23.574,23.574,23.381,23.456,9892,0
KOIN.US,D,20180307,000000,23.299,23.652,23.299,23.652,9017,0
KOIN.US,D,20180308,000000,23.67,23.68,23.538,23.538,4784,0
KOIN.US,D,20180309,000000,23.795,24.024,23.748,23.976,12015,0
KOIN.US,D,20180312,000000,24.09,24.215,24.071,24.215,10819,0
KOIN.US,D,20180313,000000,24.32,24.348,23.9,23.9,6656,0
KOIN.US,D,20180314,000000,24.053,24.053,23.881,23.924,2761,0
KOIN.US,D,20180315,000000,24.034,24.12,23.949,23.949,5530,0
KOIN.US,D,20180316,000000,23.986,24.09,23.986,24.025,4958,0
KOIN.US,D,20180319,000000,24.235,24.235,23.505,23.615,10722,0
KOIN.US,D,20180320,000000,23.805,23.815,23.595,23.728,10378,0
KOIN.US,D,20180321,000000,23.699,23.786,23.666,23.699,3374,0
KOIN.US,D,20180322,000000,23.289,23.326,22.916,22.916,14650,0
KOIN.US,D,20180323,000000,22.906,22.906,22.363,22.363,7823,0
KOIN.US,D,20180326,000000,22.878,23.18,22.831,23.18,3003,0
KOIN.US,D,20180327,000000,23.263,23.281,22.535,22.582,3178,0
KOIN.US,D,20180328,000000,22.492,22.492,22.086,22.363,6038,0
KOIN.US,D,20180329,000000,22.439,22.895,22.412,22.678,1762,0
KOIN.US,D,20180402,000000,22.488,22.582,22.018,22.05,2098,0
KOIN.US,D,20180403,000000,22.305,22.324,22.209,22.253,6018,0
KOIN.US,D,20180404,000000,21.971,22.439,21.819,22.439,114399,0
KOIN.US,D,20180405,000000,22.657,22.756,22.56,22.649,4542,0
KOIN.US,D,20180406,000000,22.515,22.636,22.2,22.277,170261,0
KOIN.US,D,20180409,000000,22.363,22.752,22.363,22.449,5550,0
KOIN.US,D,20180410,000000,22.706,22.869,22.706,22.869,1412,0
KOIN.US,D,20180411,000000,22.879,22.879,22.802,22.802,1258,0
KOIN.US,D,20180412,000000,22.812,23.107,22.812,23.067,6091,0
KOIN.US,D,20180413,000000,23.097,23.145,22.802,22.814,3411,0
KOIN.US,D,20180416,000000,22.926,23.03,22.916,22.936,2429,0
KOIN.US,D,20180417,000000,23.109,23.346,23.109,23.314,3544,0
KOIN.US,D,20180418,000000,23.27,23.349,23.212,23.341,2410,0
KOIN.US,D,20180419,000000,23.27,23.27,23.127,23.127,1610,0
KOIN.US,D,20180420,000000,23.127,23.127,22.871,22.884,2014,0
KOIN.US,D,20180423,000000,22.983,23.013,22.738,22.738,4897,0
KOIN.US,D,20180424,000000,22.983,23.046,22.515,22.564,9781,0
KOIN.US,D,20180425,000000,22.345,22.468,22.344,22.468,1637,0
KOIN.US,D,20180426,000000,22.678,22.852,22.678,22.852,325,0
KOIN.US,D,20180427,000000,23.202,23.202,22.993,22.993,2393,0
KOIN.US,D,20180430,000000,23.061,23.15,22.887,22.887,4711,0
KOIN.US,D,20180501,000000,22.812,22.936,22.783,22.936,1179,0
KOIN.US,D,20180502,000000,22.959,22.959,22.959,22.959,500,0
KOIN.US,D,20180503,000000,22.774,22.945,22.57,22.945,1138,0
KOIN.US,D,20180504,000000,23.078,23.202,23.078,23.202,1352,0
KOIN.US,D,20180507,000000,23.26,23.393,23.213,23.393,8971,0
KOIN.US,D,20180508,000000,23.336,23.346,23.289,23.289,2014,0
KOIN.US,D,20180509,000000,23.442,23.636,23.442,23.622,1216,0
KOIN.US,D,20180510,000000,23.748,23.929,23.748,23.909,4768,0
KOIN.US,D,20180511,000000,23.881,23.948,23.844,23.844,2185,0
KOIN.US,D,20180514,000000,23.881,24.049,23.881,23.942,7201,0
KOIN.US,D,20180515,000000,23.67,23.69,23.584,23.668,5263,0
KOIN.US,D,20180516,000000,23.74,23.881,23.74,23.845,3390,0
KOIN.US,D,20180517,000000,23.68,23.889,23.68,23.699,4553,0
KOIN.US,D,20180518,000000,23.574,23.776,23.574,23.594,2134,0
KOIN.US,D,20180521,000000,23.69,23.823,23.673,23.705,2702,0
KOIN.US,D,20180522,000000,23.846,23.881,23.728,23.728,5931,0
KOIN.US,D,20180523,000000,23.508,23.665,23.508,23.665,4613,0
KOIN.US,D,20180524,000000,23.68,23.8,23.566,23.776,2621,0
KOIN.US,D,20180525,000000,23.699,23.776,23.699,23.709,2036,0
KOIN.US,D,20180529,000000,23.538,23.632,23.423,23.432,5840,0
KOIN.US,D,20180530,000000,23.601,23.786,23.601,23.757,1162,0
KOIN.US,D,20180531,000000,23.719,23.757,23.594,23.745,2943,0
KOIN.US,D,20180601,000000,23.821,24.027,23.821,24.027,2097,0
KOIN.US,D,20180604,000000,24.12,24.272,24.12,24.272,2648,0
KOIN.US,D,20180605,000000,24.282,24.348,24.282,24.316,4159,0
KOIN.US,D,20180606,000000,24.436,24.586,24.378,24.559,6104,0
KOIN.US,D,20180607,000000,24.587,24.587,24.353,24.368,2545,0
KOIN.US,D,20180608,000000,24.292,24.378,24.13,24.307,1760,0
KOIN.US,D,20180611,000000,24.477,24.521,24.453,24.463,5437,0
KOIN.US,D,20180612,000000,24.463,24.531,24.449,24.449,4564,0
KOIN.US,D,20180613,000000,24.63,24.63,24.468,24.531,2599,0
KOIN.US,D,20180614,000000,24.567,24.577,24.473,24.568,3652,0
KOIN.US,D,20180615,000000,24.396,24.453,24.339,24.404,4244,0
KOIN.US,D,20180618,000000,24.157,24.386,24.081,24.366,2426,0
KOIN.US,D,20180619,000000,24.044,24.138,23.795,24.044,284998,0
KOIN.US,D,20180620,000000,24.302,24.302,24.205,24.225,4576,0
KOIN.US,D,20180621,000000,23.929,24.027,23.929,23.929,12925,0
KOIN.US,D,20180622,000000,23.986,24.025,23.905,23.905,908,0
KOIN.US,D,20180625,000000,23.566,23.871,23.237,23.256,11387,0
KOIN.US,D,20180626,000000,23.374,23.537,23.351,23.405,2184,0
KOIN.US,D,20180627,000000,23.461,23.652,23.203,23.203,4948,0
KOIN.US,D,20180628,000000,23.012,23.299,23.012,23.299,7793,0
KOIN.US,D,20180629,000000,23.461,23.613,23.461,23.584,2353,0
KOIN.US,D,20180702,000000,23.242,23.548,23.242,23.548,3186,0
KOIN.US,D,20180703,000000,23.69,23.69,23.461,23.461,1413,0
KOIN.US,D,20180705,000000,23.528,23.602,23.461,23.602,2391,0
KOIN.US,D,20180706,000000,23.644,23.826,23.644,23.823,1822,0
KOIN.US,D,20180709,000000,23.976,24.109,23.976,24.109,1679,0
KOIN.US,D,20180710,000000,24.13,24.263,24.12,24.246,971,0
KOIN.US,D,20180711,000000,24.062,24.118,24.062,24.118,417,0
KOIN.US,D,20180712,000000,24.339,24.4,24.339,24.4,964,0
KOIN.US,D,20180713,000000,24.355,24.383,24.355,24.378,619,0
KOIN.US,D,20180717,000000,24.396,24.45,24.396,24.45,454,0
KOIN.US,D,20180718,000000,24.463,24.548,24.388,24.548,2446,0
KOIN.US,D,20180719,000000,24.521,24.54,24.42,24.529,2770,0
KOIN.US,D,20180720,000000,24.406,24.514,24.396,24.416,1705,0
KOIN.US,D,20180723,000000,24.442,24.558,24.329,24.453,4014,0
KOIN.US,D,20180724,000000,24.683,24.753,24.541,24.559,3619,0
KOIN.US,D,20180725,000000,24.559,24.781,24.559,24.781,1772,0
KOIN.US,D,20180726,000000,24.759,24.759,24.612,24.612,961,0
KOIN.US,D,20180727,000000,24.825,24.825,24.502,24.605,5264,0
KOIN.US,D,20180730,000000,24.521,24.521,24.169,24.169,1533,0
KOIN.US,D,20180731,000000,24.292,24.329,24.13,24.234,5054,0
KOIN.US,D,20180801,000000,24.062,24.234,24.062,24.105,2490,0
KOIN.US,D,20180802,000000,24.042,24.329,24.042,24.329,1333,0
KOIN.US,D,20180803,000000,24.32,24.368,24.32,24.362,1440,0
KOIN.US,D,20180806,000000,24.301,24.473,24.301,24.463,1774,0
KOIN.US,D,20180807,000000,24.535,24.626,24.535,24.581,1329,0
KOIN.US,D,20180808,000000,24.626,24.779,24.626,24.769,2339,0
KOIN.US,D,20180809,000000,24.75,24.75,24.716,24.716,613,0
KOIN.US,D,20180810,000000,24.368,24.455,24.368,24.442,1499,0
KOIN.US,D,20180813,000000,24.435,24.435,24.364,24.399,1095,0
KOIN.US,D,20180814,000000,24.33,24.437,24.33,24.437,1190,0
KOIN.US,D,20180815,000000,24.094,24.157,24.081,24.157,1226,0
KOIN.US,D,20180816,000000,24.348,24.426,24.348,24.426,980,0
KOIN.US,D,20180817,000000,24.292,24.443,24.175,24.443,1643,0
KOIN.US,D,20180820,000000,24.416,24.502,24.283,24.502,2750,0
KOIN.US,D,20180821,000000,24.559,24.652,24.559,24.597,537,0
KOIN.US,D,20180822,000000,24.567,24.769,24.534,24.74,1966,0
KOIN.US,D,20180823,000000,24.692,24.74,24.587,24.74,2133,0
KOIN.US,D,20180824,000000,24.835,25.055,24.825,25.012,2619,0
KOIN.US,D,20180827,000000,25.131,25.294,25.074,25.227,6607,0
KOIN.US,D,20180828,000000,25.304,25.304,25.237,25.237,6426,0
KOIN.US,D,20180829,000000,25.304,25.514,25.304,25.486,6116,0
KOIN.US,D,20180830,000000,25.418,25.486,25.385,25.385,1517,0
KOIN.US,D,20180831,000000,25.446,25.476,25.357,25.446,5326,0
KOIN.US,D,20180904,000000,25.322,25.408,25.322,25.399,1210,0
KOIN.US,D,20180905,000000,25.322,25.322,25.047,25.127,3927,0
KOIN.US,D,20180906,000000,25.084,25.084,24.97,24.992,1445,0
KOIN.US,D,20180907,000000,24.864,25.031,24.864,24.996,1383,0
KOIN.US,D,20180910,000000,25.045,25.18,24.999,25.18,4464,0
KOIN.US,D,20180911,000000,24.999,25.209,24.999,25.209,1464,0
KOIN.US,D,20180912,000000,25.199,25.237,25.008,25.237,1117,0
KOIN.US,D,20180913,000000,25.399,25.46,25.372,25.447,1247,0
KOIN.US,D,20180914,000000,25.438,25.513,25.438,25.476,2665,0
KOIN.US,D,20180917,000000,25.438,25.438,25.266,25.266,2590,0
KOIN.US,D,20180919,000000,25.342,25.402,25.27,25.294,7206,0
KOIN.US,D,20180920,000000,25.486,25.571,25.486,25.571,1462,0
KOIN.US,D,20180921,000000,25.68,25.692,25.571,25.571,3392,0
KOIN.US,D,20180924,000000,25.542,25.569,25.522,25.542,3552,0
KOIN.US,D,20180925,000000,25.744,25.744,25.409,25.646,1863,0
KOIN.US,D,20180926,000000,25.704,25.734,25.692,25.734,1028,0
KOIN.US,D,20180927,000000,25.734,25.759,25.637,25.647,1704,0
KOIN.US,D,20180928,000000,25.619,25.706,25.59,25.59,7463,0
KOIN.US,D,20181001,000000,25.81,25.815,25.81,25.815,960,0
KOIN.US,D,20181002,000000,25.781,25.781,25.658,25.692,2568,0
KOIN.US,D,20181003,000000,25.761,25.761,25.695,25.752,1716,0
KOIN.US,D,20181004,000000,25.585,25.585,25.255,25.255,2713,0
KOIN.US,D,20181005,000000,25.284,25.284,24.981,25.047,3416,0
KOIN.US,D,20181008,000000,24.845,24.845,24.531,24.647,2188,0
KOIN.US,D,20181009,000000,24.743,24.783,24.655,24.69,7326,0
KOIN.US,D,20181010,000000,24.196,24.196,23.719,23.719,6155,0
KOIN.US,D,20181011,000000,23.548,23.652,23.356,23.378,7013,0
KOIN.US,D,20181012,000000,23.9,23.919,23.605,23.657,4937,0
KOIN.US,D,20181015,000000,23.68,23.699,23.657,23.657,1402,0
KOIN.US,D,20181016,000000,23.966,24.24,23.966,24.24,1632,0
KOIN.US,D,20181017,000000,24.358,24.358,23.941,24.053,1058,0
KOIN.US,D,20181018,000000,23.825,23.825,23.451,23.49,3593,0
KOIN.US,D,20181019,000000,23.69,23.907,23.598,23.668,1258,0
KOIN.US,D,20181022,000000,23.69,23.83,23.49,23.724,4982,0
KOIN.US,D,20181023,000000,23.222,23.289,22.964,23.289,3800,0
KOIN.US,D,20181024,000000,23.187,23.187,22.544,22.544,3945,0
KOIN.US,D,20181025,000000,22.993,23.078,22.916,23.078,1048,0
KOIN.US,D,20181026,000000,22.458,22.896,22.458,22.678,1340,0
KOIN.US,D,20181029,000000,22.896,22.905,21.961,21.981,1557,0
KOIN.US,D,20181030,000000,22.332,22.439,22.332,22.439,1158,0
KOIN.US,D,20181031,000000,22.936,23.151,22.936,23.107,2681,0
KOIN.US,D,20181101,000000,23.174,23.308,23.076,23.308,2215,0
KOIN.US,D,20181102,000000,23.165,23.165,23.1,23.1,425,0
KOIN.US,D,20181105,000000,23.252,23.252,23.202,23.237,1053,0
KOIN.US,D,20181106,000000,23.27,23.339,23.242,23.339,1327,0
KOIN.US,D,20181107,000000,23.584,23.984,23.584,23.984,3114,0
KOIN.US,D,20181108,000000,23.843,23.843,23.698,23.752,1350,0
KOIN.US,D,20181109,000000,23.559,23.559,23.499,23.505,1081,0
KOIN.US,D,20181112,000000,22.942,22.942,22.794,22.886,1325,0
KOIN.US,D,20181113,000000,22.906,22.991,22.879,22.879,800,0
KOIN.US,D,20181114,000000,22.84,22.983,22.755,22.812,1205,0
KOIN.US,D,20181115,000000,22.906,23.051,22.893,23.051,4576,0
KOIN.US,D,20181116,000000,23.031,23.078,22.936,23.012,1992,0
KOIN.US,D,20181119,000000,23.003,23.003,22.328,22.355,1979,0
KOIN.US,D,20181120,000000,21.885,22.033,21.785,21.991,3021,0
KOIN.US,D,20181121,000000,22.152,22.191,22.122,22.122,1353,0
KOIN.US,D,20181126,000000,22.315,22.395,22.315,22.395,1335,0
KOIN.US,D,20181127,000000,22.382,22.443,22.382,22.391,458,0
KOIN.US,D,20181128,000000,22.772,23.012,22.62,23.012,4408,0
KOIN.US,D,20181129,000000,23.071,23.242,23.012,23.012,1652,0
KOIN.US,D,20181130,000000,22.84,23.012,22.791,23.012,2319,0
KOIN.US,D,20181203,000000,23.574,23.574,23.49,23.557,1938,0
KOIN.US,D,20181204,000000,23.316,23.341,22.852,22.906,2809,0
KOIN.US,D,20181206,000000,22.239,22.507,22.142,22.507,1783,0
KOIN.US,D,20181207,000000,22.688,22.688,22.115,22.115,1045,0
KOIN.US,D,20181210,000000,22.067,22.217,21.913,22.217,2329,0
KOIN.US,D,20181211,000000,22.439,22.487,22.086,22.229,3599,0
KOIN.US,D,20181212,000000,22.61,22.743,22.496,22.496,2296,0
KOIN.US,D,20181213,000000,22.601,22.601,22.315,22.468,4748,0
KOIN.US,D,20181214,000000,22.248,22.34,22.124,22.124,3259,0
KOIN.US,D,20181217,000000,21.82,21.933,21.474,21.574,1808,0
KOIN.US,D,20181218,000000,21.628,21.79,21.628,21.726,4393,0
KOIN.US,D,20181219,000000,21.675,21.951,21.313,21.313,2714,0
KOIN.US,D,20181220,000000,21.255,21.341,20.834,20.949,3514,0
KOIN.US,D,20181221,000000,20.939,21.045,20.405,20.405,1352,0
KOIN.US,D,20181224,000000,20.174,20.212,19.974,19.974,2280,0
KOIN.US,D,20181226,000000,20.096,20.82,19.845,20.82,2724,0
KOIN.US,D,20181227,000000,20.53,20.889,20.357,20.889,3711,0
KOIN.US,D,20181228,000000,21.167,21.186,20.945,20.992,1615,0
KOIN.US,D,20181231,000000,21.205,21.205,21.002,21.08,8409,0
KOIN.US,D,20190102,000000,20.849,21.302,20.849,21.244,1596,0
KOIN.US,D,20190103,000000,21.032,21.032,20.656,20.656,827,0
KOIN.US,D,20190104,000000,20.984,21.563,20.984,21.444,2164,0
KOIN.US,D,20190107,000000,21.668,21.826,21.591,21.765,4281,0
KOIN.US,D,20190108,000000,21.769,21.889,21.769,21.872,3396,0
KOIN.US,D,20190109,000000,22.122,22.122,22.083,22.083,113,0
KOIN.US,D,20190110,000000,21.918,22.213,21.872,22.213,759,0
KOIN.US,D,20190111,000000,22.098,22.122,22.077,22.122,919,0
KOIN.US,D,20190114,000000,21.79,22.113,21.784,22.023,1735,0
KOIN.US,D,20190115,000000,22.165,22.257,22.165,22.257,1012,0
KOIN.US,D,20190116,000000,22.295,22.295,22.238,22.265,248,0
KOIN.US,D,20190117,000000,22.131,22.367,22.131,22.367,2561,0
KOIN.US,D,20190118,000000,22.642,22.713,22.566,22.681,2648,0
KOIN.US,D,20190122,000000,22.488,22.488,22.27,22.313,527,0
KOIN.US,D,20190123,000000,22.566,22.591,22.387,22.425,1820,0
KOIN.US,D,20190124,000000,22.595,22.691,22.315,22.691,1183,0
KOIN.US,D,20190125,000000,22.884,22.972,22.884,22.971,1014,0
KOIN.US,D,20190128,000000,22.585,22.649,22.585,22.649,372,0
KOIN.US,D,20190129,000000,22.595,22.595,22.363,22.396,1358,0
KOIN.US,D,20190130,000000,22.517,22.8,22.488,22.8,1350,0
KOIN.US,D,20190131,000000,22.817,22.893,22.793,22.864,898,0
KOIN.US,D,20190201,000000,22.917,22.917,22.917,22.917,107,0
KOIN.US,D,20190204,000000,22.854,23.112,22.854,23.1,1356,0
KOIN.US,D,20190205,000000,23.221,23.336,23.221,23.246,1748,0
KOIN.US,D,20190206,000000,23.269,23.401,23.251,23.327,1399,0
KOIN.US,D,20190207,000000,23.115,23.115,23.115,23.115,335,0
KOIN.US,D,20190208,000000,22.854,22.913,22.777,22.913,1951,0
KOIN.US,D,20190211,000000,23.095,23.095,23.086,23.086,296,0
KOIN.US,D,20190212,000000,23.356,23.439,23.336,23.439,1672,0
KOIN.US,D,20190213,000000,23.551,23.551,23.48,23.48,936,0
KOIN.US,D,20190214,000000,23.433,23.597,23.433,23.556,621,0
KOIN.US,D,20190215,000000,23.653,23.694,23.653,23.694,349,0
KOIN.US,D,20190219,000000,23.756,23.819,23.703,23.752,4040,0
KOIN.US,D,20190220,000000,23.838,23.882,23.838,23.882,385,0
KOIN.US,D,20190221,000000,23.857,23.857,23.694,23.743,4829,0
KOIN.US,D,20190222,000000,24.059,24.059,23.955,24.003,1258,0
KOIN.US,D,20190225,000000,24.272,24.359,24.108,24.268,1926,0
KOIN.US,D,20190226,000000,24.237,24.282,24.204,24.267,26117,0
KOIN.US,D,20190227,000000,24.156,24.181,24.079,24.181,2336,0
KOIN.US,D,20190228,000000,24.346,24.346,24.166,24.224,2123,0
KOIN.US,D,20190301,000000,24.369,24.379,24.268,24.331,892,0
KOIN.US,D,20190304,000000,24.445,24.445,24.228,24.228,3295,0
KOIN.US,D,20190305,000000,24.204,24.282,24.098,24.234,2212,0
KOIN.US,D,20190306,000000,24.114,24.13,24.093,24.093,788,0
KOIN.US,D,20190307,000000,23.954,23.954,23.78,23.816,1015,0
KOIN.US,D,20190308,000000,23.55,23.742,23.55,23.699,3755,0
KOIN.US,D,20190311,000000,23.847,24.204,23.847,24.204,2125,0
KOIN.US,D,20190312,000000,24.254,24.374,24.254,24.282,804,0
KOIN.US,D,20190313,000000,24.427,24.561,24.427,24.533,1085,0
KOIN.US,D,20190314,000000,24.465,24.5,24.437,24.5,651,0
KOIN.US,D,20190315,000000,24.589,24.718,24.57,24.718,1642,0
KOIN.US,D,20190318,000000,24.764,24.928,24.764,24.913,1459,0
KOIN.US,D,20190319,000000,25.043,25.043,24.976,24.976,289,0
KOIN.US,D,20190320,000000,25.015,25.015,24.91,24.91,648,0
KOIN.US,D,20190321,000000,24.938,25.345,24.938,25.345,2219,0
KOIN.US,D,20190322,000000,24.967,24.967,24.653,24.653,1783,0
KOIN.US,D,20190325,000000,24.61,24.653,24.504,24.632,1658,0
KOIN.US,D,20190326,000000,24.896,24.896,24.76,24.814,1089,0
KOIN.US,D,20190327,000000,24.688,24.688,24.688,24.688,8,0
KOIN.US,D,20190328,000000,24.705,24.838,24.705,24.838,2800,0
KOIN.US,D,20190329,000000,25.043,25.043,25.004,25.004,487,0
KOIN.US,D,20190401,000000,25.275,25.43,25.275,25.414,1272,0
KOIN.US,D,20190402,000000,25.439,25.583,25.352,25.352,5616,0
KOIN.US,D,20190403,000000,25.671,25.671,25.593,25.596,1204,0
KOIN.US,D,20190404,000000,25.525,25.525,25.387,25.473,1019,0
KOIN.US,D,20190405,000000,25.525,25.525,25.478,25.525,1159,0
KOIN.US,D,20190408,000000,25.515,25.555,25.515,25.555,842,0
KOIN.US,D,20190409,000000,25.515,25.545,25.333,25.449,1133,0
KOIN.US,D,20190410,000000,25.488,25.664,25.488,25.664,1063,0
KOIN.US,D,20190411,000000,25.709,25.709,25.641,25.656,1519,0
KOIN.US,D,20190412,000000,25.786,26.095,25.714,25.749,1226,0
KOIN.US,D,20190415,000000,25.661,25.763,25.661,25.749,961,0
KOIN.US,D,20190416,000000,25.882,25.882,25.747,25.766,1848,0
KOIN.US,D,20190417,000000,25.97,25.97,25.796,25.901,2512,0
KOIN.US,D,20190418,000000,25.844,25.961,25.844,25.961,1114,0
KOIN.US,D,20190422,000000,25.834,25.99,25.834,25.99,3802,0
KOIN.US,D,20190423,000000,25.941,26.146,25.941,26.146,1084,0
KOIN.US,D,20190424,000000,26.338,26.338,26.267,26.267,300,0
KOIN.US,D,20190425,000000,26.172,26.257,25.998,26.172,2068,0
KOIN.US,D,20190426,000000,26.007,26.027,26.007,26.026,1935,0
KOIN.US,D,20190429,000000,25.998,26.095,25.99,26.037,3264,0
KOIN.US,D,20190430,000000,26.133,26.133,26.095,26.133,1454,0
KOIN.US,D,20190501,000000,26.163,26.163,25.931,25.931,640,0
KOIN.US,D,20190502,000000,25.931,25.931,25.783,25.783,1869,0
KOIN.US,D,20190503,000000,26.09,26.09,26.09,26.09,2,0
KOIN.US,D,20190506,000000,25.535,25.949,25.305,25.949,1664,0
KOIN.US,D,20190507,000000,25.661,25.661,25.282,25.352,4674,0
KOIN.US,D,20190508,000000,25.54,25.661,25.517,25.517,781,0
KOIN.US,D,20190509,000000,25.208,25.345,25.072,25.345,8259,0
KOIN.US,D,20190510,000000,25.294,25.432,25.294,25.432,1267,0
KOIN.US,D,20190513,000000,24.967,24.967,24.716,24.716,1553,0
KOIN.US,D,20190514,000000,25.15,25.169,25.129,25.129,644,0
KOIN.US,D,20190515,000000,24.947,25.278,24.947,25.247,1240,0
KOIN.US,D,20190516,000000,25.42,25.619,25.42,25.579,704,0
KOIN.US,D,20190517,000000,25.487,25.487,25.339,25.339,542,0
KOIN.US,D,20190520,000000,25.15,25.208,25.111,25.111,829,0
KOIN.US,D,20190521,000000,25.323,25.352,25.275,25.319,643,0
KOIN.US,D,20190522,000000,25.357,25.357,25.352,25.357,349,0
KOIN.US,D,20190523,000000,25.005,25.005,24.723,24.764,2165,0
KOIN.US,D,20190524,000000,24.873,24.984,24.873,24.984,334,0
KOIN.US,D,20190528,000000,25.015,25.075,24.87,24.87,1830,0
KOIN.US,D,20190529,000000,24.726,24.726,24.645,24.648,2070,0
KOIN.US,D,20190530,000000,24.768,24.811,24.764,24.764,739,0
KOIN.US,D,20190531,000000,24.579,24.579,24.415,24.415,524,0
KOIN.US,D,20190603,000000,24.239,24.239,24.13,24.13,636,0
KOIN.US,D,20190604,000000,24.424,24.628,24.424,24.628,811,0
KOIN.US,D,20190605,000000,24.947,24.947,24.687,24.893,1469,0
KOIN.US,D,20190606,000000,24.947,24.986,24.844,24.986,1330,0
KOIN.US,D,20190607,000000,25.189,25.623,25.072,25.463,1961,0
KOIN.US,D,20190610,000000,25.739,25.739,25.679,25.679,2554,0
KOIN.US,D,20190611,000000,25.507,25.656,25.507,25.656,853,0
KOIN.US,D,20190612,000000,25.414,25.414,25.414,25.414,78,0
KOIN.US,D,20190613,000000,25.593,25.593,25.41,25.488,3357,0
KOIN.US,D,20190614,000000,25.294,25.333,25.217,25.28,4482,0
KOIN.US,D,20190617,000000,25.352,25.497,25.352,25.362,2074,0
KOIN.US,D,20190618,000000,25.564,25.666,25.564,25.666,733,0
KOIN.US,D,20190619,000000,25.699,25.84,25.69,25.84,1694,0
KOIN.US,D,20190620,000000,26.163,26.172,26.037,26.172,3085,0
KOIN.US,D,20190621,000000,26.143,26.182,26.105,26.12,628,0
KOIN.US,D,20190624,000000,26.14,26.14,26.065,26.065,506,0
KOIN.US,D,20190625,000000,26.017,26.018,25.739,25.739,2515,0
KOIN.US,D,20190626,000000,25.892,25.922,25.892,25.922,1155,0
KOIN.US,D,20190627,000000,25.966,26.027,25.966,26.027,1191,0
KOIN.US,D,20190628,000000,26.062,26.062,26.062,26.062,117,0
KOIN.US,D,20190701,000000,26.548,26.548,26.278,26.336,1479,0
KOIN.US,D,20190702,000000,26.413,26.495,26.408,26.495,279,0
KOIN.US,D,20190703,000000,26.516,26.558,26.497,26.558,2266,0
KOIN.US,D,20190705,000000,26.847,26.847,26.355,26.464,5913,0
KOIN.US,D,20190708,000000,26.413,26.414,26.221,26.414,7039,0
KOIN.US,D,20190709,000000,26.336,26.394,26.297,26.365,6715,0
KOIN.US,D,20190710,000000,26.528,26.771,26.528,26.721,5861,0
KOIN.US,D,20190711,000000,26.857,26.857,26.813,26.857,992,0
KOIN.US,D,20190712,000000,27.001,27.05,26.827,26.962,6091,0
KOIN.US,D,20190715,000000,27.068,27.126,27.02,27.02,2732,0
KOIN.US,D,20190716,000000,26.978,27.028,26.915,26.943,1043,0
KOIN.US,D,20190717,000000,26.946,26.946,26.909,26.909,729,0
KOIN.US,D,20190718,000000,26.769,26.993,26.741,26.993,1768,0
KOIN.US,D,20190719,000000,27.098,27.194,26.924,26.924,1377,0
KOIN.US,D,20190722,000000,27.04,27.04,27.01,27.03,649,0
KOIN.US,D,20190723,000000,27.171,27.171,27.108,27.151,984,0
KOIN.US,D,20190724,000000,27.194,27.407,27.194,27.362,1529,0
KOIN.US,D,20190725,000000,27.349,27.349,27.057,27.057,858,0
KOIN.US,D,20190726,000000,27.223,27.223,27.171,27.171,237,0
KOIN.US,D,20190729,000000,27.136,27.136,26.982,27.088,742,0
KOIN.US,D,20190730,000000,26.922,27.001,26.905,26.905,1282,0
KOIN.US,D,20190731,000000,26.865,26.865,26.288,26.446,3354,0
KOIN.US,D,20190801,000000,26.553,26.553,26.422,26.422,428,0
KOIN.US,D,20190802,000000,26.143,26.23,25.796,25.839,2657,0
KOIN.US,D,20190805,000000,25.352,25.458,25.02,25.02,5630,0
KOIN.US,D,20190806,000000,25.084,25.294,25.084,25.294,644,0
KOIN.US,D,20190807,000000,25.249,25.364,25.249,25.364,576,0
KOIN.US,D,20190808,000000,25.729,25.729,25.727,25.727,255,0
KOIN.US,D,20190809,000000,25.42,25.603,25.42,25.603,579,0
KOIN.US,D,20190812,000000,25.372,25.372,25.14,25.179,1497,0
KOIN.US,D,20190813,000000,25.496,25.573,25.496,25.573,1829,0
KOIN.US,D,20190814,000000,25.275,25.275,24.896,24.959,2666,0
KOIN.US,D,20190815,000000,24.947,24.947,24.812,24.933,804,0
KOIN.US,D,20190816,000000,25.313,25.346,25.169,25.346,943,0
KOIN.US,D,20190819,000000,25.698,25.728,25.623,25.703,8045,0
KOIN.US,D,20190820,000000,25.603,25.603,25.449,25.499,2158,0
KOIN.US,D,20190821,000000,25.749,25.873,25.709,25.776,1716,0
KOIN.US,D,20190822,000000,25.699,25.786,25.699,25.71,450,0
KOIN.US,D,20190823,000000,25.681,25.749,24.976,24.976,6277,0
KOIN.US,D,20190826,000000,25.247,25.333,25.247,25.333,1255,0
KOIN.US,D,20190827,000000,25.4,25.4,25.282,25.282,1124,0
KOIN.US,D,20190828,000000,25.13,25.318,25.13,25.29,751,0
KOIN.US,D,20190829,000000,25.515,25.573,25.478,25.573,1113,0
KOIN.US,D,20190830,000000,25.796,25.796,25.519,25.623,1279,0
KOIN.US,D,20190903,000000,25.488,25.545,25.362,25.42,2126,0
KOIN.US,D,20190904,000000,25.709,26.017,25.709,26.017,11162,0
KOIN.US,D,20190905,000000,26.23,26.528,26.23,26.471,2194,0
KOIN.US,D,20190906,000000,26.452,26.538,26.452,26.509,2132,0
KOIN.US,D,20190909,000000,26.433,26.433,25.95,26.253,2420,0
KOIN.US,D,20190910,000000,26.037,26.114,26.037,26.102,6031,0
KOIN.US,D,20190911,000000,26.191,26.196,26.191,26.194,632,0
KOIN.US,D,20190912,000000,26.278,26.373,26.278,26.327,3046,0
KOIN.US,D,20190913,000000,26.346,26.364,26.201,26.268,626,0
KOIN.US,D,20190916,000000,26.123,26.163,26.123,26.163,969,0
KOIN.US,D,20190917,000000,26.116,26.153,26.116,26.153,604,0
KOIN.US,D,20190918,000000,26.153,26.153,26.056,26.104,1334,0
KOIN.US,D,20190919,000000,26.143,26.288,26.143,26.153,3155,0
KOIN.US,D,20190920,000000,26.248,26.248,25.936,25.936,860,0
KOIN.US,D,20190923,000000,25.806,25.99,25.719,25.99,1725,0
KOIN.US,D,20190924,000000,26.027,26.027,25.662,25.723,997,0
KOIN.US,D,20190925,000000,25.663,25.743,25.6,25.743,744,0
KOIN.US,D,20190926,000000,25.94,25.94,25.882,25.882,104,0
KOIN.US,D,20190927,000000,25.912,26.027,25.655,25.655,4662,0
KOIN.US,D,20190930,000000,25.847,25.854,25.776,25.854,497,0
KOIN.US,D,20191001,000000,25.814,25.824,25.632,25.632,959,0
KOIN.US,D,20191002,000000,25.144,25.176,25.119,25.176,811,0
KOIN.US,D,20191003,000000,25.252,25.423,25.252,25.423,200,0
KOIN.US,D,20191004,000000,25.759,25.759,25.759,25.759,82,0
KOIN.US,D,20191007,000000,25.69,25.727,25.69,25.727,1060,0
KOIN.US,D,20191008,000000,25.739,25.739,25.304,25.304,626,0
KOIN.US,D,20191009,000000,25.605,25.671,25.605,25.605,147,0
KOIN.US,D,20191010,000000,25.555,25.786,25.555,25.731,241,0
KOIN.US,D,20191011,000000,26.037,26.326,26.037,26.16,2237,0
KOIN.US,D,20191014,000000,26.085,26.085,26.08,26.08,362,0
KOIN.US,D,20191015,000000,26.31,26.374,26.31,26.326,1204,0
KOIN.US,D,20191016,000000,26.123,26.312,26.123,26.258,1614,0
KOIN.US,D,20191017,000000,26.297,26.297,26.158,26.158,147,0
KOIN.US,D,20191018,000000,26.153,26.182,25.739,25.98,1726,0
KOIN.US,D,20191021,000000,26.085,26.085,26.085,26.085,218,0
KOIN.US,D,20191022,000000,26.024,26.024,25.905,25.905,268,0
KOIN.US,D,20191023,000000,25.871,25.871,25.871,25.871,47,0
KOIN.US,D,20191024,000000,25.912,26.206,25.912,26.206,990,0
KOIN.US,D,20191025,000000,26.394,26.394,26.394,26.394,520,0
KOIN.US,D,20191028,000000,26.664,26.669,26.615,26.615,1075,0
KOIN.US,D,20191029,000000,26.567,26.616,26.471,26.471,900,0
KOIN.US,D,20191030,000000,26.499,26.645,26.442,26.645,2106,0
KOIN.US,D,20191031,000000,26.616,26.616,26.462,26.462,567,0
KOIN.US,D,20191101,000000,26.683,26.683,26.683,26.683,440,0
KOIN.US,D,20191104,000000,26.976,27.126,26.876,26.934,1117,0
KOIN.US,D,20191105,000000,26.972,26.972,26.818,26.846,1665,0
KOIN.US,D,20191106,000000,26.925,26.925,26.925,26.925,252,0
KOIN.US,D,20191107,000000,27.03,27.068,27.001,27.059,1147,0
KOIN.US,D,20191108,000000,27.001,27.042,26.933,27.042,757,0
KOIN.US,D,20191111,000000,27.023,27.023,26.959,26.982,831,0
KOIN.US,D,20191112,000000,27.085,27.085,26.995,26.995,1168,0
KOIN.US,D,20191113,000000,27.001,27.098,26.934,26.991,3077,0
KOIN.US,D,20191114,000000,26.89,26.972,26.889,26.972,1092,0
KOIN.US,D,20191115,000000,27,27.096,27,27.078,3655,0
KOIN.US,D,20191118,000000,27.088,27.126,27.052,27.126,1395,0
KOIN.US,D,20191119,000000,27.156,27.242,27.156,27.213,2077,0
KOIN.US,D,20191120,000000,27.134,27.136,27.102,27.102,1341,0
KOIN.US,D,20191121,000000,27.176,27.2,27.118,27.118,992,0
KOIN.US,D,20191122,000000,27.126,27.126,27.078,27.078,482,0
KOIN.US,D,20191125,000000,27.108,27.211,27.078,27.208,1496,0
KOIN.US,D,20191126,000000,27.229,27.291,27.213,27.291,946,0
KOIN.US,D,20191127,000000,27.3,27.512,27.171,27.291,3486,0
KOIN.US,D,20191129,000000,27.203,27.223,27.203,27.223,323,0
KOIN.US,D,20191202,000000,26.776,26.847,26.23,26.847,2150,0
KOIN.US,D,20191203,000000,26.616,26.707,26.567,26.707,1521,0
KOIN.US,D,20191204,000000,26.721,26.721,26.721,26.721,350,0
KOIN.US,D,20191205,000000,26.741,26.823,26.731,26.779,1502,0
KOIN.US,D,20191206,000000,26.954,26.987,26.954,26.987,294,0
KOIN.US,D,20191209,000000,26.915,26.953,26.915,26.953,723,0
KOIN.US,D,20191210,000000,26.952,26.952,26.909,26.909,672,0
KOIN.US,D,20191211,000000,26.953,27.02,26.953,27.02,831,0
KOIN.US,D,20191212,000000,27.324,27.377,27.324,27.377,978,0
KOIN.US,D,20191213,000000,27.546,27.622,27.546,27.591,613,0
KOIN.US,D,20191216,000000,27.747,27.747,27.662,27.662,607,0
KOIN.US,D,20191217,000000,27.667,27.69,27.667,27.69,500,0
KOIN.US,D,20191218,000000,27.677,27.691,27.618,27.618,1190,0
KOIN.US,D,20191219,000000,27.658,27.693,27.658,27.689,774,0
KOIN.US,D,20191220,000000,27.927,27.946,27.927,27.946,689,0
KOIN.US,D,20191223,000000,27.985,27.999,27.927,27.985,700,0
KOIN.US,D,20191224,000000,27.985,28.2,27.705,27.846,2002,0
KOIN.US,D,20191226,000000,27.955,28.103,27.955,28.068,1997,0
KOIN.US,D,20191227,000000,28.259,28.259,28.142,28.142,998,0
KOIN.US,D,20191230,000000,28.152,28.152,27.927,27.927,1303,0
KOIN.US,D,20191231,000000,27.808,27.827,27.73,27.799,1894,0
KOIN.US,D,20200102,000000,28.329,28.338,28.236,28.338,1578,0
KOIN.US,D,20200103,000000,28.246,28.279,28.19,28.19,428,0
KOIN.US,D,20200106,000000,28.034,28.42,27.945,28.237,10542,0
KOIN.US,D,20200107,000000,28.299,28.299,28.252,28.264,1248,0
KOIN.US,D,20200108,000000,28.441,28.455,28.426,28.426,1014,0
KOIN.US,D,20200109,000000,28.537,28.563,28.445,28.563,1090,0
KOIN.US,D,20200110,000000,28.71,28.71,28.544,28.544,503,0
KOIN.US,D,20200113,000000,28.867,28.867,28.749,28.774,1946,0
KOIN.US,D,20200114,000000,28.955,28.955,28.789,28.789,1283,0
KOIN.US,D,20200115,000000,28.759,29.3,28.558,28.717,13126,0
KOIN.US,D,20200116,000000,28.887,29.063,28.75,29.014,14742,0
KOIN.US,D,20200117,000000,28.955,29.151,28.935,29.093,2207,0
KOIN.US,D,20200121,000000,29.034,29.269,28.945,29.152,7297,0
KOIN.US,D,20200122,000000,29.269,29.563,29.269,29.348,2299,0
KOIN.US,D,20200123,000000,29.122,29.284,29.028,29.259,10657,0
KOIN.US,D,20200124,000000,29.475,29.661,29.161,29.275,4475,0
KOIN.US,D,20200127,000000,28.652,28.769,28.299,28.598,2388,0
KOIN.US,D,20200128,000000,28.759,28.986,28.715,28.956,2022,0
KOIN.US,D,20200129,000000,29.004,29.065,28.955,28.955,1915,0
KOIN.US,D,20200130,000000,28.603,28.896,28.553,28.896,3085,0
KOIN.US,D,20200131,000000,28.896,28.914,28.484,28.484,6944,0
KOIN.US,D,20200203,000000,28.563,29.548,28.485,28.671,12611,0
KOIN.US,D,20200204,000000,29.366,29.435,29.333,29.333,1182,0
KOIN.US,D,20200205,000000,29.416,29.848,29.416,29.534,8784,0
KOIN.US,D,20200206,000000,29.627,29.821,29.553,29.749,15079,0
KOIN.US,D,20200207,000000,29.544,29.593,29.406,29.411,1273,0
KOIN.US,D,20200210,000000,29.563,29.841,29.507,29.749,11468,0
KOIN.US,D,20200211,000000,29.994,30.161,29.936,29.936,1060,0
KOIN.US,D,20200212,000000,30.056,30.36,29.955,30.151,4034,0
KOIN.US,D,20200213,000000,30.088,30.161,30.067,30.067,1265,0
KOIN.US,D,20200214,000000,30.299,30.316,30.131,30.215,7431,0
KOIN.US,D,20200218,000000,30.141,30.249,30.141,30.21,3374,0
KOIN.US,D,20200219,000000,30.386,30.583,30.386,30.54,2224,0
KOIN.US,D,20200220,000000,30.425,30.621,30.121,30.366,2491,0
KOIN.US,D,20200221,000000,30.18,30.18,29.727,29.769,3190,0
KOIN.US,D,20200224,000000,28.563,28.818,28.524,28.686,3907,0
KOIN.US,D,20200225,000000,28.799,28.799,27.793,27.793,2552,0
KOIN.US,D,20200226,000000,27.877,28.308,27.833,27.833,2907,0
KOIN.US,D,20200227,000000,27.249,27.681,26.86,26.86,4815,0
KOIN.US,D,20200228,000000,25.897,27.063,25.741,26.554,9852,0
KOIN.US,D,20200302,000000,26.711,27.452,26.554,27.452,2804,0
KOIN.US,D,20200303,000000,27.681,27.681,26.546,26.789,1233,0
KOIN.US,D,20200304,000000,27.279,27.796,27.279,27.796,2404,0
KOIN.US,D,20200305,000000,27.132,27.448,26.907,27.028,4415,0
KOIN.US,D,20200306,000000,26.309,26.54,25.86,26.431,3852,0
KOIN.US,D,20200309,000000,24.564,24.917,24.505,24.505,1961,0
KOIN.US,D,20200310,000000,24.873,25.648,24.544,25.648,5191,0
KOIN.US,D,20200311,000000,25.02,25.02,24.481,24.481,2132,0
KOIN.US,D,20200312,000000,22.368,23.117,21.486,22.312,6238,0
KOIN.US,D,20200313,000000,23.003,23.503,22.075,23.503,7961,0
KOIN.US,D,20200316,000000,21.29,22.514,21.29,21.82,2451,0
KOIN.US,D,20200317,000000,21.466,22.28,20.584,22.104,5933,0
KOIN.US,D,20200318,000000,21.231,21.231,20.251,20.927,2426,0
KOIN.US,D,20200319,000000,20.721,21.751,20.721,21.375,4982,0
KOIN.US,D,20200320,000000,21.751,22.308,20.966,21.057,4780,0
KOIN.US,D,20200323,000000,21.016,21.016,20.211,20.898,5912,0
KOIN.US,D,20200324,000000,22.519,23.123,22.407,23.048,4038,0
KOIN.US,D,20200325,000000,23.378,23.946,23.084,23.368,2881,0
KOIN.US,D,20200326,000000,24.261,24.439,24.169,24.439,4655,0
KOIN.US,D,20200327,000000,23.583,23.858,23.496,23.623,2787,0
KOIN.US,D,20200330,000000,23.642,24.29,23.642,24.235,3281,0
KOIN.US,D,20200331,000000,24.211,24.427,23.734,23.734,4266,0
KOIN.US,D,20200401,000000,23.045,23.093,22.687,22.814,4324,0
KOIN.US,D,20200402,000000,23.302,23.302,23.302,23.302,140,0
KOIN.US,D,20200403,000000,23.162,23.278,22.821,22.821,1004,0
KOIN.US,D,20200406,000000,23.876,24.492,23.876,24.492,1714,0
KOIN.US,D,20200407,000000,25.054,25.26,24.505,24.505,7317,0
KOIN.US,D,20200408,000000,24.814,25.083,24.736,25.083,778,0
KOIN.US,D,20200409,000000,25.346,25.346,25.172,25.301,2524,0
KOIN.US,D,20200413,000000,25.123,25.205,24.8,25.205,2765,0
KOIN.US,D,20200414,000000,25.573,26.073,25.573,25.925,2665,0
KOIN.US,D,20200415,000000,25.211,25.309,24.907,25.207,3626,0
KOIN.US,D,20200416,000000,25.241,25.358,25.049,25.289,4480,0
KOIN.US,D,20200417,000000,25.858,25.887,25.583,25.808,2007,0
KOIN.US,D,20200420,000000,25.642,25.941,25.638,25.638,4739,0
KOIN.US,D,20200421,000000,25.152,25.338,24.515,24.664,9981,0
KOIN.US,D,20200422,000000,25.323,25.479,25.323,25.479,1137,0
KOIN.US,D,20200423,000000,25.643,25.837,25.486,25.496,3295,0
KOIN.US,D,20200424,000000,25.524,25.741,25.387,25.721,2641,0
KOIN.US,D,20200427,000000,25.838,26.063,25.838,26.054,4559,0
KOIN.US,D,20200428,000000,26.127,26.299,25.976,25.976,7132,0
KOIN.US,D,20200429,000000,26.603,26.833,26.554,26.759,2378,0
KOIN.US,D,20200430,000000,26.573,26.799,26.279,26.37,2037,0
KOIN.US,D,20200501,000000,28.21,28.21,25.446,25.474,3839,0
KOIN.US,D,20200504,000000,25.328,25.722,25.311,25.722,3382,0
KOIN.US,D,20200505,000000,25.976,26.182,25.868,25.868,3929,0
KOIN.US,D,20200506,000000,26.044,26.113,25.956,25.956,3580,0
KOIN.US,D,20200507,000000,26.083,26.682,26.083,26.568,2110,0
KOIN.US,D,20200508,000000,26.779,26.934,26.691,26.934,2095,0
KOIN.US,D,20200511,000000,26.759,27.172,26.759,27.073,2067,0
KOIN.US,D,20200512,000000,27.113,27.162,26.575,26.575,4294,0
KOIN.US,D,20200513,000000,26.524,26.524,25.76,25.996,2830,0
KOIN.US,D,20200514,000000,25.779,26.312,25.623,26.312,1243,0
KOIN.US,D,20200515,000000,26.063,26.413,26.063,26.413,2320,0
KOIN.US,D,20200518,000000,27.073,27.328,27.034,27.244,4790,0
KOIN.US,D,20200519,000000,27.21,27.573,27.171,27.171,5557,0
KOIN.US,D,20200520,000000,27.407,27.72,27.407,27.657,1733,0
KOIN.US,D,20200521,000000,27.407,27.407,27.299,27.299,1220,0
KOIN.US,D,20200522,000000,27.029,27.19,27.029,27.161,2383,0
KOIN.US,D,20200526,000000,27.927,28.044,27.547,27.547,4049,0
KOIN.US,D,20200527,000000,27.544,27.859,27.206,27.859,2498,0
KOIN.US,D,20200528,000000,27.917,28.2,27.852,27.852,2115,0
KOIN.US,D,20200529,000000,27.72,28.212,27.681,28.212,1113,0
KOIN.US,D,20200601,000000,28.053,28.281,28.053,28.276,2546,0
KOIN.US,D,20200602,000000,28.475,28.548,28.475,28.548,840,0
KOIN.US,D,20200603,000000,28.838,29.088,28.838,28.95,4460,0
KOIN.US,D,20200604,000000,28.916,28.916,28.771,28.771,796,0
KOIN.US,D,20200605,000000,29.308,29.565,29.308,29.447,2122,0
KOIN.US,D,20200608,000000,29.544,29.739,29.369,29.735,4252,0
KOIN.US,D,20200609,000000,29.534,29.692,29.496,29.599,4103,0
KOIN.US,D,20200610,000000,29.69,29.883,29.671,29.743,2366,0
KOIN.US,D,20200611,000000,28.845,28.845,27.975,27.975,4584,0
KOIN.US,D,20200612,000000,28.71,28.925,28.103,28.407,3489,0
KOIN.US,D,20200615,000000,28.063,28.642,28.063,28.521,3248,0
KOIN.US,D,20200616,000000,29.044,29.264,28.901,28.94,3446,0
KOIN.US,D,20200617,000000,29.053,29.21,28.994,29.052,3671,0
KOIN.US,D,20200618,000000,28.799,29.034,28.799,28.979,4818,0
KOIN.US,D,20200619,000000,29.406,29.548,28.853,28.929,5881,0
KOIN.US,D,20200622,000000,29.103,29.328,29.044,29.317,1773,0
KOIN.US,D,20200623,000000,29.465,29.759,29.465,29.502,1660,0
KOIN.US,D,20200624,000000,28.975,28.975,28.789,28.834,1945,0
KOIN.US,D,20200625,000000,28.749,29.175,28.749,29.175,1692,0
KOIN.US,D,20200626,000000,28.739,28.916,28.739,28.749,1363,0
KOIN.US,D,20200629,000000,28.808,28.854,28.739,28.854,945,0
KOIN.US,D,20200630,000000,28.975,29.402,28.975,29.402,3914,0
KOIN.US,D,20200701,000000,29.573,29.808,29.573,29.659,2388,0
KOIN.US,D,20200702,000000,30.073,30.289,29.876,29.88,3391,0
KOIN.US,D,20200706,000000,30.514,30.651,30.465,30.502,2337,0
KOIN.US,D,20200707,000000,30.308,30.537,30.161,30.161,4012,0
KOIN.US,D,20200708,000000,30.475,30.583,30.386,30.583,18304,0
KOIN.US,D,20200709,000000,30.798,31.024,30.411,30.73,18576,0
KOIN.US,D,20200710,000000,30.71,30.769,30.469,30.73,4433,0
KOIN.US,D,20200713,000000,30.984,31.237,30.232,30.232,14047,0
KOIN.US,D,20200714,000000,30.083,30.386,29.861,30.386,3694,0
KOIN.US,D,20200715,000000,30.837,30.866,30.504,30.68,7416,0
KOIN.US,D,20200716,000000,30.445,30.553,30.425,30.48,986,0
KOIN.US,D,20200717,000000,30.617,30.719,30.504,30.641,6067,0
KOIN.US,D,20200720,000000,30.641,31.222,30.641,31.222,3270,0
KOIN.US,D,20200721,000000,31.553,31.553,31.222,31.269,5826,0
KOIN.US,D,20200722,000000,31.22,31.484,31.21,31.44,4501,0
KOIN.US,D,20200723,000000,31.386,31.553,30.936,31.043,9929,0
KOIN.US,D,20200724,000000,30.73,30.867,30.68,30.854,1528,0
KOIN.US,D,20200727,000000,31.121,31.366,31.121,31.366,2473,0
KOIN.US,D,20200728,000000,31.269,31.366,30.972,30.972,1852,0
KOIN.US,D,20200729,000000,31.342,31.631,31.342,31.631,4538,0
KOIN.US,D,20200730,000000,31.254,31.455,31.106,31.455,2884,0
KOIN.US,D,20200731,000000,31.465,31.465,31.19,31.438,8508,0
KOIN.US,D,20200803,000000,31.749,31.878,31.621,31.84,2617,0
KOIN.US,D,20200804,000000,31.837,32.082,31.837,32.057,5692,0
KOIN.US,D,20200805,000000,32.347,32.601,32.347,32.401,2215,0
KOIN.US,D,20200806,000000,32.347,32.523,32.288,32.475,3031,0
KOIN.US,D,20200807,000000,32.337,32.455,32.131,32.274,4282,0
KOIN.US,D,20200810,000000,32.47,32.47,31.955,32.156,2522,0
KOIN.US,D,20200811,000000,32.317,32.317,31.866,31.866,1864,0
KOIN.US,D,20200812,000000,32.131,32.445,32.131,32.346,1773,0
KOIN.US,D,20200813,000000,32.131,32.297,32.034,32.062,1553,0
KOIN.US,D,20200814,000000,32.062,32.131,32.009,32.09,1733,0
KOIN.US,D,20200817,000000,32.279,32.489,32.279,32.475,6211,0
KOIN.US,D,20200818,000000,32.434,32.552,32.371,32.514,2790,0
KOIN.US,D,20200819,000000,32.542,32.7,32.4,32.4,5421,0
KOIN.US,D,20200820,000000,32.141,32.606,32.141,32.566,1955,0
KOIN.US,D,20200821,000000,32.552,32.749,32.552,32.626,940,0
KOIN.US,D,20200824,000000,32.945,32.945,32.759,32.82,4756,0
KOIN.US,D,20200825,000000,33.092,33.212,32.989,33.201,3893,0
KOIN.US,D,20200826,000000,33.484,33.876,33.484,33.822,3939,0
KOIN.US,D,20200827,000000,33.925,33.983,33.601,33.837,9002,0
KOIN.US,D,20200828,000000,33.807,34.111,33.807,34.072,3858,0
KOIN.US,D,20200831,000000,34.023,34.131,33.886,34.023,4838,0
KOIN.US,D,20200901,000000,34.322,34.375,34.268,34.356,4319,0
KOIN.US,D,20200902,000000,34.526,35.042,34.473,34.954,6420,0
KOIN.US,D,20200903,000000,34.601,34.601,33.278,33.572,8038,0
KOIN.US,D,20200904,000000,33.572,33.572,32.201,32.951,8707,0
KOIN.US,D,20200908,000000,32.141,32.7,32.062,32.082,7729,0
KOIN.US,D,20200909,000000,32.665,33.18,32.665,33.025,4644,0
KOIN.US,D,20200910,000000,33.396,33.396,32.445,32.475,2765,0
KOIN.US,D,20200911,000000,32.837,32.837,32.259,32.475,2411,0
KOIN.US,D,20200914,000000,33.19,33.19,32.94,33.059,2497,0
KOIN.US,D,20200915,000000,33.229,33.396,33.229,33.361,2873,0
KOIN.US,D,20200916,000000,33.585,33.616,33.212,33.212,1285,0
KOIN.US,D,20200917,000000,32.67,33.004,32.631,32.895,2684,0
KOIN.US,D,20200918,000000,33.326,33.326,32.484,32.572,4366,0
KOIN.US,D,20200921,000000,32.504,32.565,32.019,32.373,5763,0
KOIN.US,D,20200922,000000,32.445,32.825,32.386,32.825,2938,0
KOIN.US,D,20200923,000000,32.455,32.455,31.949,31.949,1554,0
KOIN.US,D,20200924,000000,31.592,32.234,31.369,31.978,8495,0
KOIN.US,D,20200925,000000,32.014,32.369,31.975,32.369,1833,0
KOIN.US,D,20200928,000000,32.866,33.013,32.856,32.95,6252,0
KOIN.US,D,20200929,000000,33.023,33.1,32.951,32.951,1885,0
KOIN.US,D,20200930,000000,32.898,33.224,32.898,33.141,1121,0
KOIN.US,D,20201001,000000,33.346,33.346,33.346,33.346,371,0
KOIN.US,D,20201002,000000,32.827,33.204,32.827,32.945,13381,0
KOIN.US,D,20201005,000000,33.072,33.572,33.072,33.572,6379,0
KOIN.US,D,20201006,000000,33.496,33.696,33.178,33.178,2292,0
KOIN.US,D,20201007,000000,33.503,33.871,33.503,33.871,2204,0
KOIN.US,D,20201008,000000,34.141,34.248,34.092,34.127,1724,0
KOIN.US,D,20201009,000000,34.395,34.464,34.248,34.464,8961,0
KOIN.US,D,20201012,000000,34.66,34.954,34.66,34.886,32337,0
KOIN.US,D,20201013,000000,34.758,34.896,34.699,34.802,2882,0
KOIN.US,D,20201014,000000,34.807,34.807,34.435,34.559,1953,0
KOIN.US,D,20201015,000000,33.945,34.21,33.631,34.184,2539,0
KOIN.US,D,20201016,000000,34.317,34.483,34.317,34.317,5839,0
KOIN.US,D,20201019,000000,34.405,34.601,33.793,33.793,3683,0
KOIN.US,D,20201020,000000,34.032,34.032,33.901,33.942,1534,0
KOIN.US,D,20201021,000000,33.866,34.072,33.846,33.846,6617,0
KOIN.US,D,20201022,000000,33.787,33.935,33.415,33.638,6746,0
KOIN.US,D,20201023,000000,33.611,33.641,33.328,33.621,5145,0
KOIN.US,D,20201026,000000,33.042,33.042,32.494,32.589,4695,0
KOIN.US,D,20201027,000000,32.72,32.827,32.551,32.551,2706,0
KOIN.US,D,20201028,000000,31.896,33.004,31.308,31.308,36072,0
KOIN.US,D,20201029,000000,31.259,31.621,30.024,31.524,13892,0
KOIN.US,D,20201030,000000,31.131,31.131,30.769,30.927,3711,0
KOIN.US,D,20201102,000000,31.376,31.411,31.03,31.189,3611,0
KOIN.US,D,20201103,000000,31.524,32.229,31.524,31.952,131191,0
KOIN.US,D,20201104,000000,32.562,33.092,32.533,32.729,5904,0
KOIN.US,D,20201105,000000,33.499,33.688,33.361,33.582,6340,0
KOIN.US,D,20201106,000000,33.562,33.807,33.493,33.787,3312,0
KOIN.US,D,20201109,000000,35.228,35.228,33.856,33.856,6038,0
KOIN.US,D,20201110,000000,33.748,33.748,33.092,33.34,3205,0
KOIN.US,D,20201111,000000,33.68,33.943,33.68,33.943,2263,0
KOIN.US,D,20201112,000000,33.797,33.876,33.443,33.524,5140,0
KOIN.US,D,20201113,000000,33.896,33.915,33.748,33.915,3253,0
KOIN.US,D,20201116,000000,33.915,34.66,33.915,34.405,11076,0
KOIN.US,D,20201117,000000,34.513,34.665,34.435,34.435,8129,0
KOIN.US,D,20201118,000000,34.45,34.606,34.248,34.248,6152,0
KOIN.US,D,20201119,000000,34.092,34.468,34.092,34.435,3012,0
KOIN.US,D,20201120,000000,34.386,34.405,34.287,34.319,3862,0
KOIN.US,D,20201123,000000,34.435,34.728,34.282,34.523,9390,0
KOIN.US,D,20201124,000000,34.905,35.218,34.786,35.111,11354,0
KOIN.US,D,20201125,000000,35.032,35.228,34.965,35.136,6869,0
KOIN.US,D,20201127,000000,35.287,35.381,35.248,35.337,4069,0
KOIN.US,D,20201130,000000,35.209,35.591,34.944,35.208,17249,0
KOIN.US,D,20201201,000000,35.641,35.907,35.567,35.728,9364,0
KOIN.US,D,20201202,000000,35.542,35.699,35.435,35.641,6592,0
KOIN.US,D,20201203,000000,35.718,35.866,35.663,35.669,6419,0
KOIN.US,D,20201204,000000,35.768,36.259,35.768,36.149,11796,0
KOIN.US,D,20201207,000000,36.121,36.213,35.886,35.967,20825,0
KOIN.US,D,20201208,000000,35.944,36.169,35.886,36.082,8880,0
KOIN.US,D,20201209,000000,36.131,36.218,35.552,35.593,13971,0
KOIN.US,D,20201210,000000,35.434,35.776,35.434,35.66,6207,0
KOIN.US,D,20201211,000000,35.473,35.709,35.439,35.573,5486,0
KOIN.US,D,20201214,000000,35.817,36.082,35.817,35.886,10195,0
KOIN.US,D,20201215,000000,36.062,36.218,35.876,36.164,9865,0
KOIN.US,D,20201216,000000,36.218,36.493,36.194,36.434,16195,0
KOIN.US,D,20201217,000000,36.649,36.909,36.649,36.788,16984,0
KOIN.US,D,20201218,000000,37.238,37.238,36.361,36.591,11805,0
KOIN.US,D,20201221,000000,36.659,37.738,35.983,36.346,30815,0
KOIN.US,D,20201222,000000,36.366,36.463,36.268,36.413,6788,0
KOIN.US,D,20201223,000000,36.483,36.659,36.317,36.317,5843,0
KOIN.US,D,20201224,000000,36.277,36.401,36.268,36.268,2158,0
KOIN.US,D,20201228,000000,36.642,36.651,36.445,36.523,9557,0
KOIN.US,D,20201229,000000,36.671,36.819,36.445,36.445,12027,0
KOIN.US,D,20201230,000000,36.691,37.016,36.622,36.868,13131,0
KOIN.US,D,20201231,000000,36.917,37.025,36.819,36.892,12392,0
KOIN.US,D,20210104,000000,37.35,37.498,36.523,36.888,19658,0
KOIN.US,D,20210105,000000,36.966,37.278,36.907,37.177,26736,0
KOIN.US,D,20210106,000000,37.035,37.468,36.888,37.045,16088,0
KOIN.US,D,20210107,000000,37.321,37.832,37.124,37.754,20236,0
KOIN.US,D,20210108,000000,38.384,38.384,37.879,38.236,26886,0
KOIN.US,D,20210111,000000,37.98,38.203,37.84,37.842,21920,0
KOIN.US,D,20210112,000000,37.921,38.177,37.762,38.015,9589,0
KOIN.US,D,20210113,000000,38.226,38.226,38.036,38.039,10413,0
KOIN.US,D,20210114,000000,37.99,38.654,37.99,38.128,15710,0
KOIN.US,D,20210115,000000,37.931,38.162,37.685,37.685,12259,0
KOIN.US,D,20210119,000000,38.167,38.275,38.039,38.128,11465,0
KOIN.US,D,20210120,000000,38.492,38.763,38.492,38.588,16275,0
KOIN.US,D,20210121,000000,38.669,38.835,38.59,38.811,6384,0
KOIN.US,D,20210122,000000,38.325,38.779,38.325,38.344,10859,0
KOIN.US,D,20210125,000000,38.531,39.21,37.701,38.296,9669,0
KOIN.US,D,20210126,000000,38.315,38.523,38.201,38.27,14299,0
KOIN.US,D,20210127,000000,37.665,37.783,37.076,37.212,18930,0
KOIN.US,D,20210128,000000,37.527,38.211,37.525,37.842,13476,0
KOIN.US,D,20210129,000000,37.409,37.685,36.819,37.016,23092,0
KOIN.US,D,20210201,000000,37.321,37.798,37.153,37.714,39746,0
KOIN.US,D,20210202,000000,38.108,38.406,38.059,38.406,33957,0
KOIN.US,D,20210203,000000,38.482,38.669,38.403,38.531,11603,0
KOIN.US,D,20210204,000000,38.63,39.053,38.63,39.004,6759,0
KOIN.US,D,20210205,000000,39.23,39.25,39.031,39.21,6539,0
KOIN.US,D,20210208,000000,39.486,39.978,39.486,39.978,27974,0
KOIN.US,D,20210209,000000,39.781,41.454,39.627,40.126,17718,0
KOIN.US,D,20210210,000000,40.273,40.372,39.84,40.086,18002,0
KOIN.US,D,20210211,000000,40.382,40.795,40.352,40.572,16579,0
KOIN.US,D,20210212,000000,40.844,41.257,40.54,41.13,22977,0
KOIN.US,D,20210216,000000,41.858,41.858,40.913,41.169,56962,0
KOIN.US,D,20210217,000000,41.228,41.228,40.529,40.957,18042,0
KOIN.US,D,20210218,000000,40.293,40.774,40.106,40.763,20973,0
KOIN.US,D,20210219,000000,41.12,41.12,40.588,41.021,25603,0
KOIN.US,D,20210222,000000,40.815,40.815,40.322,40.322,14770,0
KOIN.US,D,20210223,000000,39.486,40.096,38.856,40.086,20836,0
KOIN.US,D,20210224,000000,39.998,40.362,39.417,40.362,5023,0
KOIN.US,D,20210225,000000,40.391,40.391,39.122,39.122,11172,0
KOIN.US,D,20210226,000000,39.023,39.2,38.708,38.925,13813,0
KOIN.US,D,20210301,000000,39.634,39.86,39.348,39.761,9358,0
KOIN.US,D,20210302,000000,40.017,40.017,39.584,39.584,6066,0
KOIN.US,D,20210303,000000,39.801,39.801,38.708,38.708,4153,0
KOIN.US,D,20210304,000000,38.492,38.713,37.311,37.734,20588,0
KOIN.US,D,20210305,000000,38.236,38.482,37.36,38.482,7711,0
KOIN.US,D,20210308,000000,38.492,38.531,37.775,37.775,12731,0
KOIN.US,D,20210309,000000,38.748,39.043,38.53,38.876,8026,0
KOIN.US,D,20210310,000000,39.417,39.417,38.742,38.82,13008,0
KOIN.US,D,20210311,000000,39.225,39.791,39.2,39.701,4997,0
KOIN.US,D,20210312,000000,39.171,39.364,39.137,39.364,5959,0
KOIN.US,D,20210315,000000,39.506,39.565,39.299,39.565,3396,0
KOIN.US,D,20210316,000000,39.702,39.993,39.545,39.752,5441,0
KOIN.US,D,20210317,000000,39.466,40.057,39.378,39.877,11682,0
KOIN.US,D,20210318,000000,39.683,39.683,38.998,39.021,8111,0
KOIN.US,D,20210319,000000,39.053,39.132,38.65,38.931,10069,0
KOIN.US,D,20210322,000000,38.905,39.565,38.905,39.293,8184,0
KOIN.US,D,20210323,000000,39.141,39.141,38.876,38.894,3526,0
KOIN.US,D,20210324,000000,39.112,39.112,38.285,38.285,10705,0
KOIN.US,D,20210325,000000,37.803,38.172,37.399,37.99,4529,0
KOIN.US,D,20210326,000000,38.118,38.827,38.118,38.827,3072,0
KOIN.US,D,20210329,000000,38.984,38.984,38.487,38.767,5760,0
KOIN.US,D,20210330,000000,38.758,38.846,38.507,38.718,8950,0
KOIN.US,D,20210331,000000,38.708,39.141,38.708,38.954,10340,0
KOIN.US,D,20210401,000000,39.338,39.771,39.151,39.771,11113,0
KOIN.US,D,20210405,000000,39.958,40.214,39.904,40.214,13715,0
KOIN.US,D,20210406,000000,40.175,40.431,40.175,40.185,9851,0
KOIN.US,D,20210407,000000,40.116,40.45,40.057,40.239,4979,0
KOIN.US,D,20210408,000000,40.637,40.828,40.544,40.746,5614,0
KOIN.US,D,20210409,000000,40.775,40.962,40.775,40.962,6712,0
KOIN.US,D,20210412,000000,41.051,41.051,40.775,40.815,6086,0
KOIN.US,D,20210413,000000,41.051,41.129,40.913,41.12,11418,0
KOIN.US,D,20210414,000000,41.198,41.198,40.667,40.667,14857,0
KOIN.US,D,20210415,000000,41.09,41.277,41.031,41.233,8920,0
KOIN.US,D,20210416,000000,41.287,41.504,41.248,41.356,7514,0
KOIN.US,D,20210419,000000,40.992,41.285,40.795,40.933,7066,0
KOIN.US,D,20210420,000000,40.893,40.977,40.46,40.593,7368,0
KOIN.US,D,20210421,000000,40.431,40.943,40.431,40.923,3714,0
KOIN.US,D,20210422,000000,41.021,41.061,40.642,40.686,5027,0
KOIN.US,D,20210423,000000,40.509,41.11,40.509,41.076,6464,0
KOIN.US,D,20210426,000000,41.198,41.376,41.12,41.225,5253,0
KOIN.US,D,20210427,000000,41.267,41.376,41.1,41.266,9525,0
KOIN.US,D,20210428,000000,41.198,41.366,41.198,41.198,6379,0
KOIN.US,D,20210429,000000,41.297,41.297,40.849,41.167,5437,0
KOIN.US,D,20210430,000000,40.982,40.982,40.614,40.614,7482,0
KOIN.US,D,20210503,000000,40.815,40.854,40.352,40.45,7322,0
KOIN.US,D,20210504,000000,40.086,40.086,39.555,39.835,8519,0
KOIN.US,D,20210505,000000,40.165,40.165,39.811,39.845,3395,0
KOIN.US,D,20210506,000000,39.919,40.096,39.565,40.048,7030,0
KOIN.US,D,20210507,000000,40.263,40.549,40.226,40.254,9866,0
KOIN.US,D,20210510,000000,40.254,40.254,39.624,39.624,8169,0
KOIN.US,D,20210511,000000,38.964,39.594,38.938,39.512,5290,0
KOIN.US,D,20210512,000000,39.023,39.264,38.472,38.512,11968,0
KOIN.US,D,20210513,000000,38.679,39.092,38.503,38.734,3940,0
KOIN.US,D,20210514,000000,39.161,39.643,39.161,39.549,8860,0
KOIN.US,D,20210517,000000,39.102,39.289,39.102,39.289,5227,0
KOIN.US,D,20210518,000000,39.614,39.742,39.337,39.337,3565,0
KOIN.US,D,20210519,000000,38.423,39.2,38.423,39.2,6234,0
KOIN.US,D,20210520,000000,39.515,40.032,39.388,39.968,8574,0
KOIN.US,D,20210521,000000,40.116,40.116,39.771,39.771,2313,0
KOIN.US,D,20210524,000000,40.126,40.377,40.126,40.273,4378,0
KOIN.US,D,20210525,000000,40.465,40.47,40.358,40.358,1330,0
KOIN.US,D,20210526,000000,40.549,40.647,40.401,40.498,4455,0
KOIN.US,D,20210527,000000,40.637,40.637,40.421,40.435,1778,0
KOIN.US,D,20210528,000000,40.47,40.864,40.47,40.618,4257,0
KOIN.US,D,20210601,000000,40.972,40.972,40.619,40.736,3871,0
KOIN.US,D,20210602,000000,40.805,41.021,40.805,40.923,5248,0
KOIN.US,D,20210603,000000,40.637,40.775,40.451,40.569,5799,0
KOIN.US,D,20210604,000000,40.824,41.336,40.824,41.277,10476,0
KOIN.US,D,20210607,000000,41.228,41.336,41.11,41.287,4649,0
KOIN.US,D,20210608,000000,41.238,41.336,40.559,41.198,6330,0
KOIN.US,D,20210609,000000,41.376,41.376,41.149,41.159,3837,0
KOIN.US,D,20210610,000000,41.277,41.513,41.211,41.504,2582,0
KOIN.US,D,20210611,000000,41.553,41.681,41.525,41.681,2642,0
KOIN.US,D,20210614,000000,41.976,41.976,41.7,41.937,8059,0
KOIN.US,D,20210615,000000,41.789,41.878,41.641,41.68,2599,0
KOIN.US,D,20210616,000000,41.572,41.73,41.169,41.387,4922,0
KOIN.US,D,20210617,000000,41.297,41.868,41.297,41.793,7314,0
KOIN.US,D,20210618,000000,41.336,41.533,41.258,41.395,6005,0
KOIN.US,D,20210621,000000,41.198,41.553,41.09,41.454,3482,0
KOIN.US,D,20210622,000000,41.238,41.779,41.238,41.671,5366,0
KOIN.US,D,20210623,000000,41.907,41.917,41.759,41.759,2635,0
KOIN.US,D,20210624,000000,42.015,42.171,42.015,42.07,2661,0
KOIN.US,D,20210625,000000,42.064,42.163,41.996,42.142,2757,0
KOIN.US,D,20210628,000000,42.37,42.498,42.32,42.432,3570,0
KOIN.US,D,20210629,000000,42.434,42.547,42.331,42.517,3004,0
KOIN.US,D,20210630,000000,42.34,42.438,42.33,42.33,2858,0
KOIN.US,D,20210701,000000,42.291,42.438,42.153,42.261,11321,0
KOIN.US,D,20210702,000000,42.419,42.655,42.38,42.655,2931,0
KOIN.US,D,20210706,000000,42.655,42.694,42.419,42.557,3271,0
KOIN.US,D,20210707,000000,42.842,42.842,42.606,42.67,4011,0
KOIN.US,D,20210708,000000,41.956,42.301,41.956,42.288,5403,0
KOIN.US,D,20210709,000000,42.468,42.774,42.468,42.774,1410,0
KOIN.US,D,20210712,000000,42.812,42.931,42.694,42.83,2170,0
KOIN.US,D,20210713,000000,42.783,43.009,42.783,42.852,1922,0
KOIN.US,D,20210714,000000,43.019,43.019,42.803,42.881,3208,0
KOIN.US,D,20210715,000000,42.635,42.822,42.192,42.419,2980,0
KOIN.US,D,20210716,000000,42.606,42.606,42.143,42.143,4576,0
KOIN.US,D,20210719,000000,41.592,41.7,41.405,41.64,6482,0
KOIN.US,D,20210720,000000,41.759,42.32,41.759,42.287,2913,0
KOIN.US,D,20210721,000000,42.242,42.662,42.055,42.576,5905,0
KOIN.US,D,20210722,000000,42.744,42.852,42.704,42.81,4468,0
KOIN.US,D,20210723,000000,42.822,42.881,42.725,42.881,2212,0
KOIN.US,D,20210726,000000,42.881,42.881,42.65,42.763,5717,0
KOIN.US,D,20210727,000000,42.429,42.493,41.932,42.232,3582,0
KOIN.US,D,20210728,000000,42.507,42.65,42.292,42.606,1201,0
KOIN.US,D,20210729,000000,42.675,42.91,42.675,42.783,2498,0
KOIN.US,D,20210730,000000,42.37,42.635,42.37,42.438,3522,0
KOIN.US,D,20210802,000000,42.635,42.635,42.485,42.485,2013,0
KOIN.US,D,20210803,000000,42.616,42.793,42.616,42.793,1769,0
KOIN.US,D,20210804,000000,42.812,42.95,42.811,42.95,3378,0
KOIN.US,D,20210805,000000,42.921,43.265,42.921,43.204,1653,0
KOIN.US,D,20210806,000000,43.147,43.206,43.079,43.079,1909,0
KOIN.US,D,20210809,000000,43.216,43.216,42.999,43.068,4264,0
KOIN.US,D,20210810,000000,43.054,43.054,42.655,42.692,1852,0
KOIN.US,D,20210811,000000,42.931,42.931,42.566,42.694,3990,0
KOIN.US,D,20210812,000000,42.448,42.557,42.409,42.517,2741,0
KOIN.US,D,20210813,000000,42.694,42.704,42.566,42.648,3791,0
KOIN.US,D,20210816,000000,42.438,42.468,42.233,42.468,4203,0
KOIN.US,D,20210817,000000,42.173,42.242,41.878,42.018,4320,0
KOIN.US,D,20210818,000000,42.163,42.311,41.786,41.786,1451,0
KOIN.US,D,20210819,000000,41.346,41.809,41.228,41.686,5775,0
KOIN.US,D,20210820,000000,41.769,42.035,41.73,42.035,1570,0
KOIN.US,D,20210823,000000,42.291,42.773,42.291,42.676,3799,0
KOIN.US,D,20210824,000000,42.812,42.842,42.812,42.842,941,0
KOIN.US,D,20210825,000000,42.97,43.068,42.852,43.042,1138,0
KOIN.US,D,20210826,000000,42.97,43.078,42.783,42.812,3390,0
KOIN.US,D,20210827,000000,42.803,43.156,42.803,43.123,3803,0
KOIN.US,D,20210830,000000,43.157,43.373,43.157,43.236,3861,0
KOIN.US,D,20210831,000000,43.285,43.364,43.128,43.226,3315,0
KOIN.US,D,20210901,000000,43.413,43.649,43.413,43.474,2121,0
KOIN.US,D,20210902,000000,43.334,43.334,42.921,43.104,9327,0
KOIN.US,D,20210903,000000,43.098,43.595,43.098,43.579,3462,0
KOIN.US,D,20210907,000000,43.482,43.511,43.284,43.324,2422,0
KOIN.US,D,20210908,000000,43.157,43.157,42.478,42.921,4420,0
KOIN.US,D,20210909,000000,42.96,43.186,42.812,42.812,2177,0
KOIN.US,D,20210910,000000,43.059,43.059,42.714,42.714,8981,0
KOIN.US,D,20210913,000000,42.95,42.95,42.586,42.659,1231,0
KOIN.US,D,20210914,000000,42.773,42.822,42.573,42.573,1836,0
KOIN.US,D,20210915,000000,42.488,42.752,42.488,42.707,2074,0
KOIN.US,D,20210916,000000,42.586,42.744,42.409,42.723,2068,0
KOIN.US,D,20210917,000000,42.645,42.645,42.153,42.229,2869,0
KOIN.US,D,20210920,000000,41.405,41.602,40.952,41.376,5706,0
KOIN.US,D,20210921,000000,41.671,41.75,41.395,41.504,5553,0
KOIN.US,D,20210922,000000,41.759,42.094,41.759,42.014,3878,0
KOIN.US,D,20210923,000000,42.281,42.901,42.281,42.773,1459,0
KOIN.US,D,20210924,000000,42.635,42.637,42.566,42.616,3496,0
KOIN.US,D,20210927,000000,42.517,42.665,42.411,42.602,5398,0
KOIN.US,D,20210928,000000,42.173,42.173,41.643,41.643,2922,0
KOIN.US,D,20210929,000000,41.759,41.823,41.536,41.536,1279,0
KOIN.US,D,20210930,000000,41.73,41.73,41.336,41.401,1815,0
KOIN.US,D,20211001,000000,41.513,41.839,41.13,41.839,2651,0
KOIN.US,D,20211004,000000,41.533,41.563,40.824,40.952,2324,0
KOIN.US,D,20211005,000000,41.08,41.563,41.08,41.491,5905,0
KOIN.US,D,20211006,000000,41.11,41.709,40.716,41.704,5288,0
KOIN.US,D,20211007,000000,42.094,42.488,42.094,42.261,2349,0
KOIN.US,D,20211008,000000,42.37,42.37,41.986,42.05,4390,0
KOIN.US,D,20211011,000000,42.34,42.34,41.918,41.918,2148,0
KOIN.US,D,20211012,000000,41.907,41.907,41.661,41.666,1341,0
KOIN.US,D,20211013,000000,41.966,42.149,41.956,42.149,3172,0
KOIN.US,D,20211014,000000,42.625,42.747,42.616,42.74,2010,0
KOIN.US,D,20211015,000000,43.113,43.211,43.068,43.211,2170,0
KOIN.US,D,20211018,000000,43.196,43.586,43.196,43.586,1595,0
KOIN.US,D,20211019,000000,43.757,44.279,43.757,43.916,2694,0
KOIN.US,D,20211020,000000,44.072,44.215,43.708,43.846,5087,0
KOIN.US,D,20211021,000000,43.679,43.777,43.679,43.728,2459,0
KOIN.US,D,20211022,000000,43.679,43.843,43.594,43.634,4707,0
KOIN.US,D,20211025,000000,43.797,43.915,43.603,43.735,5035,0
KOIN.US,D,20211026,000000,44.082,44.084,43.824,43.824,2036,0
KOIN.US,D,20211027,000000,43.62,43.674,43.461,43.461,5497,0
KOIN.US,D,20211028,000000,43.659,43.688,43.62,43.629,1782,0
KOIN.US,D,20211029,000000,43.324,43.57,43.324,43.548,2118,0
KOIN.US,D,20211101,000000,43.679,43.777,43.501,43.739,5906,0
KOIN.US,D,20211102,000000,43.767,44.121,42.812,43.958,17930,0
KOIN.US,D,20211103,000000,43.915,44.279,43.807,44.203,4579,0
KOIN.US,D,20211104,000000,44.289,44.682,44.269,44.626,8692,0
KOIN.US,D,20211105,000000,44.919,45.074,44.771,44.798,991,0
KOIN.US,D,20211108,000000,45.056,45.34,45.018,45.312,6537,0
KOIN.US,D,20211109,000000,45.48,45.48,44.84,44.929,4101,0
KOIN.US,D,20211110,000000,44.663,45.027,44.269,44.383,1807,0
KOIN.US,D,20211111,000000,44.653,44.75,44.505,44.591,2733,0
KOIN.US,D,20211112,000000,44.584,45.076,44.584,44.963,4438,0
KOIN.US,D,20211115,000000,45.145,45.145,44.82,44.82,3349,0
KOIN.US,D,20211116,000000,44.82,45.183,44.82,45.183,2135,0
KOIN.US,D,20211117,000000,45.096,45.096,44.754,44.754,2337,0
KOIN.US,D,20211118,000000,44.929,44.988,44.673,44.785,4301,0
KOIN.US,D,20211119,000000,44.83,44.997,44.732,44.796,1473,0
KOIN.US,D,20211122,000000,44.85,45.13,43.934,44.341,4030,0
KOIN.US,D,20211123,000000,44.033,44.24,43.639,43.936,3916,0
KOIN.US,D,20211124,000000,43.797,44.355,43.649,44.355,3253,0
KOIN.US,D,20211126,000000,43.629,43.856,43.45,43.511,1596,0
KOIN.US,D,20211129,000000,44.062,44.275,43.885,44.25,4551,0
KOIN.US,D,20211130,000000,43.885,44.092,43.275,43.327,7949,0
KOIN.US,D,20211201,000000,43.807,43.984,42.655,42.655,5827,0
KOIN.US,D,20211202,000000,42.625,43.442,42.625,43.199,1573,0
KOIN.US,D,20211203,000000,42.999,43.049,41.779,42.281,5005,0
KOIN.US,D,20211206,000000,42.242,42.744,42.015,42.664,3186,0
KOIN.US,D,20211207,000000,43.413,43.787,43.413,43.759,1155,0
KOIN.US,D,20211208,000000,43.708,43.901,43.639,43.901,5061,0
KOIN.US,D,20211209,000000,43.669,43.797,43.354,43.354,1093,0
KOIN.US,D,20211210,000000,43.826,44.013,43.413,43.694,9204,0
KOIN.US,D,20211213,000000,43.56,43.635,43.062,43.062,1423,0
KOIN.US,D,20211214,000000,42.704,42.704,42.34,42.558,5973,0
KOIN.US,D,20211215,000000,42.616,43.524,42.458,43.524,7256,0
KOIN.US,D,20211216,000000,43.905,43.93,43.059,43.171,4946,0
KOIN.US,D,20211217,000000,42.98,42.999,42.586,42.931,1911,0
KOIN.US,D,20211220,000000,42.202,42.202,41.946,42.133,3769,0
KOIN.US,D,20211221,000000,42.488,43.012,42.488,43.012,2563,0
KOIN.US,D,20211222,000000,42.842,43.243,42.822,43.243,2134,0
KOIN.US,D,20211223,000000,43.452,43.492,43.258,43.463,3256,0
KOIN.US,D,20211227,000000,43.403,43.698,43.403,43.59,2364,0
KOIN.US,D,20211228,000000,43.41,43.84,43.01,43.365,4451,0
KOIN.US,D,20211229,000000,43.22,43.37,43.15,43.2705,2324,0
KOIN.US,D,20211230,000000,43.08,43.47,43.08,43.2276,2856,0
KOIN.US,D,20211231,000000,43.16,43.325,43.16,43.1711,1604,0
KOIN.US,D,20220103,000000,43.35,43.35,43.091,43.3448,4503,0
KOIN.US,D,20220104,000000,43.5,43.56,43.26,43.4069,1944,0
KOIN.US,D,20220105,000000,43.28,43.36,42.71,42.7296,2697,0
KOIN.US,D,20220106,000000,42.71,42.8,42.5227,42.6931,2377,0
KOIN.US,D,20220107,000000,42.65,42.88,42.39,42.72,3348,0
KOIN.US,D,20220110,000000,42.42,42.7,41.78,42.4934,6127,0
KOIN.US,D,20220111,000000,42.61,43.1522,42.52,43.1444,2363,0
KOIN.US,D,20220112,000000,43.52,43.52,43.28,43.4416,4074,0
KOIN.US,D,20220113,000000,43.56,43.56,42.775,42.9136,2406,0
KOIN.US,D,20220114,000000,42.63,42.84,42.49,42.8394,6127,0
KOIN.US,D,20220118,000000,42.21,42.31,42.181,42.2,4580,0
KOIN.US,D,20220119,000000,42.38,42.57,42.02,42.02,5557,0
KOIN.US,D,20220120,000000,42.45,42.87,41.98,41.98,4278,0
KOIN.US,D,20220121,000000,41.9,42.22,41.37,41.4363,6650,0
KOIN.US,D,20220124,000000,40.32,41.06,39.5,41.06,8270,0
KOIN.US,D,20220125,000000,40.43,40.84,40.1481,40.6257,3949,0
KOIN.US,D,20220126,000000,41.36,41.3642,40.4385,40.4385,3945,0
KOIN.US,D,20220127,000000,40.57,40.8503,40.06,40.08,2317,0
KOIN.US,D,20220128,000000,39.87,40.5315,39.62,40.5315,6630,0
KOIN.US,D,20220131,000000,40.67,41.5626,40.67,41.5626,4614,0
KOIN.US,D,20220201,000000,41.74,41.906,41.67,41.906,2087,0
KOIN.US,D,20220202,000000,41.8,41.8673,41.67,41.8673,2428,0
KOIN.US,D,20220203,000000,41.17,41.3701,41.105,41.1127,3274,0
KOIN.US,D,20220204,000000,41.14,41.745,41.14,41.5351,1871,0
KOIN.US,D,20220207,000000,41.92,41.92,41.51,41.51,1889,0
KOIN.US,D,20220208,000000,41.43,41.8699,41.42,41.74,5355,0
KOIN.US,D,20220209,000000,42.24,42.6,42.1,42.5996,2213,0
KOIN.US,D,20220210,000000,41.86,42.57,41.86,41.9612,1693,0
KOIN.US,D,20220211,000000,42.04,42.22,41.4983,41.4983,7180,0
KOIN.US,D,20220214,000000,41.16,41.32,41.16,41.189,1309,0
KOIN.US,D,20220215,000000,41.69,41.7594,41.69,41.7594,1534,0
KOIN.US,D,20220216,000000,41.76,41.76,41.45,41.6734,2557,0
KOIN.US,D,20220217,000000,41.22,41.47,40.8124,40.8124,1346,0
KOIN.US,D,20220218,000000,40.87,40.9164,40.52,40.6163,1203,0
KOIN.US,D,20220222,000000,39.97,40.425,39.961,40.103,2682,0
KOIN.US,D,20220223,000000,40.53,40.53,39.5709,39.5709,1668,0
KOIN.US,D,20220224,000000,38.19,39.5875,37.77,39.5875,8745,0
KOIN.US,D,20220225,000000,39.83,40.4349,39.83,40.4349,5554,0
KOIN.US,D,20220228,000000,39.88,40.43,39.73,40.11,6629,0
KOIN.US,D,20220301,000000,40.28,40.28,39.6585,39.6585,989,0
KOIN.US,D,20220302,000000,39.63,39.9892,39.61,39.98,2242,0
KOIN.US,D,20220303,000000,39.98,39.98,39.235,39.235,1628,0
KOIN.US,D,20220304,000000,38.7,38.8518,38.29,38.5542,2730,0
KOIN.US,D,20220307,000000,38.17,38.41,37.0735,37.0735,3745,0
KOIN.US,D,20220308,000000,37.35,37.55,36.82,37.0596,2764,0
KOIN.US,D,20220309,000000,38.07,38.5,37.9,38.35,2996,0
KOIN.US,D,20220310,000000,37.81,38.055,37.73,37.92,2100,0
KOIN.US,D,20220311,000000,38.21,38.21,37.3468,37.3468,987,0
KOIN.US,D,20220314,000000,37.63,37.63,37.25,37.25,817,0
KOIN.US,D,20220315,000000,37.46,37.8045,37.46,37.8045,2085,0
KOIN.US,D,20220316,000000,38.77,39.5125,38.77,39.5125,1348,0
KOIN.US,D,20220317,000000,39.07,39.565,38.66,39.565,6439,0
KOIN.US,D,20220318,000000,39.71,40.6099,39.71,40.48,6630,0
KOIN.US,D,20220321,000000,40.06,40.2899,39.75,39.87,2931,0
KOIN.US,D,20220322,000000,40.27,40.7699,40.22,40.6002,10462,0
KOIN.US,D,20220323,000000,40.16,40.32,39.9743,39.9743,1169,0
KOIN.US,D,20220324,000000,39.9,40.1227,39.8,40.1,3035,0
KOIN.US,D,20220325,000000,40.06,40.06,39.77,39.94,1817,0
KOIN.US,D,20220328,000000,40.03,40.2681,39.9312,40.2681,2673,0
KOIN.US,D,20220329,000000,40.85,41.011,40.72,41.011,944,0
KOIN.US,D,20220330,000000,40.83,40.83,40.46,40.46,1084,0
KOIN.US,D,20220331,000000,40.24,40.24,39.9211,39.9211,1341,0
KOIN.US,D,20220401,000000,40.13,40.2601,40.13,40.1598,5044,0
KOIN.US,D,20220404,000000,40.28,40.8433,40.28,40.8433,2408,0
KOIN.US,D,20220405,000000,40.75,40.84,40.03,40.045,2722,0
KOIN.US,D,20220406,000000,39.58,39.67,39.16,39.3,4255,0
KOIN.US,D,20220407,000000,39.0101,39.1425,38.8,39.1425,1187,0
KOIN.US,D,20220408,000000,38.95,38.96,38.9084,38.9084,1130,0
KOIN.US,D,20220411,000000,38.51,38.6793,38.4282,38.4282,1586,0
KOIN.US,D,20220412,000000,38.71,38.86,38.1729,38.1729,6685,0
KOIN.US,D,20220413,000000,38.15,38.735,38.15,38.718,1803,0
KOIN.US,D,20220414,000000,38.56,38.56,38.2266,38.2266,1364,0
KOIN.US,D,20220418,000000,38,38.205,37.8601,38.03,2008,0
KOIN.US,D,20220419,000000,37.91,38.4606,37.91,38.4606,2850,0
KOIN.US,D,20220420,000000,38.5471,38.58,38.24,38.2663,1337,0
KOIN.US,D,20220421,000000,38.65,38.65,37.5127,37.5127,1135,0
KOIN.US,D,20220422,000000,37.47,37.47,36.8249,36.8249,2009,0
KOIN.US,D,20220425,000000,36.57,36.57,36.565,36.565,862,0
KOIN.US,D,20220426,000000,36.46,36.46,35.8284,35.8284,1170,0
KOIN.US,D,20220427,000000,35.82,36.2798,35.82,36.045,2131,0
KOIN.US,D,20220428,000000,36.39,36.8262,36.33,36.8262,5747,0
KOIN.US,D,20220429,000000,36.82,37.155,36.1274,36.1274,1787,0
KOIN.US,D,20220502,000000,36.1,36.503,36.1,36.503,2085,0
KOIN.US,D,20220503,000000,36.56,36.71,36.56,36.575,1982,0
KOIN.US,D,20220504,000000,36.52,37.3795,36.13,37.3795,1554,0
KOIN.US,D,20220505,000000,36.7501,36.7501,35.7895,35.7895,1120,0
KOIN.US,D,20220506,000000,35.19,35.3881,35.05,35.1752,2251,0
KOIN.US,D,20220509,000000,34.26,34.76,33.85,33.85,3184,0
KOIN.US,D,20220510,000000,34.58,34.58,33.63,34.0738,2721,0
KOIN.US,D,20220511,000000,33.91,34.3,33.39,33.47,6401,0
KOIN.US,D,20220512,000000,33,33.415,32.79,33.2727,3980,0
KOIN.US,D,20220513,000000,34.28,34.72,34.27,34.5799,3307,0
KOIN.US,D,20220516,000000,34.26,34.2701,34.07,34.2082,2643,0
KOIN.US,D,20220517,000000,34.8,34.98,34.44,34.895,5565,0
KOIN.US,D,20220518,000000,34.74,34.74,33.8,33.8234,1275,0
KOIN.US,D,20220519,000000,34.07,34.2439,34.07,34.1566,1579,0
KOIN.US,D,20220520,000000,34.64,34.64,34.22,34.2957,1017,0
KOIN.US,D,20220523,000000,34.74,35.014,34.74,35.014,2496,0
KOIN.US,D,20220524,000000,34.65,34.65,34.23,34.4477,3393,0
KOIN.US,D,20220525,000000,34.36,34.8546,34.36,34.8546,1476,0
KOIN.US,D,20220526,000000,35.09,35.7156,35.09,35.7145,1386,0
KOIN.US,D,20220527,000000,35.8,36.31,35.8,36.31,1111,0
KOIN.US,D,20220531,000000,36.5,36.5,36.12,36.2613,4864,0
KOIN.US,D,20220601,000000,36.61,36.61,36.1135,36.1135,755,0
KOIN.US,D,20220602,000000,36.22,36.69,36.1,36.69,1929,0
KOIN.US,D,20220603,000000,36.36,36.3937,36.175,36.175,1041,0
KOIN.US,D,20220606,000000,36.78,36.78,36.4419,36.4419,2543,0
KOIN.US,D,20220607,000000,35.86,36.4814,35.62,36.4814,1701,0
KOIN.US,D,20220608,000000,36.47,36.4701,36.3184,36.3184,349,0
KOIN.US,D,20220609,000000,36.14,36.14,35.3975,35.3975,1589,0
KOIN.US,D,20220610,000000,34.55,34.71,34.3413,34.3413,1878,0
KOIN.US,D,20220613,000000,32.89,33.78,32.8712,32.8712,4251,0
KOIN.US,D,20220614,000000,33.09,33.09,32.9,33.0302,1729,0
KOIN.US,D,20220615,000000,33.42,33.8,33.39,33.6481,3066,0
KOIN.US,D,20220616,000000,32.65,32.76,32.32,32.44,2554,0
KOIN.US,D,20220617,000000,32.86,32.86,32.64,32.6759,554,0
KOIN.US,D,20220621,000000,33.3,33.5487,33.15,33.2964,3931,0
KOIN.US,D,20220622,000000,32.8,33.38,32.8,33.03,1087,0
KOIN.US,D,20220623,000000,33.27,33.36,33.12,33.3565,1805,0
KOIN.US,D,20220624,000000,33.79,34.4606,33.79,34.4606,4111,0
KOIN.US,D,20220627,000000,34.26,34.26,34.14,34.14,1393,0
KOIN.US,D,20220628,000000,34.26,34.45,33.47,33.4869,1369,0
KOIN.US,D,20220629,000000,33.48,33.59,33.3732,33.4533,1978,0
KOIN.US,D,20220630,000000,32.86,32.93,32.74,32.93,1455,0
KOIN.US,D,20220701,000000,32.71,33.105,32.71,33.105,2599,0
KOIN.US,D,20220705,000000,32.52,33.1,32.46,33.1,2064,0
KOIN.US,D,20220706,000000,33.14,33.14,33.06,33.1,550,0
KOIN.US,D,20220707,000000,33.57,33.71,33.4,33.705,2145,0
KOIN.US,D,20220708,000000,33.71,33.73,33.71,33.7262,659,0
KOIN.US,D,20220711,000000,33.18,33.21,32.98,32.98,2365,0
KOIN.US,D,20220712,000000,33.04,33.07,32.74,32.74,620,0
KOIN.US,D,20220713,000000,32.15,32.605,32.15,32.605,1623,0
KOIN.US,D,20220714,000000,32.29,32.31,31.85,32.27,5144,0
KOIN.US,D,20220715,000000,32.54,32.6613,32.46,32.6613,1841,0
KOIN.US,D,20220718,000000,33.19,33.38,32.7702,32.7702,2922,0
KOIN.US,D,20220719,000000,33.12,33.45,32.95,33.4212,5060,0
KOIN.US,D,20220720,000000,33.47,33.7,33.47,33.699,1835,0
KOIN.US,D,20220721,000000,33.46,33.9663,33.46,33.9663,1173,0
KOIN.US,D,20220722,000000,33.99,34,33.6,33.6,1480,0
KOIN.US,D,20220725,000000,33.74,33.74,33.66,33.68,811,0
KOIN.US,D,20220726,000000,33.54,33.54,33.09,33.1551,741,0
KOIN.US,D,20220727,000000,33.45,34.0233,33.45,34.0233,2081,0
KOIN.US,D,20220728,000000,34.02,34.307,33.77,34.2804,958,0
KOIN.US,D,20220729,000000,34.27,34.5636,34.01,34.555,3699,0
KOIN.US,D,20220801,000000,34.7601,34.7601,34.66,34.66,649,0
KOIN.US,D,20220802,000000,34.32,34.55,34.32,34.442,1252,0
KOIN.US,D,20220803,000000,34.75,35.2,34.75,35.2,1307,0
KOIN.US,D,20220804,000000,35.42,35.61,35.41,35.5,1001,0
KOIN.US,D,20220805,000000,35,35.32,35,35.25,893,0
KOIN.US,D,20220808,000000,35.63,35.725,35.3104,35.3104,1144,0
KOIN.US,D,20220809,000000,35.18,35.23,35,35,985,0
KOIN.US,D,20220810,000000,35.89,35.89,35.68,35.68,646,0
KOIN.US,D,20220811,000000,36.08,36.08,35.73,35.73,1747,0
KOIN.US,D,20220812,000000,36,36.2225,35.445,36.2225,3206,0
KOIN.US,D,20220815,000000,36.05,36.225,35.95,36.1807,4402,0
KOIN.US,D,20220816,000000,35.92,36.25,35.92,36.1546,1369,0
KOIN.US,D,20220817,000000,35.74,35.81,35.69,35.7501,1214,0
KOIN.US,D,20220818,000000,35.67,35.6846,35.63,35.6846,1393,0
KOIN.US,D,20220819,000000,35.04,35.26,34.84,34.8952,1395,0
KOIN.US,D,20220822,000000,34.4972,34.4972,34.28,34.309,736,0
KOIN.US,D,20220823,000000,34.41,34.517,34.3607,34.3607,1312,0
KOIN.US,D,20220824,000000,34.4201,34.44,34.4201,34.4375,446,0
KOIN.US,D,20220825,000000,34.845,34.8811,34.73,34.8811,755,0
KOIN.US,D,20220826,000000,34.49,34.5,33.8913,33.8913,1224,0
KOIN.US,D,20220829,000000,33.5,33.7074,33.21,33.6221,1545,0
KOIN.US,D,20220830,000000,33.82,33.82,33.265,33.3383,2937,0
KOIN.US,D,20220831,000000,33.4769,33.4769,33.4769,33.4769,143,0
KOIN.US,D,20220901,000000,32.92,33.1298,32.9,33.1298,1937,0
KOIN.US,D,20220902,000000,33.52,33.52,32.68,32.74,1577,0
KOIN.US,D,20220906,000000,32.68,32.68,32.39,32.4329,1955,0
KOIN.US,D,20220907,000000,32.9725,32.9725,32.9725,32.9725,214,0
KOIN.US,D,20220908,000000,32.52,33.0523,32.52,33.0523,771,0
KOIN.US,D,20220909,000000,33.74,33.82,33.67,33.82,1435,0
KOIN.US,D,20220912,000000,34.23,34.29,34.09,34.2465,1249,0
KOIN.US,D,20220913,000000,33.23,33.4401,32.94,32.94,749,0
KOIN.US,D,20220914,000000,32.97,33.1239,32.97,33.0676,1287,0
KOIN.US,D,20220915,000000,32.89,32.98,32.7331,32.7331,543,0
KOIN.US,D,20220916,000000,32.4,32.4212,32.275,32.4212,624,0
KOIN.US,D,20220919,000000,31.85,32.43,31.77,32.43,1293,0
KOIN.US,D,20220920,000000,32.02,32.02,31.801,31.9261,649,0
KOIN.US,D,20220921,000000,31.86,31.86,31.4339,31.4339,1383,0
KOIN.US,D,20220922,000000,31.18,31.2,31.13,31.2,901,0
KOIN.US,D,20220923,000000,30.74,30.74,30.21,30.4545,5233,0
KOIN.US,D,20220926,000000,30.68,30.71,30.29,30.3141,1580,0
KOIN.US,D,20220927,000000,30.54,30.54,29.78,30.03,3491,0
KOIN.US,D,20220928,000000,30.02,30.665,30.02,30.665,1241,0
KOIN.US,D,20220929,000000,30.14,30.1401,30.0483,30.0483,330,0
KOIN.US,D,20220930,000000,29.9,29.9,29.8086,29.8086,472,0
KOIN.US,D,20221003,000000,29.99,30.3025,29.98,30.3025,1280,0
KOIN.US,D,20221004,000000,30.9,31.3337,30.9,31.3337,2023,0
KOIN.US,D,20221005,000000,31.18,31.2989,30.89,31.2989,2485,0
KOIN.US,D,20221006,000000,31.15,31.15,30.93,30.93,566,0
KOIN.US,D,20221007,000000,30.55,30.55,30,30.165,3323,0
KOIN.US,D,20221010,000000,29.98,30.1,29.585,29.7696,3214,0
KOIN.US,D,20221011,000000,29.47,29.6527,29.3011,29.3899,3239,0
KOIN.US,D,20221012,000000,29.44,29.62,29.44,29.4737,1894,0
KOIN.US,D,20221013,000000,28.55,29.876,28.55,29.8236,1997,0
KOIN.US,D,20221014,000000,30.06,30.06,29.13,29.13,1565,0
KOIN.US,D,20221017,000000,29.76,30.12,29.45,29.9293,7562,0
KOIN.US,D,20221018,000000,30.53,30.53,30.21,30.21,867,0
KOIN.US,D,20221019,000000,30.03,30.03,29.745,29.745,610,0
KOIN.US,D,20221020,000000,30.24,30.24,29.73,29.8485,785,0
KOIN.US,D,20221021,000000,29.64,30.3272,29.64,30.3272,819,0
KOIN.US,D,20221024,000000,29.97,29.97,29.74,29.9561,1768,0
KOIN.US,D,20221025,000000,30.48,30.62,30.39,30.62,1981,0
KOIN.US,D,20221026,000000,31.05,31.05,30.7601,30.8031,1152,0
KOIN.US,D,20221027,000000,30.85,30.85,30.5318,30.5318,628,0
KOIN.US,D,20221028,000000,30.34,30.78,30.34,30.7797,736,0
KOIN.US,D,20221031,000000,30.46,30.495,30.42,30.4406,2148,0
KOIN.US,D,20221101,000000,31.01,31.01,30.44,30.4923,2209,0
KOIN.US,D,20221102,000000,30.45,30.64,29.8833,29.8833,2465,0
KOIN.US,D,20221103,000000,29.65,29.736,29.5736,29.5736,1525,0
KOIN.US,D,20221104,000000,30.49,30.49,30.16,30.4348,2065,0
KOIN.US,D,20221107,000000,30.57,30.69,30.48,30.66,1262,0
KOIN.US,D,20221108,000000,30.69,31.2302,30.585,30.7759,4107,0
KOIN.US,D,20221109,000000,30.6,30.6,30.2,30.2,1173,0
KOIN.US,D,20221110,000000,31.48,31.9068,31.48,31.9068,1100,0
KOIN.US,D,20221111,000000,32.57,32.8169,32.57,32.8169,350,0
KOIN.US,D,20221114,000000,32.68,32.8748,32.6091,32.6091,1308,0
KOIN.US,D,20221115,000000,33.47,33.47,33.09,33.1419,1326,0
KOIN.US,D,20221116,000000,32.72,32.74,32.598,32.64,917,0
KOIN.US,D,20221117,000000,32.4,32.6926,32.4,32.6926,379,0
KOIN.US,D,20221118,000000,32.57,32.57,32.4553,32.4553,424,0
KOIN.US,D,20221121,000000,32.02,32.1704,32.02,32.0497,1301,0
KOIN.US,D,20221122,000000,32.06,32.3706,32.06,32.3706,578,0
KOIN.US,D,20221123,000000,32.73,32.73,32.6101,32.7112,506,0
KOIN.US,D,20221125,000000,32.52,32.7134,32.52,32.7134,274,0
KOIN.US,D,20221128,000000,32.39,32.47,32.25,32.31,1122,0
KOIN.US,D,20221129,000000,32.63,32.63,32.445,32.5434,1170,0
KOIN.US,D,20221130,000000,32.9,33.5234,32.9,33.5234,782,0
KOIN.US,D,20221201,000000,33.57,33.6156,33.56,33.6156,1294,0
KOIN.US,D,20221202,000000,33.28,33.485,33.28,33.485,869,0
KOIN.US,D,20221205,000000,33.245,33.245,32.9678,32.9678,506,0
KOIN.US,D,20221206,000000,32.8201,32.8201,32.37,32.5745,1345,0
KOIN.US,D,20221207,000000,32.49,32.57,32.47,32.53,1052,0
KOIN.US,D,20221208,000000,32.9546,32.9546,32.9546,32.9546,145,0
KOIN.US,D,20221209,000000,32.9233,33.12,32.9233,33.0294,724,0
KOIN.US,D,20221212,000000,33.2762,33.2762,33.2762,33.2762,232,0
KOIN.US,D,20221213,000000,34.27,34.27,33.62,33.727,2621,0
KOIN.US,D,20221214,000000,33.9,33.9,33.58,33.58,1048,0
KOIN.US,D,20221215,000000,33.08,33.08,32.52,32.52,1237,0
KOIN.US,D,20221216,000000,32.43,32.61,32.23,32.4243,2634,0
KOIN.US,D,20221219,000000,32.51,32.51,32.175,32.175,2224,0
KOIN.US,D,20221220,000000,32.17,32.264,32.17,32.264,429,0
KOIN.US,D,20221221,000000,32.36,32.71,32.36,32.7052,2357,0
KOIN.US,D,20221222,000000,32.48,32.5612,31.9901,32.275,1140,0
KOIN.US,D,20221223,000000,32.3,32.58,32.3,32.5002,465,0
KOIN.US,D,20221227,000000,26.96,27.14,26.89,26.96,5904,0
KOIN.US,D,20221228,000000,26.88,27.03,26.525,26.555,3152,0
KOIN.US,D,20221229,000000,27.02,27.36,26.78,27.2169,13163,0
KOIN.US,D,20221230,000000,26.93,27.14,26.87,27.0683,7876,0
KOIN.US,D,20230103,000000,27.26,27.45,27.26,27.285,7354,0
KOIN.US,D,20230104,000000,27.48,27.73,27.48,27.6469,1310,0
KOIN.US,D,20230105,000000,27.5694,27.5694,27.4908,27.4908,1115,0
KOIN.US,D,20230106,000000,27.76,28.1404,27.4127,28.1404,3417,0
KOIN.US,D,20230109,000000,28.48,28.71,28.4446,28.4446,1560,0
KOIN.US,D,20230110,000000,28.4399,28.53,28.405,28.53,2071,0
KOIN.US,D,20230111,000000,28.78,28.86,28.68,28.86,1891,0
KOIN.US,D,20230112,000000,28.86,29.1079,28.8,29.1079,3218,0
KOIN.US,D,20230113,000000,28.93,29.1832,28.93,29.1832,2173,0
KOIN.US,D,20230117,000000,29.24,29.24,28.97,29.1,2060,0
KOIN.US,D,20230118,000000,29.35,29.35,28.76,28.7708,1667,0
KOIN.US,D,20230119,000000,28.81,28.81,28.6,28.7196,2135,0
KOIN.US,D,20230120,000000,28.75,29.23,28.73,29.23,1614,0
KOIN.US,D,20230123,000000,29.3,29.515,29.3,29.5071,1408,0
KOIN.US,D,20230124,000000,29.34,29.5289,29.34,29.5289,2896,0
KOIN.US,D,20230125,000000,29.16,29.5096,29.09,29.5096,1609,0
KOIN.US,D,20230126,000000,29.75,29.7695,29.49,29.7695,1157,0
KOIN.US,D,20230127,000000,29.84,30,29.84,29.8949,1282,0
KOIN.US,D,20230130,000000,29.52,29.56,29.28,29.32,2910,0
KOIN.US,D,20230131,000000,29.38,29.53,29.33,29.51,1496,0
KOIN.US,D,20230201,000000,29.66,30.1393,29.63,30.1393,1678,0
KOIN.US,D,20230202,000000,30.38,30.42,30.285,30.33,2677,0
KOIN.US,D,20230203,000000,30.05,30.18,29.77,29.77,2267,0
KOIN.US,D,20230206,000000,29.49,29.58,29.35,29.5051,2620,0
KOIN.US,D,20230207,000000,29.59,29.9711,29.53,29.9711,2187,0
KOIN.US,D,20230208,000000,29.86,29.96,29.6903,29.6903,1908,0
KOIN.US,D,20230209,000000,30.16,30.16,29.57,29.65,1613,0
KOIN.US,D,20230210,000000,29.39,29.52,29.165,29.2927,2032,0
KOIN.US,D,20230213,000000,29.37,29.5426,29.37,29.5426,1025,0
KOIN.US,D,20230214,000000,29.45,29.67,29.41,29.5826,2023,0
KOIN.US,D,20230215,000000,29.53,29.71,29.53,29.71,1156,0
KOIN.US,D,20230216,000000,29.5,29.73,29.47,29.4973,1307,0
KOIN.US,D,20230217,000000,29.2,29.32,29.02,29.224,2207,0
KOIN.US,D,20230221,000000,29.1,29.1,28.84,28.84,1545,0
KOIN.US,D,20230222,000000,28.79,28.94,28.62,28.7403,2117,0
KOIN.US,D,20230223,000000,28.95,28.95,28.51,28.8698,1278,0
KOIN.US,D,20230224,000000,28.5,28.5,28.26,28.4398,2895,0
KOIN.US,D,20230227,000000,28.68,28.68,28.52,28.5205,1654,0
KOIN.US,D,20230228,000000,28.38,28.6,28.38,28.4613,1269,0
KOIN.US,D,20230301,000000,28.72,28.72,28.589,28.589,371,0
KOIN.US,D,20230302,000000,28.5,28.8225,28.48,28.8225,1957,0
KOIN.US,D,20230303,000000,28.79,29.2775,28.79,29.2775,2310,0
KOIN.US,D,20230306,000000,29.34,29.38,29.21,29.21,1154,0
KOIN.US,D,20230307,000000,29.21,29.21,28.8326,28.8326,948,0
KOIN.US,D,20230308,000000,28.82,28.8705,28.5,28.8705,6285,0
KOIN.US,D,20230309,000000,28.68,28.93,28.2955,28.2955,2627,0
KOIN.US,D,20230310,000000,27.9,27.9,27.45,27.45,1434,0
KOIN.US,D,20230313,000000,27.2,27.49,26.81,27.2724,5819,0
KOIN.US,D,20230314,000000,27.51,27.6378,27.51,27.6378,893,0
KOIN.US,D,20230315,000000,27.17,27.26,26.93,27.25,3055,0
KOIN.US,D,20230316,000000,27.3,27.7636,27.265,27.7636,2265,0
KOIN.US,D,20230317,000000,27.87,27.87,27.63,27.63,1338,0
KOIN.US,D,20230320,000000,27.75,27.778,27.67,27.778,2002,0
KOIN.US,D,20230321,000000,28.01,28.2049,28.01,28.2049,346,0
KOIN.US,D,20230322,000000,28.31,28.33,27.9965,27.9965,4040,0
KOIN.US,D,20230323,000000,28.1239,28.1239,28.1239,28.1239,140,0
KOIN.US,D,20230324,000000,27.93,28.0753,27.73,28.0753,5835,0
KOIN.US,D,20230327,000000,28.06,28.12,28,28.05,2126,0
KOIN.US,D,20230328,000000,28.24,28.24,28.12,28.2203,810,0
KOIN.US,D,20230329,000000,28.49,28.5392,28.38,28.5392,1529,0
KOIN.US,D,20230330,000000,28.6699,28.6699,28.49,28.5446,784,0
KOIN.US,D,20230331,000000,28.52,28.6689,28.52,28.66,683,0
KOIN.US,D,20230403,000000,28.67,28.86,28.61,28.8344,3264,0
KOIN.US,D,20230404,000000,28.91,28.91,28.67,28.79,2147,0
KOIN.US,D,20230405,000000,28.77,28.77,28.415,28.5946,1492,0
KOIN.US,D,20230406,000000,28.54,28.7078,28,28.7078,3023,0
KOIN.US,D,20230410,000000,28.57,28.62,28.52,28.62,3056,0
KOIN.US,D,20230411,000000,28.76,28.76,28.51,28.5885,1296,0
KOIN.US,D,20230412,000000,28.67,28.67,28.3438,28.3438,742,0
KOIN.US,D,20230413,000000,28.75,28.9226,28.75,28.9226,1859,0
KOIN.US,D,20230414,000000,28.87,28.87,28.3,28.7502,777,0
KOIN.US,D,20230417,000000,28.87,28.87,28.69,28.8307,841,0
KOIN.US,D,20230418,000000,29,29,28.9375,28.9375,486,0
KOIN.US,D,20230419,000000,28.48,28.6973,28.37,28.6973,2622,0
KOIN.US,D,20230420,000000,28.49,28.69,28.49,28.5281,2003,0
KOIN.US,D,20230421,000000,28.6,28.61,28.5,28.5151,1134,0
KOIN.US,D,20230424,000000,28.62,28.62,28.36,28.445,994,0
KOIN.US,D,20230425,000000,28.32,28.32,28.0015,28.0015,718,0
KOIN.US,D,20230426,000000,28.28,28.28,28.007,28.007,725,0
KOIN.US,D,20230427,000000,28.29,28.505,28.29,28.505,1863,0
KOIN.US,D,20230428,000000,28.52,28.6,28.51,28.5935,938,0
KOIN.US,D,20230501,000000,28.47,28.6201,28.24,28.55,1650,0
KOIN.US,D,20230502,000000,28.49,28.49,28.11,28.235,2067,0
KOIN.US,D,20230503,000000,28.4,28.4,28.15,28.19,1859,0
KOIN.US,D,20230504,000000,28.31,28.3579,28.31,28.335,690,0
KOIN.US,D,20230505,000000,28.64,28.735,28.64,28.7005,769,0
KOIN.US,D,20230508,000000,28.62,28.75,28.62,28.69,2569,0
KOIN.US,D,20230509,000000,28.59,28.59,28.4,28.52,1316,0
KOIN.US,D,20230510,000000,28.4801,28.6479,28.4801,28.6453,610,0
KOIN.US,D,20230511,000000,28.55,28.5543,28.42,28.5543,1748,0
KOIN.US,D,20230512,000000,28.54,28.54,28.335,28.335,755,0
KOIN.US,D,20230515,000000,28.61,28.7147,28.61,28.7147,744,0
KOIN.US,D,20230516,000000,28.49,28.49,28.4497,28.4497,859,0
KOIN.US,D,20230517,000000,28.51,28.635,28.43,28.635,1267,0
KOIN.US,D,20230518,000000,28.7,28.7,28.45,28.6,1527,0
KOIN.US,D,20230519,000000,28.6769,28.6769,28.6769,28.6769,77,0
KOIN.US,D,20230522,000000,28.9012,28.9012,28.9012,28.9012,69,0
KOIN.US,D,20230523,000000,28.62,28.62,28.511,28.511,839,0
KOIN.US,D,20230524,000000,28.3,28.3,28.04,28.11,490,0
KOIN.US,D,20230525,000000,28.15,28.15,28.03,28.12,2026,0
KOIN.US,D,20230526,000000,28.19,28.59,28.19,28.54,1407,0
KOIN.US,D,20230530,000000,28.43,28.43,28.3,28.3562,740,0
KOIN.US,D,20230531,000000,28.18,28.36,28.17,28.2467,1074,0
KOIN.US,D,20230601,000000,28.41,28.62,28.37,28.54,1643,0
KOIN.US,D,20230602,000000,28.9,29.01,28.9,29.01,1792,0
KOIN.US,D,20230605,000000,28.92,28.92,28.85,28.8992,826,0
KOIN.US,D,20230606,000000,28.85,29.15,28.85,29.14,2055,0
KOIN.US,D,20230607,000000,29.08,29.24,27.97,28.94,19848,0
KOIN.US,D,20230608,000000,28.8,29.0035,28.385,28.988,2204,0
KOIN.US,D,20230609,000000,29.11,29.14,28.7,29,4122,0
KOIN.US,D,20230612,000000,29.14,29.21,29.11,29.1821,1665,0
KOIN.US,D,20230613,000000,29.43,29.56,28.55,29.3545,4929,0
KOIN.US,D,20230614,000000,29.37,29.87,28.95,29.4246,18417,0
KOIN.US,D,20230615,000000,29.479,29.6725,29.01,29.645,33995,0
KOIN.US,D,20230616,000000,29.76,29.9,29.68,29.6832,1229,0
KOIN.US,D,20230620,000000,29.61,29.61,29.25,29.3727,1187,0
KOIN.US,D,20230621,000000,29.27,29.27,29.2135,29.2135,606,0
KOIN.US,D,20230622,000000,29.24,29.2478,29.09,29.2478,776,0
KOIN.US,D,20230623,000000,28.86,28.87,28.77,28.866,1005,0
KOIN.US,D,20230626,000000,29.02,29.02,28.71,28.7621,1490,0
KOIN.US,D,20230627,000000,28.99,29.05,28.99,29.0225,781,0
KOIN.US,D,20230628,000000,28.97,29.0491,28.92,29.0491,7854,0
KOIN.US,D,20230629,000000,29.06,29.06,29.06,29.06,658,0
KOIN.US,D,20230630,000000,29.38,29.4282,29.21,29.36,3114,0
KOIN.US,D,20230703,000000,29.4867,29.4867,29.4867,29.4867,36,0
KOIN.US,D,20230705,000000,29.32,29.37,29.32,29.3401,630,0
KOIN.US,D,20230706,000000,28.8159,28.9089,28.8159,28.9089,696,0
KOIN.US,D,20230707,000000,29.1139,29.24,29.04,29.047,4445,0
KOIN.US,D,20230710,000000,29.01,29.18,29.01,29.04,4139,0
KOIN.US,D,20230711,000000,29.4,29.5655,29.4,29.5655,1980,0
KOIN.US,D,20230712,000000,29.9669,30,29.8312,29.9311,11564,0
KOIN.US,D,20230713,000000,30.24,31.47,30.24,30.4652,19297,0
KOIN.US,D,20230714,000000,30.43,30.72,30.3555,30.3555,15753,0
KOIN.US,D,20230717,000000,30.45,30.6,30.32,30.4567,10803,0
KOIN.US,D,20230718,000000,30.36,30.485,30.29,30.4646,1372,0
KOIN.US,D,20230719,000000,30.6,30.6399,30.49,30.551,717,0
KOIN.US,D,20230720,000000,30.38,30.38,30.2053,30.2053,1510,0
KOIN.US,D,20230721,000000,30.28,30.28,30.04,30.0919,892,0
KOIN.US,D,20230724,000000,30.2,30.2,30.01,30.2,6021,0
KOIN.US,D,20230725,000000,30.4127,30.4127,30.3749,30.3749,718,0
KOIN.US,D,20230726,000000,30.31,30.3366,30.31,30.3366,452,0
KOIN.US,D,20230727,000000,30.74,30.74,30.25,30.25,577,0
KOIN.US,D,20230728,000000,30.8,30.91,30.7701,30.7701,1279,0
KOIN.US,D,20230731,000000,30.8,30.87,30.7788,30.7788,2270,0
KOIN.US,D,20230801,000000,30.52,30.695,30.52,30.695,1631,0
KOIN.US,D,20230802,000000,30.34,30.34,30.11,30.1599,1269,0
KOIN.US,D,20230803,000000,29.91,30.1199,29.91,30.0033,1056,0
KOIN.US,D,20230804,000000,30.2,30.35,30.0488,30.0488,1278,0
KOIN.US,D,20230807,000000,30.29,30.29,30.29,30.29,497,0
KOIN.US,D,20230808,000000,29.91,29.93,29.69,29.871,1329,0
KOIN.US,D,20230809,000000,29.95,30.05,29.73,29.8041,1571,0
KOIN.US,D,20230810,000000,30.08,30.1937,29.75,29.83,1050,0
KOIN.US,D,20230811,000000,29.6,29.66,29.47,29.5035,1453,0
KOIN.US,D,20230814,000000,29.61,29.6378,29.56,29.6378,1884,0
KOIN.US,D,20230815,000000,29.53,29.53,29.15,29.165,575,0
KOIN.US,D,20230816,000000,29.23,29.26,28.9631,28.9631,486,0
KOIN.US,D,20230817,000000,29.2,29.2,28.82,28.9388,1414,0
KOIN.US,D,20230818,000000,28.62,28.9,28.62,28.9,2244,0
KOIN.US,D,20230821,000000,29.01,29.01,28.69,28.9759,951,0
KOIN.US,D,20230822,000000,29.14,29.14,28.8691,28.8691,874,0
KOIN.US,D,20230823,000000,29.13,29.3199,29.13,29.2314,1315,0
KOIN.US,D,20230824,000000,29.39,29.39,28.93,28.9306,1410,0
KOIN.US,D,20230825,000000,29.27,29.27,28.98,29.1963,693,0
KOIN.US,D,20230828,000000,29.47,29.51,29.3842,29.3842,581,0
KOIN.US,D,20230829,000000,29.82,29.967,29.76,29.967,1497,0
KOIN.US,D,20230830,000000,29.84,29.91,29.7906,29.7906,1033,0
KOIN.US,D,20230831,000000,30.01,30.01,29.8799,29.8908,940,0
KOIN.US,D,20230901,000000,30.11,30.22,29.92,29.97,2289,0
KOIN.US,D,20230905,000000,29.98,29.98,29.8358,29.8358,913,0
KOIN.US,D,20230906,000000,29.99,29.99,29.7601,29.8965,961,0
KOIN.US,D,20230907,000000,29.78,29.78,29.7459,29.7541,616,0
KOIN.US,D,20230908,000000,29.84,29.84,29.69,29.7011,607,0
KOIN.US,D,20230911,000000,30.04,30.09,29.81,29.9394,939,0
KOIN.US,D,20230912,000000,29.84,29.84,29.8015,29.8015,262,0
KOIN.US,D,20230913,000000,29.89,29.8903,29.7643,29.7643,707,0
KOIN.US,D,20230914,000000,29.95,29.95,29.95,29.95,121,0
KOIN.US,D,20230915,000000,29.92,30,29.73,29.7832,963,0
KOIN.US,D,20230918,000000,29.71,29.7407,29.5943,29.5943,1488,0
KOIN.US,D,20230919,000000,29.62,29.62,29.5928,29.5928,758,0
KOIN.US,D,20230920,000000,29.76,29.78,29.4132,29.4132,2165,0
KOIN.US,D,20230921,000000,29.1,29.17,28.842,28.842,1570,0
KOIN.US,D,20230922,000000,29.18,29.18,29.0363,29.0363,588,0
KOIN.US,D,20230925,000000,28.78,28.9701,28.78,28.9498,746,0
KOIN.US,D,20230926,000000,28.68,28.68,28.436,28.436,615,0
KOIN.US,D,20230927,000000,28.57,28.63,28.415,28.4326,769,0
KOIN.US,D,20230928,000000,28.47,28.5832,28.47,28.5832,520,0
KOIN.US,D,20230929,000000,28.74,28.74,28.4,28.4488,1535,0
KOIN.US,D,20231002,000000,28.3369,28.3369,28.3369,28.3369,69,0
KOIN.US,D,20231003,000000,28.23,28.23,27.95,27.9501,1132,0
KOIN.US,D,20231004,000000,28.02,28.1856,28.02,28.1856,1758,0
KOIN.US,D,20231005,000000,28.33,28.445,28.33,28.445,609,0
KOIN.US,D,20231006,000000,28.44,28.8675,28.43,28.8675,2145,0
KOIN.US,D,20231009,000000,28.64,28.86,28.5799,28.8415,721,0
KOIN.US,D,20231010,000000,29,29.13,29,29.0485,1237,0
KOIN.US,D,20231011,000000,29.13,29.24,28.92,29.0981,1078,0
KOIN.US,D,20231012,000000,29.13,29.16,28.9205,28.9205,1173,0
KOIN.US,D,20231013,000000,28.8,28.84,28.3,28.318,2143,0
KOIN.US,D,20231016,000000,28.83,28.8762,28.75,28.8762,975,0
KOIN.US,D,20231017,000000,28.55,28.815,28.55,28.815,962,0
KOIN.US,D,20231018,000000,28.62,28.72,28.3974,28.3974,592,0
KOIN.US,D,20231019,000000,28.37,28.37,28.115,28.115,463,0
KOIN.US,D,20231020,000000,27.95,28.03,27.7265,27.7265,2232,0
KOIN.US,D,20231023,000000,27.8415,27.8415,27.757,27.757,209,0
KOIN.US,D,20231024,000000,28,28.14,28,28.0418,3949,0
KOIN.US,D,20231025,000000,27.76,27.76,27.6101,27.6101,133,0
KOIN.US,D,20231026,000000,27.52,27.5722,27.4,27.4245,811,0
KOIN.US,D,20231027,000000,27.43,27.43,27.2766,27.2766,383,0
KOIN.US,D,20231030,000000,27.49,27.49,27.41,27.4792,924,0
KOIN.US,D,20231031,000000,27.5231,27.6438,27.5231,27.6438,312,0
KOIN.US,D,20231101,000000,27.8348,27.8348,27.8348,27.8348,54,0
KOIN.US,D,20231102,000000,28.16,28.25,28.16,28.2426,1235,0
KOIN.US,D,20231103,000000,28.72,28.7446,28.6512,28.7446,810,0
KOIN.US,D,20231106,000000,28.7515,28.7515,28.7515,28.7515,314,0
KOIN.US,D,20231107,000000,28.77,28.77,28.74,28.74,228,0
KOIN.US,D,20231108,000000,28.66,28.675,28.66,28.675,454,0
KOIN.US,D,20231109,000000,28.76,28.76,28.572,28.572,500,0
KOIN.US,D,20231110,000000,28.59,28.823,28.5711,28.823,2913,0
KOIN.US,D,20231113,000000,28.79,28.8254,28.79,28.8254,706,0
KOIN.US,D,20231114,000000,29.41,29.41,29.377,29.377,543,0
KOIN.US,D,20231115,000000,29.6001,29.6001,29.5228,29.5228,239,0
KOIN.US,D,20231116,000000,29.32,29.32,29.28,29.28,693,0
KOIN.US,D,20231117,000000,29.42,29.5743,29.2834,29.5743,2475,0
KOIN.US,D,20231120,000000,29.55,29.7351,29.55,29.7351,800,0
KOIN.US,D,20231121,000000,29.78,29.78,29.6916,29.6916,1256,0
KOIN.US,D,20231122,000000,29.99,30,29.82,29.8815,13806,0
KOIN.US,D,20231124,000000,30.16,30.16,29.9063,30.0311,897,0
KOIN.US,D,20231127,000000,29.94,30.1,29.94,29.9843,5274,0
KOIN.US,D,20231128,000000,30.21,30.2434,30.16,30.2434,701,0
KOIN.US,D,20231129,000000,30.3,30.35,30.2835,30.2835,953,0
KOIN.US,D,20231130,000000,30.3,30.305,30.17,30.305,1822,0
KOIN.US,D,20231201,000000,30.14,30.46,30.14,30.45,1515,0
KOIN.US,D,20231204,000000,30.29,30.43,30.235,30.315,2663,0
KOIN.US,D,20231205,000000,30.09,30.145,30.09,30.145,884,0
KOIN.US,D,20231206,000000,30.37,30.4599,30.27,30.29,2609,0
KOIN.US,D,20231207,000000,30.29,30.35,30.29,30.35,1814,0
KOIN.US,D,20231208,000000,30.4,30.5,30.4,30.42,459,0
KOIN.US,D,20231211,000000,30.46,30.63,30.46,30.5775,2973,0
KOIN.US,D,20231212,000000,30.56,30.616,30.56,30.616,378,0
KOIN.US,D,20231213,000000,30.59,30.71,30.3112,30.71,1420,0
KOIN.US,D,20231214,000000,31.25,31.275,31.09,31.2031,1815,0
KOIN.US,D,20231215,000000,31.11,31.2399,31.01,31.177,2216,0
KOIN.US,D,20231218,000000,31.2,31.26,31.2,31.2149,1121,0
KOIN.US,D,20231219,000000,31.456,31.456,31.456,31.456,109,0
KOIN.US,D,20231220,000000,31.33,31.44,30.85,30.85,1880,0
KOIN.US,D,20231221,000000,31.4,31.405,31.3767,31.405,1798,0
KOIN.US,D,20231222,000000,31.25,31.4161,31.25,31.4161,661,0
KOIN.US,D,20231226,000000,30.64,30.8599,30.57,30.76,1677,0
KOIN.US,D,20231227,000000,30.63,30.8,30.63,30.792,2435,0
KOIN.US,D,20231228,000000,30.98,31.25,30.98,31.0806,2552,0
KOIN.US,D,20231229,000000,31.05,31.21,31.02,31.0306,1755,0
KOIN.US,D,20240102,000000,30.81,30.81,30.5,30.5837,2402,0
KOIN.US,D,20240103,000000,30.4,30.4,30.27,30.2738,2892,0
KOIN.US,D,20240104,000000,30.09,30.325,30.09,30.2898,1606,0
KOIN.US,D,20240105,000000,30.27,30.43,30.18,30.285,2584,0
KOIN.US,D,20240108,000000,30.4499,30.6105,30.4499,30.6105,2527,0
KOIN.US,D,20240109,000000,30.5011,30.61,30.5011,30.5676,2500,0
KOIN.US,D,20240110,000000,30.53,30.65,30.53,30.641,888,0
KOIN.US,D,20240111,000000,30.69,30.69,30.5,30.615,874,0
KOIN.US,D,20240112,000000,30.78,30.81,30.7207,30.7207,1507,0
KOIN.US,D,20240116,000000,30.43,30.43,30.3,30.4126,1058,0
KOIN.US,D,20240117,000000,29.98,30.0502,29.8648,30.0502,2518,0
KOIN.US,D,20240118,000000,30.17,30.4328,30.16,30.4328,2190,0
KOIN.US,D,20240119,000000,30.4,30.6035,30.3893,30.6035,1156,0
KOIN.US,D,20240122,000000,30.72,30.72,30.47,30.6508,1948,0
KOIN.US,D,20240123,000000,30.55,30.65,30.55,30.65,797,0
KOIN.US,D,20240124,000000,31.01,31.01,30.8247,30.8247,1164,0
KOIN.US,D,20240125,000000,30.97,30.97,30.8101,30.8101,520,0
KOIN.US,D,20240126,000000,30.97,31.02,30.9642,30.9642,1091,0
KOIN.US,D,20240129,000000,30.98,31.1412,30.98,31.1412,428,0
KOIN.US,D,20240130,000000,30.92,31.05,30.8808,30.8808,641,0
KOIN.US,D,20240131,000000,31.01,31.01,30.555,30.555,802,0
KOIN.US,D,20240201,000000,30.6994,30.8602,30.68,30.8602,1032,0
KOIN.US,D,20240202,000000,30.8,30.8,30.66,30.7894,794,0
KOIN.US,D,20240205,000000,30.73,30.73,30.5481,30.5481,1593,0
KOIN.US,D,20240206,000000,30.63,30.6979,30.63,30.6979,994,0
KOIN.US,D,20240207,000000,30.79,30.823,30.7,30.823,1201,0
KOIN.US,D,20240208,000000,30.65,30.65,30.5812,30.5812,543,0
KOIN.US,D,20240209,000000,30.67,30.94,30.67,30.9344,705,0
KOIN.US,D,20240212,000000,30.91,31.19,30.91,30.9908,3857,0
KOIN.US,D,20240213,000000,30.59,30.59,28.87,30.3882,1305,0
KOIN.US,D,20240214,000000,30.62,30.75,30.61,30.7418,1593,0
KOIN.US,D,20240215,000000,31.03,31.1935,31.03,31.1935,1309,0
KOIN.US,D,20240216,000000,31.21,31.21,31.115,31.1339,1656,0
KOIN.US,D,20240220,000000,30.59,31.0412,30.59,31.0129,2808,0
KOIN.US,D,20240221,000000,31.02,31.02,30.9207,30.9207,513,0
KOIN.US,D,20240222,000000,31.32,31.5262,31.32,31.5262,1173,0
KOIN.US,D,20240223,000000,31.69,31.78,31.55,31.681,12236,0
KOIN.US,D,20240226,000000,31.69,31.72,31.51,31.5858,1464,0
KOIN.US,D,20240227,000000,31.63,31.7012,31.42,31.6095,1468,0
KOIN.US,D,20240228,000000,31.63,31.63,31.5712,31.5714,744,0
KOIN.US,D,20240229,000000,31.7699,31.7699,31.7699,31.7699,627,0
KOIN.US,D,20240301,000000,31.85,31.94,31.85,31.94,794,0
KOIN.US,D,20240304,000000,31.91,31.9429,31.66,31.905,2065,0
KOIN.US,D,20240305,000000,31.73,31.73,31.5,31.57,1657,0
KOIN.US,D,20240306,000000,31.84,31.84,31.8216,31.8216,855,0
KOIN.US,D,20240307,000000,32.07,32.1047,31.94,32.1047,785,0
KOIN.US,D,20240308,000000,32.13,32.19,32.11,32.1249,1167,0
KOIN.US,D,20240311,000000,32.2037,32.24,32.04,32.2132,1363,0
KOIN.US,D,20240312,000000,32.5,32.7276,32.5,32.6692,1189,0
KOIN.US,D,20240313,000000,32.62,32.7731,32.62,32.7731,687,0
KOIN.US,D,20240314,000000,32.79,32.79,32.5063,32.5063,392,0
KOIN.US,D,20240315,000000,32.53,32.53,32.25,32.2836,1399,0
KOIN.US,D,20240318,000000,32.6,32.667,32.54,32.667,896,0
KOIN.US,D,20240319,000000,32.53,32.53,32.5134,32.5134,486,0
KOIN.US,D,20240320,000000,32.54,32.9714,32.54,32.9714,1049,0
KOIN.US,D,20240321,000000,33.06,33.1017,32.85,33.1017,1292,0
KOIN.US,D,20240322,000000,33.04,33.08,32.8161,32.8161,977,0
KOIN.US,D,20240325,000000,32.79,32.9016,32.79,32.9016,470,0
KOIN.US,D,20240326,000000,33.066,33.14,33.0254,33.0254,1219,0
KOIN.US,D,20240327,000000,33.1,33.1,32.94,33.0256,744,0
KOIN.US,D,20240328,000000,33.15,33.205,33.15,33.205,463,0
KOIN.US,D,20240401,000000,32.12,32.9847,32.12,32.9847,1426,0
KOIN.US,D,20240402,000000,32.7,32.79,32.7,32.7374,566,0
KOIN.US,D,20240403,000000,32.75,32.97,32.75,32.9242,1348,0
KOIN.US,D,20240404,000000,33.19,33.26,32.6731,32.6731,1129,0
KOIN.US,D,20240405,000000,32.66,32.9124,32.66,32.9124,1148,0
KOIN.US,D,20240408,000000,33.05,33.051,33.05,33.051,491,0
KOIN.US,D,20240409,000000,33.1028,33.14,32.9778,33.0489,1212,0
KOIN.US,D,20240410,000000,32.62,32.69,32.51,32.5434,3481,0
KOIN.US,D,20240411,000000,32.7012,32.7012,32.35,32.5355,1094,0
KOIN.US,D,20240412,000000,32.31,32.3899,32.0054,32.0054,1245,0
KOIN.US,D,20240415,000000,31.99,31.99,31.54,31.6351,482,0
KOIN.US,D,20240416,000000,31.41,31.44,31.23,31.3659,1127,0
KOIN.US,D,20240417,000000,31.48,31.5,31.4106,31.4106,1181,0
KOIN.US,D,20240418,000000,31.55,31.55,31.31,31.3838,619,0
KOIN.US,D,20240419,000000,31.27,31.27,31.04,31.04,908,0
KOIN.US,D,20240422,000000,31.6957,31.6957,31.6957,31.6957,34,0
KOIN.US,D,20240423,000000,31.8806,31.9423,31.8806,31.9423,279,0
KOIN.US,D,20240424,000000,32.04,32.076,31.833,32.076,1627,0
KOIN.US,D,20240425,000000,31.52,31.679,31.52,31.679,2645,0
KOIN.US,D,20240426,000000,32.06,32.06,31.84,31.9096,958,0
KOIN.US,D,20240429,000000,32.18,32.18,32.1454,32.1454,232,0
KOIN.US,D,20240430,000000,32.02,32.02,31.6204,31.6204,672,0
KOIN.US,D,20240501,000000,31.58,31.8,31.4326,31.4326,1037,0
KOIN.US,D,20240502,000000,31.89,32.06,31.6501,32.01,2604,0
KOIN.US,D,20240503,000000,31.62,32.4,31.62,32.23,800,0
KOIN.US,D,20240506,000000,32.55,32.6421,32.33,32.6421,1856,0
KOIN.US,D,20240507,000000,32.69,32.74,32.6,32.6975,1573,0
KOIN.US,D,20240508,000000,32.6,32.6342,32.6,32.6342,245,0
KOIN.US,D,20240509,000000,32.78,32.8043,32.7543,32.8043,473,0
KOIN.US,D,20240510,000000,32.91,32.91,32.47,32.7257,1276,0
KOIN.US,D,20240513,000000,31.96,32.9,31.96,32.9,543,0
KOIN.US,D,20240514,000000,33.02,33.1886,33.02,33.1886,706,0
KOIN.US,D,20240515,000000,33.2,33.4748,33.2,33.4748,552,0
KOIN.US,D,20240516,000000,33.3311,33.3311,33.3311,33.3311,160,0
KOIN.US,D,20240517,000000,33.3623,33.42,33.3143,33.3143,527,0
KOIN.US,D,20240520,000000,33.2,33.2589,33.2,33.2589,245,0
KOIN.US,D,20240521,000000,33.2511,33.3,33.09,33.2437,686,0
KOIN.US,D,20240522,000000,33.2004,33.2004,33.08,33.1648,462,0
