<TICKER>,<PER>,<DATE>,<TIME>,<OPEN>,<HIGH>,<LOW>,<CLOSE>,<VOL>,<OPENINT>
KRBN.US,D,20200731,000000,20.476,20.476,20.267,20.267,9954,0
KRBN.US,D,20200803,000000,20.148,20.352,20.148,20.352,5096,0
KRBN.US,D,20200804,000000,20.297,20.715,20.198,20.59,1642,0
KRBN.US,D,20200805,000000,20.596,20.795,20.596,20.725,11019,0
KRBN.US,D,20200806,000000,20.904,20.914,20.397,20.453,2941,0
KRBN.US,D,20200807,000000,20.526,20.526,20.098,20.297,1451,0
KRBN.US,D,20200810,000000,20.397,20.616,20.392,20.392,5032,0
KRBN.US,D,20200811,000000,20.496,20.576,20.198,20.198,4183,0
KRBN.US,D,20200812,000000,20.049,20.158,19.999,20.049,2269,0
KRBN.US,D,20200813,000000,20.098,20.258,20.024,20.024,2120,0
KRBN.US,D,20200814,000000,19.899,20.049,19.899,20.019,2285,0
KRBN.US,D,20200817,000000,20.546,20.596,20.307,20.307,2895,0
KRBN.US,D,20200818,000000,20.491,20.491,20.491,20.491,110,0
KRBN.US,D,20200819,000000,20.476,20.476,20.347,20.347,854,0
KRBN.US,D,20200820,000000,20.198,20.208,20.078,20.078,29507,0
KRBN.US,D,20200821,000000,19.979,19.979,19.821,19.969,4162,0
KRBN.US,D,20200824,000000,20.924,21.054,20.573,20.879,7474,0
KRBN.US,D,20200825,000000,21.651,21.651,21.133,21.574,9135,0
KRBN.US,D,20200826,000000,21.79,21.82,21.392,21.451,24550,0
KRBN.US,D,20200827,000000,21.879,21.879,21.103,21.317,1140,0
KRBN.US,D,20200828,000000,22.257,22.914,21.832,21.926,2486,0
KRBN.US,D,20200831,000000,21.889,21.889,21.636,21.756,2438,0
KRBN.US,D,20200901,000000,21.77,21.77,21.143,21.143,4567,0
KRBN.US,D,20200902,000000,21.143,21.372,21.062,21.372,1373,0
KRBN.US,D,20200903,000000,21.74,21.74,21.581,21.581,580,0
KRBN.US,D,20200904,000000,21.67,21.67,20.894,21.005,6226,0
KRBN.US,D,20200908,000000,20.815,21.014,20.128,20.571,11785,0
KRBN.US,D,20200909,000000,20.894,20.984,20.596,20.618,18480,0
KRBN.US,D,20200910,000000,21.178,21.178,21.178,21.178,137,0
KRBN.US,D,20200911,000000,21.337,21.337,21.337,21.337,230,0
KRBN.US,D,20200914,000000,21.979,22.785,21.77,22.636,7567,0
KRBN.US,D,20200915,000000,22.665,22.705,21.999,22.058,7363,0
KRBN.US,D,20200916,000000,22.387,22.387,22.266,22.384,275,0
KRBN.US,D,20200917,000000,21.919,21.919,21.561,21.561,2991,0
KRBN.US,D,20200918,000000,21.631,21.631,21.392,21.492,76119,0
KRBN.US,D,20200921,000000,20.785,20.835,20.274,20.481,46734,0
KRBN.US,D,20200922,000000,20.506,21.322,20.447,21.218,46066,0
KRBN.US,D,20200923,000000,20.636,20.884,20.476,20.531,30280,0
KRBN.US,D,20200924,000000,20.158,20.695,19.82,20.496,11913,0
KRBN.US,D,20200925,000000,20.277,20.377,20.248,20.297,20852,0
KRBN.US,D,20200928,000000,20.616,21.133,20.604,21.046,3611,0
KRBN.US,D,20200929,000000,20.646,20.735,20.646,20.695,1675,0
KRBN.US,D,20200930,000000,20.646,20.884,20.646,20.685,6179,0
KRBN.US,D,20201001,000000,20.616,20.616,20.397,20.575,3308,0
KRBN.US,D,20201002,000000,20.536,20.879,20.525,20.67,8179,0
KRBN.US,D,20201005,000000,20.855,20.855,20.753,20.779,1722,0
KRBN.US,D,20201006,000000,20.865,20.865,20.646,20.646,10782,0
KRBN.US,D,20201007,000000,21.083,21.382,20.62,20.62,5460,0
KRBN.US,D,20201008,000000,20.884,20.884,20.48,20.48,7820,0
KRBN.US,D,20201009,000000,20.457,20.476,20.118,20.347,7054,0
KRBN.US,D,20201012,000000,20.238,20.417,20.178,20.307,791,0
KRBN.US,D,20201013,000000,20.138,20.138,19.969,19.969,6124,0
KRBN.US,D,20201014,000000,20.088,20.307,20.019,20.163,763,0
KRBN.US,D,20201015,000000,19.79,20.845,19.7,19.81,7347,0
KRBN.US,D,20201016,000000,19.757,19.86,19.725,19.75,1986,0
KRBN.US,D,20201019,000000,19.83,19.919,19.83,19.919,5746,0
KRBN.US,D,20201020,000000,19.671,19.77,19.482,19.482,11095,0
KRBN.US,D,20201021,000000,19.292,19.332,19.004,19.292,6314,0
KRBN.US,D,20201022,000000,19.317,19.392,19.312,19.312,1134,0
KRBN.US,D,20201023,000000,19.694,20.317,19.694,20.163,1290,0
KRBN.US,D,20201026,000000,19.75,20.397,19.218,19.337,30173,0
KRBN.US,D,20201027,000000,19.292,19.561,19.253,19.45,1019,0
KRBN.US,D,20201028,000000,19.004,19.004,18.825,18.865,4942,0
KRBN.US,D,20201029,000000,18.894,19.034,18.825,19.034,1924,0
KRBN.US,D,20201030,000000,19.034,19.272,19.004,19.233,71332,0
KRBN.US,D,20201102,000000,19.113,19.193,18.785,19.042,2969,0
KRBN.US,D,20201103,000000,19.446,19.81,19.446,19.7,2660,0
KRBN.US,D,20201104,000000,19.919,20.133,19.821,20.049,3451,0
KRBN.US,D,20201105,000000,20.026,20.496,20.026,20.317,6129,0
KRBN.US,D,20201106,000000,20.576,20.695,20.307,20.307,6040,0
KRBN.US,D,20201109,000000,20.536,20.894,20.452,20.722,3392,0
KRBN.US,D,20201110,000000,20.855,20.855,20.725,20.746,1533,0
KRBN.US,D,20201111,000000,20.795,20.795,20.496,20.587,2088,0
KRBN.US,D,20201112,000000,20.676,20.676,20.476,20.516,1393,0
KRBN.US,D,20201113,000000,20.765,20.775,20.496,20.596,2365,0
KRBN.US,D,20201116,000000,20.894,20.894,20.894,20.894,257,0
KRBN.US,D,20201117,000000,20.894,20.964,20.791,20.952,7723,0
KRBN.US,D,20201118,000000,20.845,21.184,20.845,21.093,1934,0
KRBN.US,D,20201119,000000,20.725,20.805,20.606,20.606,3135,0
KRBN.US,D,20201120,000000,20.8,20.994,20.75,20.75,440,0
KRBN.US,D,20201123,000000,20.914,21.372,20.735,21.252,10248,0
KRBN.US,D,20201124,000000,21.392,21.581,21.292,21.572,11417,0
KRBN.US,D,20201125,000000,21.651,21.77,21.511,21.551,18043,0
KRBN.US,D,20201127,000000,21.939,22.058,21.889,21.971,5273,0
KRBN.US,D,20201130,000000,22.347,22.456,21.979,22.297,7583,0
KRBN.US,D,20201201,000000,22.407,22.526,22.083,22.441,2300,0
KRBN.US,D,20201202,000000,22.725,22.739,22.646,22.739,466,0
KRBN.US,D,20201203,000000,22.765,22.833,22.526,22.626,2654,0
KRBN.US,D,20201204,000000,22.685,23.242,22.685,23.183,3250,0
KRBN.US,D,20201207,000000,22.954,23.168,22.745,22.745,24281,0
KRBN.US,D,20201208,000000,22.994,22.994,22.864,22.904,8450,0
KRBN.US,D,20201209,000000,23.073,23.093,22.735,22.735,5151,0
KRBN.US,D,20201210,000000,23.372,23.636,23.143,23.636,6136,0
KRBN.US,D,20201211,000000,23.621,23.64,23.434,23.434,10353,0
KRBN.US,D,20201214,000000,23.889,24.019,23.66,23.68,19194,0
KRBN.US,D,20201215,000000,24.208,24.417,24.168,24.37,55936,0
KRBN.US,D,20201216,000000,24.237,24.247,23.999,24.211,15707,0
KRBN.US,D,20201217,000000,24.327,24.446,24.265,24.314,7058,0
KRBN.US,D,20201218,000000,23.81,23.927,23.64,23.924,9632,0
KRBN.US,D,20201221,000000,23.591,23.81,23.516,23.735,9301,0
KRBN.US,D,20201222,000000,23.72,23.909,23.581,23.581,4221,0
KRBN.US,D,20201223,000000,24.228,24.347,24.009,24.218,4832,0
KRBN.US,D,20201224,000000,24.486,24.526,24.277,24.463,8734,0
KRBN.US,D,20201228,000000,24.864,25.193,24.864,25.173,6538,0
KRBN.US,D,20201229,000000,25.004,25.004,24.785,24.874,6114,0
KRBN.US,D,20201230,000000,24.949,25.894,24.586,24.606,22938,0
KRBN.US,D,20201231,000000,24.616,24.616,24.407,24.506,3237,0
KRBN.US,D,20210104,000000,25.64,26.123,25.173,25.272,22368,0
KRBN.US,D,20210105,000000,25.073,25.073,24.944,25.046,10408,0
KRBN.US,D,20210106,000000,25.093,25.481,25.073,25.412,33098,0
KRBN.US,D,20210107,000000,25.446,26.078,25.446,26.065,18682,0
KRBN.US,D,20210108,000000,25.849,26.217,25.526,26.028,13325,0
KRBN.US,D,20210111,000000,25.869,26.048,25.103,25.813,22778,0
KRBN.US,D,20210112,000000,26.247,26.247,25.969,26.018,22208,0
KRBN.US,D,20210113,000000,25.372,25.372,24.884,25.173,54984,0
KRBN.US,D,20210114,000000,25.173,25.461,25.073,25.377,12141,0
KRBN.US,D,20210115,000000,24.427,24.501,23.879,23.879,27024,0
KRBN.US,D,20210119,000000,24.476,25.023,24.476,25.023,6078,0
KRBN.US,D,20210120,000000,25.014,25.014,24.75,24.77,8928,0
KRBN.US,D,20210121,000000,25.312,25.611,25.053,25.297,28427,0
KRBN.US,D,20210122,000000,25.322,25.885,25.322,25.657,14652,0
KRBN.US,D,20210125,000000,25.501,25.869,24.367,25.004,31766,0
KRBN.US,D,20210126,000000,24.994,25.173,24.586,24.914,22199,0
KRBN.US,D,20210127,000000,24.148,25.063,24.118,24.75,27015,0
KRBN.US,D,20210128,000000,25.083,25.372,24.999,25.372,10085,0
KRBN.US,D,20210129,000000,25.183,25.183,24.874,24.874,36835,0
KRBN.US,D,20210201,000000,24.775,24.844,24.466,24.466,14456,0
KRBN.US,D,20210202,000000,25.8,25.869,25.372,25.869,93033,0
KRBN.US,D,20210203,000000,26.406,27.859,26.406,27.073,95622,0
KRBN.US,D,20210204,000000,27.272,27.272,27.063,27.113,39266,0
KRBN.US,D,20210205,000000,27.74,27.77,27.362,27.482,72093,0
KRBN.US,D,20210208,000000,27.71,27.71,27.428,27.61,59640,0
KRBN.US,D,20210209,000000,27.491,27.6,27.278,27.526,29093,0
KRBN.US,D,20210210,000000,27.839,28.357,27.66,28.212,25947,0
KRBN.US,D,20210211,000000,28.327,28.357,27.053,27.561,54668,0
KRBN.US,D,20210212,000000,27.909,29.103,27.76,28.511,38271,0
KRBN.US,D,20210216,000000,28.546,28.546,27.76,27.929,119916,0
KRBN.US,D,20210217,000000,27.591,27.77,27.073,27.232,36809,0
KRBN.US,D,20210218,000000,27.491,27.6,27.352,27.571,25593,0
KRBN.US,D,20210219,000000,27.61,27.61,27.003,27.053,47845,0
KRBN.US,D,20210222,000000,27.053,27.64,26.931,27.343,27572,0
KRBN.US,D,20210223,000000,27.272,27.859,26.964,27.806,17838,0
KRBN.US,D,20210224,000000,27.809,28.257,27.698,28.178,18329,0
KRBN.US,D,20210225,000000,28.138,28.158,27.579,27.591,54130,0
KRBN.US,D,20210226,000000,27.561,27.581,27.063,27.063,19065,0
KRBN.US,D,20210301,000000,27.193,27.193,26.964,26.999,28054,0
KRBN.US,D,20210302,000000,27.322,27.72,27.163,27.372,30760,0
KRBN.US,D,20210303,000000,27.222,27.362,26.964,27.093,20340,0
KRBN.US,D,20210304,000000,27.242,27.581,27.206,27.401,39135,0
KRBN.US,D,20210305,000000,27.73,27.765,27.474,27.66,65288,0
KRBN.US,D,20210308,000000,27.312,27.571,27.192,27.511,33220,0
KRBN.US,D,20210309,000000,27.979,28.426,27.561,28.307,17940,0
KRBN.US,D,20210310,000000,28.814,28.854,28.645,28.833,161360,0
KRBN.US,D,20210311,000000,29.083,29.839,28.998,29.163,220639,0
KRBN.US,D,20210312,000000,29.381,29.551,29.252,29.421,113427,0
KRBN.US,D,20210315,000000,29.352,29.352,28.944,29.182,136209,0
KRBN.US,D,20210316,000000,29.252,29.252,28.665,28.665,81986,0
KRBN.US,D,20210317,000000,28.854,29.62,28.665,29.6,60732,0
KRBN.US,D,20210318,000000,29.411,29.421,28.889,29.013,125448,0
KRBN.US,D,20210319,000000,28.864,28.964,28.374,28.804,121376,0
KRBN.US,D,20210322,000000,29.113,29.75,28.974,29.59,584751,0
KRBN.US,D,20210323,000000,28.794,28.914,28.514,28.527,379466,0
KRBN.US,D,20210324,000000,28.327,28.755,27.979,28.625,117775,0
KRBN.US,D,20210325,000000,27.959,27.969,27.461,27.79,165367,0
KRBN.US,D,20210326,000000,28.367,28.516,27.979,28.287,116707,0
KRBN.US,D,20210329,000000,28.466,28.561,28.297,28.416,137523,0
KRBN.US,D,20210330,000000,28.446,28.536,28.271,28.386,74013,0
KRBN.US,D,20210331,000000,28.516,29.182,28.456,28.546,73649,0
KRBN.US,D,20210401,000000,28.705,28.705,28.307,28.556,170149,0
KRBN.US,D,20210405,000000,28.625,28.705,28.536,28.536,80122,0
KRBN.US,D,20210406,000000,29.252,29.591,29.252,29.421,143634,0
KRBN.US,D,20210407,000000,29.401,29.436,29.063,29.202,131412,0
KRBN.US,D,20210408,000000,29.312,29.312,28.993,29.113,161306,0
KRBN.US,D,20210409,000000,29.123,29.212,28.954,29.153,234556,0
KRBN.US,D,20210412,000000,29.67,29.71,29.531,29.62,151198,0
KRBN.US,D,20210413,000000,29.74,29.779,29.242,29.372,244546,0
KRBN.US,D,20210414,000000,29.551,29.551,29.202,29.429,202489,0
KRBN.US,D,20210415,000000,29.7,29.779,29.491,29.71,238008,0
KRBN.US,D,20210416,000000,29.899,29.899,29.65,29.74,229719,0
KRBN.US,D,20210419,000000,29.959,29.968,29.401,29.58,221538,0
KRBN.US,D,20210420,000000,29.889,30.207,29.784,30.207,476520,0
KRBN.US,D,20210421,000000,30.446,30.844,30.366,30.844,364692,0
KRBN.US,D,20210422,000000,31.312,31.312,30.854,31.003,421504,0
KRBN.US,D,20210423,000000,31.053,31.411,31.043,31.411,492254,0
KRBN.US,D,20210426,000000,31.749,31.769,31.421,31.71,576732,0
KRBN.US,D,20210427,000000,31.769,31.929,31.441,31.62,324407,0
KRBN.US,D,20210428,000000,31.819,31.988,31.55,31.968,383948,0
KRBN.US,D,20210429,000000,32.058,32.058,31.69,31.919,351803,0
KRBN.US,D,20210430,000000,31.948,32.504,31.889,32.227,271506,0
KRBN.US,D,20210503,000000,32.486,32.645,32.297,32.645,866056,0
KRBN.US,D,20210504,000000,32.356,32.356,31.939,32.237,299299,0
KRBN.US,D,20210505,000000,32.446,32.536,32.366,32.466,104754,0
KRBN.US,D,20210506,000000,33.103,33.103,32.675,32.735,300158,0
KRBN.US,D,20210507,000000,33.222,33.759,32.943,33.759,651300,0
KRBN.US,D,20210510,000000,34.714,34.714,33.978,34.197,733562,0
KRBN.US,D,20210511,000000,34.764,34.804,34.177,34.714,922602,0
KRBN.US,D,20210512,000000,35.252,35.626,35.078,35.461,1260456,0
KRBN.US,D,20210513,000000,34.814,35.302,34.486,35.222,549747,0
KRBN.US,D,20210514,000000,36.117,36.754,35.819,36.754,625025,0
KRBN.US,D,20210517,000000,36.804,36.804,36.048,36.217,723837,0
KRBN.US,D,20210518,000000,35.361,35.62,34.496,34.864,783488,0
KRBN.US,D,20210519,000000,33.282,33.64,32.635,32.834,846200,0
KRBN.US,D,20210520,000000,34.326,34.824,34.246,34.655,725286,0
KRBN.US,D,20210521,000000,34.993,35.003,33.819,33.978,477512,0
KRBN.US,D,20210524,000000,34.774,34.824,34.525,34.525,245187,0
KRBN.US,D,20210525,000000,34.943,35.212,34.705,35.013,184800,0
KRBN.US,D,20210526,000000,35.441,35.51,34.605,34.774,291243,0
KRBN.US,D,20210527,000000,34.625,34.645,33.779,34.018,387237,0
KRBN.US,D,20210528,000000,34.346,34.476,33.192,34.227,279829,0
KRBN.US,D,20210601,000000,34.814,34.824,34.127,34.247,377893,0
KRBN.US,D,20210602,000000,33.978,34.29,33.829,34.118,253256,0
KRBN.US,D,20210603,000000,33.729,33.739,33.331,33.431,416829,0
KRBN.US,D,20210604,000000,33.988,34.028,33.33,33.481,294003,0
KRBN.US,D,20210607,000000,34.307,34.661,34.167,34.585,384285,0
KRBN.US,D,20210608,000000,34.714,34.813,34.585,34.705,256530,0
KRBN.US,D,20210609,000000,35.431,35.719,35.123,35.282,270628,0
KRBN.US,D,20210610,000000,35.411,35.639,34.884,35.043,328951,0
KRBN.US,D,20210611,000000,34.854,34.874,34.436,34.724,157208,0
KRBN.US,D,20210614,000000,35.481,35.491,34.834,34.894,308677,0
KRBN.US,D,20210615,000000,34.466,34.595,34.401,34.476,190522,0
KRBN.US,D,20210616,000000,34.655,34.874,33.928,33.958,176630,0
KRBN.US,D,20210617,000000,33.68,34.118,33.333,33.431,458789,0
KRBN.US,D,20210618,000000,34.167,34.267,33.889,34.147,325821,0
KRBN.US,D,20210621,000000,34.675,34.804,34.381,34.535,294271,0
KRBN.US,D,20210622,000000,35.013,35.282,34.899,35.272,288751,0
KRBN.US,D,20210623,000000,35.819,36.316,35.7,35.859,527929,0
KRBN.US,D,20210624,000000,35.968,36.197,35.894,36.038,586345,0
KRBN.US,D,20210625,000000,36.277,36.277,35.839,36.038,216480,0
KRBN.US,D,20210628,000000,36.366,36.366,36.117,36.187,307642,0
KRBN.US,D,20210629,000000,36.396,36.426,36.141,36.207,252396,0
KRBN.US,D,20210630,000000,36.336,36.804,36.336,36.804,248385,0
KRBN.US,D,20210701,000000,37.431,37.498,37.162,37.471,493262,0
KRBN.US,D,20210702,000000,37.471,37.471,37.122,37.451,456777,0
KRBN.US,D,20210706,000000,37.023,37.023,34.834,34.943,979121,0
KRBN.US,D,20210707,000000,35.302,35.61,35.073,35.471,437642,0
KRBN.US,D,20210708,000000,35.441,35.65,34.923,35.311,357150,0
KRBN.US,D,20210709,000000,35.819,36.227,35.819,35.948,204072,0
KRBN.US,D,20210712,000000,34.983,34.983,34.545,34.695,833596,0
KRBN.US,D,20210713,000000,35.302,35.411,35.013,35.212,264601,0
KRBN.US,D,20210714,000000,35.222,35.67,34.965,35.222,287483,0
KRBN.US,D,20210715,000000,35.451,35.66,35.058,35.341,191140,0
KRBN.US,D,20210716,000000,35.401,35.441,35.073,35.441,113968,0
KRBN.US,D,20210719,000000,35.222,35.302,34.65,34.754,355208,0
KRBN.US,D,20210720,000000,34.147,34.346,33.839,34.326,293337,0
KRBN.US,D,20210721,000000,34.525,34.714,34.326,34.635,150188,0
KRBN.US,D,20210722,000000,34.008,34.008,33.55,33.69,310460,0
KRBN.US,D,20210723,000000,33.988,34.177,33.784,34.147,214949,0
KRBN.US,D,20210726,000000,34.824,35.321,34.774,35.272,361582,0
KRBN.US,D,20210727,000000,35.292,35.3,34.963,35.103,148460,0
KRBN.US,D,20210728,000000,35.182,35.57,35.152,35.57,167357,0
KRBN.US,D,20210729,000000,35.501,35.837,35.321,35.799,218822,0
KRBN.US,D,20210730,000000,35.371,35.52,35.225,35.302,226322,0
KRBN.US,D,20210802,000000,36.267,36.272,35.819,35.958,161372,0
KRBN.US,D,20210803,000000,36.376,36.386,35.839,36.078,226568,0
KRBN.US,D,20210804,000000,36.356,36.605,36.207,36.555,169790,0
KRBN.US,D,20210805,000000,36.545,36.963,36.29,36.953,372092,0
KRBN.US,D,20210806,000000,37.023,37.063,36.744,37.063,221289,0
KRBN.US,D,20210809,000000,37.112,37.152,36.794,37.033,268158,0
KRBN.US,D,20210810,000000,37.122,37.331,37.043,37.192,218046,0
KRBN.US,D,20210811,000000,37.291,37.787,37.202,37.759,323376,0
KRBN.US,D,20210812,000000,37.699,37.699,36.665,36.804,296365,0
KRBN.US,D,20210813,000000,36.834,36.834,36.416,36.476,275517,0
KRBN.US,D,20210816,000000,37.769,38.087,37.61,38.038,773551,0
KRBN.US,D,20210817,000000,37.749,37.799,37.152,37.272,457420,0
KRBN.US,D,20210818,000000,37.481,37.51,36.416,37.092,581742,0
KRBN.US,D,20210819,000000,36.127,36.137,34.834,35.501,517398,0
KRBN.US,D,20210820,000000,35.471,35.709,35.222,35.59,224075,0
KRBN.US,D,20210823,000000,36.117,36.137,35.729,36.127,334679,0
KRBN.US,D,20210824,000000,36.495,36.874,36.495,36.864,477422,0
KRBN.US,D,20210825,000000,36.635,36.983,36.336,36.913,368622,0
KRBN.US,D,20210826,000000,37.451,37.61,37.381,37.421,284317,0
KRBN.US,D,20210827,000000,38.008,39.232,37.869,39.172,1032130,0
KRBN.US,D,20210830,000000,39.48,39.786,39.281,39.719,851412,0
KRBN.US,D,20210831,000000,39.749,39.888,39.49,39.64,476216,0
KRBN.US,D,20210901,000000,39.53,39.53,39.072,39.341,589280,0
KRBN.US,D,20210902,000000,39.779,40.094,39.65,39.958,718988,0
KRBN.US,D,20210903,000000,40.336,40.525,39.878,40.306,441944,0
KRBN.US,D,20210907,000000,40.654,40.804,40.266,40.495,773460,0
KRBN.US,D,20210908,000000,40.664,40.684,40.197,40.615,445796,0
KRBN.US,D,20210909,000000,40.436,40.704,40.306,40.396,417783,0
KRBN.US,D,20210910,000000,39.968,39.968,39.451,39.729,473235,0
KRBN.US,D,20210913,000000,40.097,40.276,39.411,39.749,637302,0
KRBN.US,D,20210914,000000,39.242,39.242,38.667,39.102,418259,0
KRBN.US,D,20210915,000000,39.729,40.028,39.361,39.461,309495,0
KRBN.US,D,20210916,000000,39.152,39.321,38.754,39.262,319243,0
KRBN.US,D,20210917,000000,39.59,39.601,39.132,39.391,515188,0
KRBN.US,D,20210920,000000,39.152,40.015,39.152,39.679,376201,0
KRBN.US,D,20210921,000000,39.361,39.53,39.271,39.53,241783,0
KRBN.US,D,20210922,000000,39.52,39.922,39.431,39.729,532932,0
KRBN.US,D,20210923,000000,39.918,40.038,39.63,39.739,326583,0
KRBN.US,D,20210924,000000,40.575,41.57,40.455,41.57,720008,0
KRBN.US,D,20210927,000000,41.868,42.4,41.769,42.207,801148,0
KRBN.US,D,20210928,000000,42.187,42.187,40.605,40.923,738296,0
KRBN.US,D,20210929,000000,40.754,41.202,40.416,41.003,556186,0
KRBN.US,D,20210930,000000,40.446,40.883,40.316,40.883,656851,0
KRBN.US,D,20211001,000000,41.789,41.932,41.052,41.908,620031,0
KRBN.US,D,20211004,000000,42.187,42.644,41.988,42.276,682895,0
KRBN.US,D,20211005,000000,42.873,43.152,42.545,42.754,661661,0
KRBN.US,D,20211006,000000,40.256,40.794,39.859,40.326,1220411,0
KRBN.US,D,20211007,000000,40.326,40.525,39.252,40.416,782168,0
KRBN.US,D,20211008,000000,39.759,39.838,38.873,38.903,658344,0
KRBN.US,D,20211011,000000,39.64,39.858,39.431,39.64,437618,0
KRBN.US,D,20211012,000000,39.62,39.938,39.62,39.888,379151,0
KRBN.US,D,20211013,000000,39.799,39.958,39.48,39.928,313901,0
KRBN.US,D,20211014,000000,40.376,41.351,40.341,41.281,624652,0
KRBN.US,D,20211015,000000,41.162,41.172,39.819,39.858,665824,0
KRBN.US,D,20211018,000000,40.018,40.097,39.222,39.311,520184,0
KRBN.US,D,20211019,000000,39.082,39.142,37.888,38.456,837841,0
KRBN.US,D,20211020,000000,38.933,39.898,38.864,39.799,450942,0
KRBN.US,D,20211021,000000,40.266,40.436,39.998,40.366,301921,0
KRBN.US,D,20211022,000000,41.092,41.291,40.398,41.212,590878,0
KRBN.US,D,20211025,000000,41.023,41.291,40.893,41.251,465694,0
KRBN.US,D,20211026,000000,41.361,41.58,41.251,41.381,376231,0
KRBN.US,D,20211027,000000,41.182,41.301,40.863,41.182,650079,0
KRBN.US,D,20211028,000000,40.555,40.844,40.217,40.844,713545,0
KRBN.US,D,20211029,000000,40.645,40.903,40.465,40.645,671298,0
KRBN.US,D,20211101,000000,41.013,41.102,40.117,40.227,696073,0
KRBN.US,D,20211102,000000,41.44,41.679,41.241,41.649,391017,0
KRBN.US,D,20211103,000000,41.739,42.057,41.659,41.719,325246,0
KRBN.US,D,20211104,000000,42.227,42.376,41.202,41.54,435342,0
KRBN.US,D,20211105,000000,41.46,41.46,41.043,41.46,423988,0
KRBN.US,D,20211108,000000,41.819,42.236,41.789,42.236,453510,0
KRBN.US,D,20211109,000000,42.286,42.485,41.988,42.296,314019,0
KRBN.US,D,20211110,000000,42.784,43.679,42.704,43.56,704241,0
KRBN.US,D,20211111,000000,43.54,44.167,43.48,44.067,534863,0
KRBN.US,D,20211112,000000,44.067,44.346,43.848,44.017,586035,0
KRBN.US,D,20211115,000000,44.674,45.669,44.376,45.58,689972,0
KRBN.US,D,20211116,000000,45.639,46.167,45.619,45.808,1007341,0
KRBN.US,D,20211117,000000,45.828,45.947,44.893,45.371,848534,0
KRBN.US,D,20211118,000000,45.371,46.838,45.342,46.555,831531,0
KRBN.US,D,20211119,000000,46.545,46.918,46.395,46.843,600552,0
KRBN.US,D,20211122,000000,47.062,47.142,46.415,46.584,793198,0
KRBN.US,D,20211123,000000,46.754,46.893,46.097,46.226,459604,0
KRBN.US,D,20211124,000000,47.172,47.759,45.868,46.067,678887,0
KRBN.US,D,20211126,000000,46.485,47.142,46.177,46.634,490562,0
KRBN.US,D,20211129,000000,47.589,47.828,47.361,47.41,495459,0
KRBN.US,D,20211130,000000,47.769,48.047,47.395,47.589,607648,0
KRBN.US,D,20211201,000000,49.062,49.142,48.165,48.216,659209,0
KRBN.US,D,20211202,000000,49.062,49.062,47.669,48.127,761505,0
KRBN.US,D,20211203,000000,47.45,48.117,47.311,47.669,683942,0
KRBN.US,D,20211206,000000,48.157,49.918,48.082,49.778,868454,0
KRBN.US,D,20211207,000000,50.554,51.788,50.355,51.589,1164778,0
KRBN.US,D,20211208,000000,53.49,54.514,53.231,54.465,1455482,0
KRBN.US,D,20211209,000000,52.226,52.286,49.789,50.077,1629872,0
KRBN.US,D,20211210,000000,50.455,51.33,50.146,51.321,842547,0
KRBN.US,D,20211213,000000,51.33,51.488,49.818,49.858,684800,0
KRBN.US,D,20211214,000000,49.231,49.251,48.405,49.042,1216262,0
KRBN.US,D,20211215,000000,48.933,49.928,48.933,49.878,800777,0
KRBN.US,D,20211216,000000,50.445,51.838,50.306,51.669,668336,0
KRBN.US,D,20211217,000000,48.157,48.206,46.127,46.734,1915767,0
KRBN.US,D,20211220,000000,47.898,49.649,47.759,49.37,1172806,0
KRBN.US,D,20211221,000000,49.629,49.739,48.604,48.903,781604,0
KRBN.US,D,20211222,000000,48.316,48.754,47.967,48.754,538741,0
KRBN.US,D,20211223,000000,47.619,47.898,47.361,47.57,649325,0
KRBN.US,D,20211227,000000,48.166,48.603,48.007,48.485,494744,0
KRBN.US,D,20211228,000000,49.251,49.549,49.052,49.45,753894,0
KRBN.US,D,20211229,000000,49.87,50.45,49.465,50.38,727439,0
KRBN.US,D,20211230,000000,50,50.32,49.8966,50.19,440435,0
KRBN.US,D,20211231,000000,50.84,50.93,50.51,50.9,475201,0
KRBN.US,D,20220103,000000,51.22,52.685,51.11,52.47,921890,0
KRBN.US,D,20220104,000000,53.22,53.49,52.31,53.1,874822,0
KRBN.US,D,20220105,000000,53.19,54.39,53,53.88,1230553,0
KRBN.US,D,20220106,000000,53.46,53.4799,52.7,52.93,747960,0
KRBN.US,D,20220107,000000,52.96,53.05,52.28,52.4,759344,0
KRBN.US,D,20220110,000000,51.33,51.33,49.25,50.32,1679958,0
KRBN.US,D,20220111,000000,50.65,50.79,49.85,50.42,476971,0
KRBN.US,D,20220112,000000,50.06,50.31,49.131,50.05,795547,0
KRBN.US,D,20220113,000000,49.85,50.85,49.7401,50.69,579726,0
KRBN.US,D,20220114,000000,51.18,51.19,50.7001,51.16,433585,0
KRBN.US,D,20220118,000000,50.64,50.88,50.4,50.81,507097,0
KRBN.US,D,20220119,000000,50.25,50.5,49.83,49.84,591875,0
KRBN.US,D,20220120,000000,50.88,51.83,50.68,51.41,753785,0
KRBN.US,D,20220121,000000,50.94,50.9532,50.03,50.75,1016249,0
KRBN.US,D,20220124,000000,50,50.1,48.62,49.56,1860071,0
KRBN.US,D,20220125,000000,50.91,51.25,49.99,51.19,706680,0
KRBN.US,D,20220126,000000,52.29,52.59,51.27,51.31,840921,0
KRBN.US,D,20220127,000000,51.4,52,51.31,51.47,535583,0
KRBN.US,D,20220128,000000,51.82,51.97,51.51,51.7,356902,0
KRBN.US,D,20220131,000000,51.59,52.16,51.41,52.12,561067,0
KRBN.US,D,20220201,000000,51.62,52.2,51.3466,52.19,597550,0
KRBN.US,D,20220202,000000,54,54.91,53.9,54.79,1404414,0
KRBN.US,D,20220203,000000,54.4,55.0252,54.16,54.95,904663,0
KRBN.US,D,20220204,000000,55.74,56.07,55.5,55.99,775940,0
KRBN.US,D,20220207,000000,55.85,55.99,55.16,55.4,1071010,0
KRBN.US,D,20220208,000000,55.72,55.99,55.02,55.35,769273,0
KRBN.US,D,20220209,000000,54.57,54.61,52.65,53.3,1089612,0
KRBN.US,D,20220210,000000,52.36,53.32,52.36,52.9,689723,0
KRBN.US,D,20220211,000000,53.18,53.6845,53.095,53.34,635098,0
KRBN.US,D,20220214,000000,52.4,52.6899,52.16,52.44,656238,0
KRBN.US,D,20220215,000000,52.73,52.94,51.78,51.94,659612,0
KRBN.US,D,20220216,000000,51.95,52.2199,51.55,51.8,555423,0
KRBN.US,D,20220217,000000,51,51.081,50.26,50.49,678783,0
KRBN.US,D,20220218,000000,51.5,52.0884,51.5,51.75,412207,0
KRBN.US,D,20220222,000000,51.4,52.06,51.18,51.8,510522,0
KRBN.US,D,20220223,000000,53.96,54.17,53.42,53.7,861993,0
KRBN.US,D,20220224,000000,49.86,51.25,49.1,51.15,1455258,0
KRBN.US,D,20220225,000000,51.57,52,51.23,51.77,421225,0
KRBN.US,D,20220228,000000,49.7,49.99,48.71,49,1319438,0
KRBN.US,D,20220301,000000,45.23,45.3837,40.51,42.59,4303964,0
KRBN.US,D,20220302,000000,42.87,43.1288,41.12,42.08,2280034,0
KRBN.US,D,20220303,000000,41.66,41.66,40.37,40.5,2027805,0
KRBN.US,D,20220304,000000,40.71,40.92,39.2,39.91,1923583,0
KRBN.US,D,20220307,000000,36.92,37.12,35.35,35.6,2777780,0
KRBN.US,D,20220308,000000,38.6,40.88,38.53,39.94,1447512,0
KRBN.US,D,20220309,000000,42.25,43.35,41.49,43.11,1210191,0
KRBN.US,D,20220310,000000,44.24,44.77,43.72,44.06,869876,0
KRBN.US,D,20220311,000000,44.83,45.4,44.1,44.83,652775,0
KRBN.US,D,20220314,000000,46.41,46.5,45.11,45.13,1021555,0
KRBN.US,D,20220315,000000,44.78,45.67,44.57,45.6,549461,0
KRBN.US,D,20220316,000000,45.25,46.28,45.02,46.28,368917,0
KRBN.US,D,20220317,000000,46.43,46.95,46.43,46.9,369786,0
KRBN.US,D,20220318,000000,46.55,46.7,46.12,46.35,419997,0
KRBN.US,D,20220321,000000,45.87,46.2,45.3997,45.85,321745,0
KRBN.US,D,20220322,000000,46.5,46.78,46.135,46.57,260848,0
KRBN.US,D,20220323,000000,46.2,46.25,44.57,45.11,721500,0
KRBN.US,D,20220324,000000,45.25,46.04,44.9435,46,416792,0
KRBN.US,D,20220325,000000,45.52,46.14,45.33,46.13,216280,0
KRBN.US,D,20220328,000000,46.98,47.3427,46.98,47.22,228492,0
KRBN.US,D,20220329,000000,48.23,48.74,48.055,48.68,336792,0
KRBN.US,D,20220330,000000,47.33,48.0597,47.24,47.57,311754,0
KRBN.US,D,20220331,000000,47.24,47.24,46,46.66,290869,0
KRBN.US,D,20220401,000000,47.1,47.45,47.03,47.27,189064,0
KRBN.US,D,20220404,000000,47.2,47.71,46.88,47.62,133311,0
KRBN.US,D,20220405,000000,47.28,47.365,47.085,47.14,166032,0
KRBN.US,D,20220406,000000,46.89,46.9,46.49,46.73,339110,0
KRBN.US,D,20220407,000000,47.59,48.1,47.59,47.85,227464,0
KRBN.US,D,20220408,000000,48,48.18,47.95,48.16,159197,0
KRBN.US,D,20220411,000000,47.38,47.38,46.91,47.11,248075,0
KRBN.US,D,20220412,000000,47.4,47.6748,47.25,47.39,146819,0
KRBN.US,D,20220413,000000,46.91,47.32,46.8,47.23,100260,0
KRBN.US,D,20220414,000000,48,48.09,47.57,47.72,129947,0
KRBN.US,D,20220418,000000,47.2,47.84,47.102,47.21,158907,0
KRBN.US,D,20220419,000000,47.55,47.89,47.41,47.42,167554,0
KRBN.US,D,20220420,000000,50,50.74,49.91,50.08,522894,0
KRBN.US,D,20220421,000000,50.49,50.65,50.06,50.13,289179,0
KRBN.US,D,20220422,000000,51.05,51.19,50.61,50.63,328814,0
KRBN.US,D,20220425,000000,48.11,48.36,47.9258,48.06,540784,0
KRBN.US,D,20220426,000000,48.41,48.66,47.2,47.22,274209,0
KRBN.US,D,20220427,000000,46.8,46.92,46.3,46.55,199756,0
KRBN.US,D,20220428,000000,46.5,47.3427,46.382,47.15,169855,0
KRBN.US,D,20220429,000000,47.92,48.29,47.32,47.4,147280,0
KRBN.US,D,20220502,000000,47.16,47.22,46.7708,46.83,216555,0
KRBN.US,D,20220503,000000,49.05,49.27,48.9122,49.11,277764,0
KRBN.US,D,20220504,000000,48.5,49.4599,48.31,49.39,186027,0
KRBN.US,D,20220505,000000,50.25,50.25,49.07,49.24,267356,0
KRBN.US,D,20220506,000000,50.22,50.74,49.86,50.3,689981,0
KRBN.US,D,20220509,000000,48.83,49.16,48.16,48.2,858381,0
KRBN.US,D,20220510,000000,48.95,49.28,48.4315,48.93,315564,0
KRBN.US,D,20220511,000000,48.64,49.93,48.6201,48.88,246673,0
KRBN.US,D,20220512,000000,47.99,48.63,47.88,47.98,496971,0
KRBN.US,D,20220513,000000,47.98,48.58,47.86,48.36,227980,0
KRBN.US,D,20220516,000000,48.8,49.39,48.58,49.3,175670,0
KRBN.US,D,20220517,000000,50.2,50.71,49.34,49.75,431924,0
KRBN.US,D,20220518,000000,47.2,47.95,47.07,47.5,663396,0
KRBN.US,D,20220519,000000,46.86,47.7205,46.74,47.27,415285,0
KRBN.US,D,20220520,000000,47.01,47.12,46.02,46.33,478068,0
KRBN.US,D,20220523,000000,46,46.3,45.8211,46.27,233343,0
KRBN.US,D,20220524,000000,47.27,47.82,47.15,47.36,226617,0
KRBN.US,D,20220525,000000,47.35,47.76,47.2501,47.58,92678,0
KRBN.US,D,20220526,000000,48.4,49.4,48.4,49.16,193113,0
KRBN.US,D,20220527,000000,49.01,49.13,48.7921,48.97,142792,0
KRBN.US,D,20220531,000000,48.97,49.36,48.92,49.17,233840,0
KRBN.US,D,20220601,000000,49.15,50.35,49.15,49.84,469224,0
KRBN.US,D,20220602,000000,50.1,50.39,49.8501,50.22,177897,0
KRBN.US,D,20220603,000000,50.33,50.5,50.13,50.24,71588,0
KRBN.US,D,20220606,000000,49,49,48.2454,48.43,263448,0
KRBN.US,D,20220607,000000,48.18,48.32,47.84,47.91,121598,0
KRBN.US,D,20220608,000000,47.91,48.18,47.61,48,254470,0
KRBN.US,D,20220609,000000,48.71,48.93,47.62,47.65,188036,0
KRBN.US,D,20220610,000000,47.7,48.05,47.61,47.94,178828,0
KRBN.US,D,20220613,000000,46.98,47.35,46.631,46.67,297526,0
KRBN.US,D,20220614,000000,47.56,47.66,47.03,47.07,222114,0
KRBN.US,D,20220615,000000,47.32,48.315,47.32,48.15,153209,0
KRBN.US,D,20220616,000000,47.16,47.45,46.74,47.2,281408,0
KRBN.US,D,20220617,000000,47.31,47.31,46.36,46.58,209973,0
KRBN.US,D,20220621,000000,47.61,48.07,47.46,47.68,314390,0
KRBN.US,D,20220622,000000,46.93,46.93,46.2001,46.36,416853,0
KRBN.US,D,20220623,000000,46.64,47.15,46.53,46.73,250837,0
KRBN.US,D,20220624,000000,46.6,46.921,46.6,46.81,182448,0
KRBN.US,D,20220627,000000,47.21,47.68,46.94,46.97,236867,0
KRBN.US,D,20220628,000000,47.25,48.47,47.22,48.13,236440,0
KRBN.US,D,20220629,000000,48.49,48.49,48.02,48.27,182467,0
KRBN.US,D,20220630,000000,48.48,49.25,48.48,49.23,273041,0
KRBN.US,D,20220701,000000,48.08,48.54,47.64,48.37,289645,0
KRBN.US,D,20220705,000000,47.09,47.09,46.26,46.43,387500,0
KRBN.US,D,20220706,000000,46.46,46.9214,46.37,46.53,150813,0
KRBN.US,D,20220707,000000,46.81,47.22,46.7,46.88,257341,0
KRBN.US,D,20220708,000000,46.76,46.76,46.1,46.41,167893,0
KRBN.US,D,20220711,000000,46.4,46.71,46.21,46.24,92862,0
KRBN.US,D,20220712,000000,46.45,46.8,46.36,46.48,192972,0
KRBN.US,D,20220713,000000,46.01,46.1,45.62,45.64,173546,0
KRBN.US,D,20220714,000000,45.54,45.67,45.03,45.39,198737,0
KRBN.US,D,20220715,000000,45.77,46.23,45.6701,45.78,227464,0
KRBN.US,D,20220718,000000,45.88,46.08,45.5,45.54,312347,0
KRBN.US,D,20220719,000000,45.77,46,45.6426,45.9,172168,0
KRBN.US,D,20220720,000000,44.73,44.73,43.6,43.69,479494,0
KRBN.US,D,20220721,000000,43.36,43.87,43.21,43.79,228852,0
KRBN.US,D,20220722,000000,43.8,43.83,42.5565,42.71,435396,0
KRBN.US,D,20220725,000000,43.2,43.32,42.6,42.94,197372,0
KRBN.US,D,20220726,000000,42.74,42.86,42.405,42.51,170020,0
KRBN.US,D,20220727,000000,42.74,43.13,42.45,43.09,143091,0
KRBN.US,D,20220728,000000,43.75,44.2,43.53,43.83,138032,0
KRBN.US,D,20220729,000000,43.43,44.135,43.27,44.04,409358,0
KRBN.US,D,20220801,000000,44.45,45.29,44.42,45.01,210929,0
KRBN.US,D,20220802,000000,45.31,45.86,45.29,45.51,129099,0
KRBN.US,D,20220803,000000,46.04,46.68,46.0201,46.52,158343,0
KRBN.US,D,20220804,000000,46.69,46.95,46.52,46.82,135500,0
KRBN.US,D,20220805,000000,46.46,47,46.46,46.96,111586,0
KRBN.US,D,20220808,000000,46.99,46.99,46.61,46.91,115745,0
KRBN.US,D,20220809,000000,47.79,48.02,47.5,47.86,360193,0
KRBN.US,D,20220810,000000,48.12,48.77,48.12,48.77,285221,0
KRBN.US,D,20220811,000000,49.19,49.5799,49.13,49.3,309258,0
KRBN.US,D,20220812,000000,49.62,49.68,49.21,49.64,366156,0
KRBN.US,D,20220815,000000,49.48,49.88,49.48,49.6,146085,0
KRBN.US,D,20220816,000000,50.15,50.45,50.11,50.11,180000,0
KRBN.US,D,20220817,000000,50.87,51.74,50.82,51.6,295376,0
KRBN.US,D,20220818,000000,51.54,51.7,51.33,51.56,245683,0
KRBN.US,D,20220819,000000,51.51,51.88,51.44,51.65,147175,0
KRBN.US,D,20220822,000000,49.69,49.7599,48.82,49.26,309500,0
KRBN.US,D,20220823,000000,48.35,48.67,48.06,48.45,259621,0
KRBN.US,D,20220824,000000,48.07,48.56,47.03,47.45,516683,0
KRBN.US,D,20220825,000000,46.68,47.28,46.12,46.86,282454,0
KRBN.US,D,20220826,000000,47.24,47.67,47.14,47.3,285931,0
KRBN.US,D,20220829,000000,46.26,46.75,45.75,45.83,454482,0
KRBN.US,D,20220830,000000,44.71,44.71,43.81,43.89,359979,0
KRBN.US,D,20220831,000000,43.66,44.2599,43.61,43.77,459953,0
KRBN.US,D,20220901,000000,42.93,43.6226,42.52,43.51,283412,0
KRBN.US,D,20220902,000000,42.88,43.2399,42.625,42.83,261401,0
KRBN.US,D,20220906,000000,39.8,39.94,39.1,39.74,569685,0
KRBN.US,D,20220907,000000,39.73,39.8,39.0164,39.69,381611,0
KRBN.US,D,20220908,000000,38.99,39.12,38.445,38.6,284200,0
KRBN.US,D,20220909,000000,38.6,38.84,38.4,38.58,234296,0
KRBN.US,D,20220912,000000,39.68,41.265,39.55,41.1,401466,0
KRBN.US,D,20220913,000000,40.06,40.13,39.51,39.64,211278,0
KRBN.US,D,20220914,000000,40.63,40.79,40.3443,40.64,151504,0
KRBN.US,D,20220915,000000,40.22,40.92,40.2135,40.78,152891,0
KRBN.US,D,20220916,000000,40.98,41.39,40.75,41.04,155666,0
KRBN.US,D,20220919,000000,40.07,40.25,39.75,39.85,1558924,0
KRBN.US,D,20220920,000000,39.9,39.97,39.64,39.74,159268,0
KRBN.US,D,20220921,000000,39.33,39.33,38.62,38.64,206508,0
KRBN.US,D,20220922,000000,39,39.36,38.7,38.84,120381,0
KRBN.US,D,20220923,000000,37.28,37.42,36.48,36.5,462538,0
KRBN.US,D,20220926,000000,36.3,38.08,36.18,37.34,273159,0
KRBN.US,D,20220927,000000,36.99,37.155,36.67,36.84,229370,0
KRBN.US,D,20220928,000000,36,36.4988,35.7,36.47,146861,0
KRBN.US,D,20220929,000000,36.4,36.8813,36.2041,36.86,163006,0
KRBN.US,D,20220930,000000,37.09,37.68,37.07,37.2,103363,0
KRBN.US,D,20221003,000000,36.18,37.66,36.18,37.66,129659,0
KRBN.US,D,20221004,000000,37.89,38.4,37.89,38.19,47600,0
KRBN.US,D,20221005,000000,38.36,38.49,37.74,37.85,154733,0
KRBN.US,D,20221006,000000,38.24,38.7799,38.1,38.56,149507,0
KRBN.US,D,20221007,000000,38.69,39.07,38.38,38.44,164785,0
KRBN.US,D,20221010,000000,37.58,37.7973,37.36,37.7,159802,0
KRBN.US,D,20221011,000000,37.45,37.9699,37.36,37.61,153604,0
KRBN.US,D,20221012,000000,37.51,37.88,37.51,37.69,56827,0
KRBN.US,D,20221013,000000,37.64,39,37.6,38.85,155232,0
KRBN.US,D,20221014,000000,38.38,38.5499,38.07,38.13,106100,0
KRBN.US,D,20221017,000000,38.28,38.41,38.16,38.18,145171,0
KRBN.US,D,20221018,000000,38.48,38.65,38.25,38.35,460694,0
KRBN.US,D,20221019,000000,37.76,38.0509,37.59,37.64,86383,0
KRBN.US,D,20221020,000000,37.59,37.8726,37.39,37.48,57970,0
KRBN.US,D,20221021,000000,37.76,38.745,37.76,38.71,88490,0
KRBN.US,D,20221024,000000,38.5,40.065,38.5,39.95,71438,0
KRBN.US,D,20221025,000000,41.74,42.24,41.39,41.8,131246,0
KRBN.US,D,20221026,000000,42.1,42.24,41.49,41.82,127397,0
KRBN.US,D,20221027,000000,42.73,43.59,42.71,43.39,123594,0
KRBN.US,D,20221028,000000,43.8,44.075,43.5673,43.92,83360,0
KRBN.US,D,20221031,000000,43.1,43.435,42.836,43.39,140165,0
KRBN.US,D,20221101,000000,42.46,42.47,41.82,42.2,67245,0
KRBN.US,D,20221102,000000,42.07,42.29,41.6,41.61,62380,0
KRBN.US,D,20221103,000000,41.11,41.27,40.93,41.13,123840,0
KRBN.US,D,20221104,000000,42.13,42.17,41.45,41.85,168631,0
KRBN.US,D,20221107,000000,42.04,42.4999,41.9,42.36,97359,0
KRBN.US,D,20221108,000000,41.76,42.1899,41.46,41.89,267825,0
KRBN.US,D,20221109,000000,40.81,41.05,40.42,40.52,245540,0
KRBN.US,D,20221110,000000,41.15,41.335,40.92,41.22,139341,0
KRBN.US,D,20221111,000000,42.13,42.79,42.13,42.57,338468,0
KRBN.US,D,20221114,000000,42.15,42.28,41.9873,42.14,196736,0
KRBN.US,D,20221115,000000,42.21,43.0999,42.09,42.79,266006,0
KRBN.US,D,20221116,000000,41.9,41.9,41.55,41.78,157851,0
KRBN.US,D,20221117,000000,41.4,41.575,41.1014,41.25,87943,0
KRBN.US,D,20221118,000000,41.39,41.48,40.895,41.01,88057,0
KRBN.US,D,20221121,000000,41.55,41.845,41.29,41.41,165606,0
KRBN.US,D,20221122,000000,41.2,41.53,41.2,41.4,110817,0
KRBN.US,D,20221123,000000,42.36,42.72,42.11,42.2,70819,0
KRBN.US,D,20221125,000000,42.82,43.53,42.82,43.27,95637,0
KRBN.US,D,20221128,000000,42.74,42.9878,42.33,42.38,117831,0
KRBN.US,D,20221129,000000,43.28,43.65,43.26,43.44,107954,0
KRBN.US,D,20221130,000000,44.5001,45.28,43.87,45.28,148964,0
KRBN.US,D,20221201,000000,44.34,45.89,43.9499,45.86,151757,0
KRBN.US,D,20221202,000000,46.25,47,46.25,46.96,127576,0
KRBN.US,D,20221205,000000,46.9,47.0956,46.5,46.52,212748,0
KRBN.US,D,20221206,000000,47.23,47.46,46.7447,46.79,217760,0
KRBN.US,D,20221207,000000,46.65,47.0999,46.65,46.88,126754,0
KRBN.US,D,20221208,000000,47.17,47.33,47.09,47.15,224818,0
KRBN.US,D,20221209,000000,46.89,47.15,46.75,46.87,100196,0
KRBN.US,D,20221212,000000,47.6,48.1,47.6,47.74,246452,0
KRBN.US,D,20221213,000000,47.5,47.87,47.28,47.76,152892,0
KRBN.US,D,20221214,000000,46.75,47.085,46.5515,46.89,187977,0
KRBN.US,D,20221215,000000,47,47.08,46.32,46.49,366306,0
KRBN.US,D,20221216,000000,46.8,46.98,45.85,45.93,199638,0
KRBN.US,D,20221219,000000,46.23,46.54,45.65,45.92,188908,0
KRBN.US,D,20221220,000000,46.53,47.16,46.53,46.8,115711,0
KRBN.US,D,20221221,000000,46.31,46.5,46.175,46.36,66528,0
KRBN.US,D,20221222,000000,46.89,46.89,46.39,46.88,52394,0
KRBN.US,D,20221223,000000,46.66,47.03,46.49,46.99,102236,0
KRBN.US,D,20221227,000000,46.77,46.955,46.58,46.74,88228,0
KRBN.US,D,20221228,000000,38.23,38.34,37.34,37.52,290431,0
KRBN.US,D,20221229,000000,37.36,37.38,36.82,37.25,204653,0
KRBN.US,D,20221230,000000,36.8,36.86,36.0157,36.47,505751,0
KRBN.US,D,20230103,000000,36.76,36.93,36.3241,36.41,387389,0
KRBN.US,D,20230104,000000,35.7,35.7,34.64,34.66,358973,0
KRBN.US,D,20230105,000000,34.77,35.08,34.71,34.95,180978,0
KRBN.US,D,20230106,000000,34.98,34.98,34.64,34.92,156399,0
KRBN.US,D,20230109,000000,35.72,36.23,35.7,36,242041,0
KRBN.US,D,20230110,000000,35.98,35.99,35.61,35.97,109548,0
KRBN.US,D,20230111,000000,35.68,35.68,35.2,35.5,182348,0
KRBN.US,D,20230112,000000,35.73,36.1539,35.65,36.09,144154,0
KRBN.US,D,20230113,000000,35.67,36.0599,35.44,35.95,99155,0
KRBN.US,D,20230117,000000,35.8,36.2019,35.71,35.92,98353,0
KRBN.US,D,20230118,000000,36.79,37.31,36.79,37.08,280283,0
KRBN.US,D,20230119,000000,37.3,37.365,36.97,37.26,163652,0
KRBN.US,D,20230120,000000,37.44,37.54,37.33,37.46,91977,0
KRBN.US,D,20230123,000000,37.47,37.5829,37.11,37.28,237034,0
KRBN.US,D,20230124,000000,36.8,36.81,36.3834,36.62,128538,0
KRBN.US,D,20230125,000000,36.58,37.36,36.58,37.3,104278,0
KRBN.US,D,20230126,000000,38.48,38.79,38.2163,38.78,268033,0
KRBN.US,D,20230127,000000,38.73,38.949,38.44,38.52,113408,0
KRBN.US,D,20230130,000000,38.65,38.77,38.51,38.51,169383,0
KRBN.US,D,20230131,000000,39.35,39.65,39.1,39.55,115946,0
KRBN.US,D,20230201,000000,40.1,40.99,39.9,40.73,546779,0
KRBN.US,D,20230202,000000,39.99,40.11,39.35,39.84,296881,0
KRBN.US,D,20230203,000000,40.05,40.16,39.7274,39.87,128181,0
KRBN.US,D,20230206,000000,39.31,39.31,38.71,38.84,109585,0
KRBN.US,D,20230207,000000,38.57,38.76,38.3,38.6,57221,0
KRBN.US,D,20230208,000000,38.661,38.69,38.31,38.42,80852,0
KRBN.US,D,20230209,000000,38.85,38.98,38.75,38.75,75803,0
KRBN.US,D,20230210,000000,39.05,39.225,38.9,39.07,85178,0
KRBN.US,D,20230213,000000,39,39.0259,38.73,38.94,70735,0
KRBN.US,D,20230214,000000,38.82,39.0383,38.54,38.65,76252,0
KRBN.US,D,20230215,000000,39.03,39.53,38.96,39.38,90985,0
KRBN.US,D,20230216,000000,39.85,40.44,39.7,40.22,242571,0
KRBN.US,D,20230217,000000,39.9,39.98,39.72,39.93,117556,0
KRBN.US,D,20230221,000000,40.86,41.23,40.86,40.93,284460,0
KRBN.US,D,20230222,000000,40.39,40.39,39.55,39.64,147071,0
KRBN.US,D,20230223,000000,40.11,40.15,39.7001,39.9,69800,0
KRBN.US,D,20230224,000000,40.35,40.35,39.87,39.95,73630,0
KRBN.US,D,20230227,000000,40.36,40.99,40.36,40.92,116894,0
KRBN.US,D,20230228,000000,41,41.02,40.54,40.55,99726,0
KRBN.US,D,20230301,000000,40.1,40.3575,40.075,40.27,151095,0
KRBN.US,D,20230302,000000,39.66,39.86,39.25,39.39,306430,0
KRBN.US,D,20230303,000000,39.31,39.4235,39.07,39.35,96006,0
KRBN.US,D,20230306,000000,39.37,39.6411,39.3,39.35,63496,0
KRBN.US,D,20230307,000000,40,40.1499,39.7501,39.8,57528,0
KRBN.US,D,20230308,000000,40.09,40.5,40.09,40.5,160689,0
KRBN.US,D,20230309,000000,40.27,41,40.27,40.99,82921,0
KRBN.US,D,20230310,000000,41,41.67,40.99,41.56,141053,0
KRBN.US,D,20230313,000000,40.1,40.771,40.01,40.2,263144,0
KRBN.US,D,20230314,000000,39.83,39.93,39.5,39.55,117380,0
KRBN.US,D,20230315,000000,38.01,38.2283,37.78,38.05,505789,0
KRBN.US,D,20230316,000000,37.32,37.77,37.05,37.6,156203,0
KRBN.US,D,20230317,000000,37.48,37.8621,37.03,37.7,133765,0
KRBN.US,D,20230320,000000,37.36,38.1598,37.29,37.76,126380,0
KRBN.US,D,20230321,000000,38.62,38.97,38.485,38.81,84213,0
KRBN.US,D,20230322,000000,38.39,38.93,38.3,38.6,66352,0
KRBN.US,D,20230323,000000,39.55,39.85,39.55,39.72,54102,0
KRBN.US,D,20230324,000000,37.91,38.1399,37.7,38,140083,0
KRBN.US,D,20230327,000000,37.84,38.22,37.84,38.22,124020,0
KRBN.US,D,20230328,000000,38.54,38.73,38.41,38.69,55005,0
KRBN.US,D,20230329,000000,38.78,38.95,38.75,38.91,71334,0
KRBN.US,D,20230330,000000,39.2,39.6,39.2,39.37,51777,0
KRBN.US,D,20230331,000000,39.68,39.77,39.4515,39.65,82098,0
KRBN.US,D,20230403,000000,40.3,40.98,40.3,40.95,259124,0
KRBN.US,D,20230404,000000,40.99,40.99,40.5,40.56,86652,0
KRBN.US,D,20230405,000000,40.95,40.99,40.74,40.98,46553,0
KRBN.US,D,20230406,000000,40.81,40.95,40.7088,40.84,39069,0
KRBN.US,D,20230410,000000,40.72,40.91,40.55,40.74,56436,0
KRBN.US,D,20230411,000000,41.12,41.275,41.005,41.03,166237,0
KRBN.US,D,20230412,000000,40.71,41.115,40.71,41.04,39251,0
KRBN.US,D,20230413,000000,40.91,40.91,40.65,40.81,41287,0
KRBN.US,D,20230414,000000,40.57,40.7789,40.55,40.63,52563,0
KRBN.US,D,20230417,000000,40.23,40.46,40.08,40.23,94180,0
KRBN.US,D,20230418,000000,40.59,41.1,40.59,41.05,63395,0
KRBN.US,D,20230419,000000,41.04,41.26,40.59,40.81,83923,0
KRBN.US,D,20230420,000000,40.03,40.19,39.85,39.94,112226,0
KRBN.US,D,20230421,000000,39.68,39.75,39.23,39.59,94235,0
KRBN.US,D,20230424,000000,38.9,39.335,38.75,39.25,99881,0
KRBN.US,D,20230425,000000,38.88,39.2,38.41,38.43,115174,0
KRBN.US,D,20230426,000000,38.5,38.6105,38.2002,38.4,71124,0
KRBN.US,D,20230427,000000,38.5,38.8697,38.2931,38.78,75359,0
KRBN.US,D,20230428,000000,39,39.1,38.8201,38.95,57689,0
KRBN.US,D,20230501,000000,38.1,38.5507,38.1,38.36,142850,0
KRBN.US,D,20230502,000000,39.4,39.4,38.93,39.05,128508,0
KRBN.US,D,20230503,000000,38.06,38.3,37.87,38.2,226266,0
KRBN.US,D,20230504,000000,38,38.18,37.7,37.78,94207,0
KRBN.US,D,20230505,000000,38.1,38.1,37.85,38.02,55546,0
KRBN.US,D,20230508,000000,37.9,38.1281,37.9,38.03,41295,0
KRBN.US,D,20230509,000000,37.95,38.57,37.91,38.44,35211,0
KRBN.US,D,20230510,000000,39,39.18,38.87,39.08,50876,0
KRBN.US,D,20230511,000000,38.6,38.75,38.4,38.7,29380,0
KRBN.US,D,20230512,000000,38.55,38.72,38.45,38.67,31573,0
KRBN.US,D,20230515,000000,38.13,38.18,37.9801,38.17,41540,0
KRBN.US,D,20230516,000000,38.53,38.6399,38.29,38.47,56759,0
KRBN.US,D,20230517,000000,38.19,38.4499,38.18,38.39,41717,0
KRBN.US,D,20230518,000000,38.52,38.795,38.51,38.74,57126,0
KRBN.US,D,20230519,000000,39.02,39.11,38.72,38.74,97618,0
KRBN.US,D,20230522,000000,38.2,38.3,38.08,38.16,71802,0
KRBN.US,D,20230523,000000,37.7,37.74,37.47,37.47,107170,0
KRBN.US,D,20230524,000000,37.5,37.6,37.12,37.22,108927,0
KRBN.US,D,20230525,000000,36.65,36.8293,36.61,36.73,81121,0
KRBN.US,D,20230526,000000,36.69,36.85,36.555,36.67,267033,0
KRBN.US,D,20230530,000000,36.43,36.465,36.04,36.11,142593,0
KRBN.US,D,20230531,000000,36.07,36.375,36,36.1,90996,0
KRBN.US,D,20230601,000000,36,36.2,35.6,35.88,117039,0
KRBN.US,D,20230602,000000,36.18,36.18,35.5475,35.61,60884,0
KRBN.US,D,20230605,000000,36.52,36.87,36.47,36.7,163716,0
KRBN.US,D,20230606,000000,36.16,36.43,35.87,36.22,123765,0
KRBN.US,D,20230607,000000,36.62,37.1995,36.62,36.95,123830,0
KRBN.US,D,20230608,000000,37,37.35,37,37.19,38587,0
KRBN.US,D,20230609,000000,37.7,38.27,37.7,37.9,312828,0
KRBN.US,D,20230612,000000,38.25,38.75,38.25,38.75,60487,0
KRBN.US,D,20230613,000000,38.81,39.695,38.77,39.49,242731,0
KRBN.US,D,20230614,000000,40.16,40.575,40.16,40.51,141985,0
KRBN.US,D,20230615,000000,40.54,41.04,40.51,40.98,95255,0
KRBN.US,D,20230616,000000,40.54,40.7899,40.38,40.5,158809,0
KRBN.US,D,20230620,000000,41.18,41.5,40.95,41.13,259371,0
KRBN.US,D,20230621,000000,40.24,40.4999,40.01,40.45,114903,0
KRBN.US,D,20230622,000000,40,40.34,39.89,40.34,45559,0
KRBN.US,D,20230623,000000,39.36,39.54,39,39.04,74539,0
KRBN.US,D,20230626,000000,38.53,38.8699,38.5,38.6,199312,0
KRBN.US,D,20230627,000000,39.14,39.55,39.1,39.46,160356,0
KRBN.US,D,20230628,000000,37.46,37.66,37.21,37.63,106138,0
KRBN.US,D,20230629,000000,37.48,37.48,37.27,37.36,133041,0
KRBN.US,D,20230630,000000,37.72,38.1,37.72,37.92,99192,0
KRBN.US,D,20230703,000000,37.69,37.76,37.4703,37.62,100274,0
KRBN.US,D,20230705,000000,37.07,37.125,36.87,36.87,76529,0
KRBN.US,D,20230706,000000,36.93,36.9885,36.74,36.88,48948,0
KRBN.US,D,20230707,000000,36.93,37.2201,36.93,37.04,49363,0
KRBN.US,D,20230710,000000,37.02,37.39,37,37.36,43333,0
KRBN.US,D,20230711,000000,37.48,37.6,37.3801,37.58,79764,0
KRBN.US,D,20230712,000000,37.7,37.76,37.47,37.53,40006,0
KRBN.US,D,20230713,000000,37.84,38.23,37.755,38.14,92916,0
KRBN.US,D,20230714,000000,38.5,38.55,38.15,38.3,113040,0
KRBN.US,D,20230717,000000,38.18,38.64,38.1201,38.49,47385,0
KRBN.US,D,20230718,000000,38.56,38.98,38.53,38.82,68891,0
KRBN.US,D,20230719,000000,39.11,39.11,38.94,39.08,60545,0
KRBN.US,D,20230720,000000,39.65,39.705,39.14,39.26,67487,0
KRBN.US,D,20230721,000000,39.47,39.68,39.43,39.55,150752,0
KRBN.US,D,20230724,000000,39.27,39.32,39.1001,39.11,127922,0
KRBN.US,D,20230725,000000,39.1,39.445,39.1,39.38,64089,0
KRBN.US,D,20230726,000000,39.31,39.52,39.0101,39.45,233936,0
KRBN.US,D,20230727,000000,39.67,40.1,39.5,39.61,170183,0
KRBN.US,D,20230728,000000,39.01,39.22,38.88,39.22,67953,0
KRBN.US,D,20230731,000000,38.6,39.04,38.5401,38.86,144696,0
KRBN.US,D,20230801,000000,38.54,38.56,37.855,37.88,135300,0
KRBN.US,D,20230802,000000,37.53,37.6255,37.09,37.14,99839,0
KRBN.US,D,20230803,000000,37.57,37.64,37.35,37.35,54251,0
KRBN.US,D,20230804,000000,37.44,37.5823,37.41,37.49,31039,0
KRBN.US,D,20230807,000000,37.43,37.44,37.315,37.34,26165,0
KRBN.US,D,20230808,000000,37.48,37.8,37.3494,37.75,44929,0
KRBN.US,D,20230809,000000,37.97,37.99,37.63,37.74,44324,0
KRBN.US,D,20230810,000000,37.78,38.055,37.7609,37.79,27636,0
KRBN.US,D,20230811,000000,37.94,38.3034,37.94,38.2,29218,0
KRBN.US,D,20230814,000000,38.09,38.43,38.07,38.17,54563,0
KRBN.US,D,20230815,000000,38.25,38.25,37.9,37.9,21162,0
KRBN.US,D,20230816,000000,38.42,38.57,38.26,38.33,43040,0
KRBN.US,D,20230817,000000,38.78,38.93,38.45,38.46,99556,0
KRBN.US,D,20230818,000000,38.21,38.45,38.21,38.36,94995,0
KRBN.US,D,20230821,000000,38.5,38.5499,38.37,38.48,80675,0
KRBN.US,D,20230822,000000,39.05,39.25,38.81,38.91,74687,0
KRBN.US,D,20230823,000000,38.26,39.09,38.2,38.92,144078,0
KRBN.US,D,20230824,000000,38.07,38.3695,37.8,37.82,87530,0
KRBN.US,D,20230825,000000,38,38.05,37.62,37.87,83307,0
KRBN.US,D,20230828,000000,37.87,37.99,37.74,37.77,57225,0
KRBN.US,D,20230829,000000,37.57,37.97,37.57,37.97,78349,0
KRBN.US,D,20230830,000000,38.21,38.5046,38.17,38.34,33802,0
KRBN.US,D,20230831,000000,38.32,38.36,38.1401,38.17,94936,0
KRBN.US,D,20230901,000000,38.12,38.12,37.7401,37.88,67974,0
KRBN.US,D,20230905,000000,37.18,37.37,37.06,37.32,81910,0
KRBN.US,D,20230906,000000,37.33,37.36,37.11,37.22,356777,0
KRBN.US,D,20230907,000000,37.01,37.1531,36.97,37.11,101231,0
KRBN.US,D,20230908,000000,36.99,37.0799,36.6506,36.73,84805,0
KRBN.US,D,20230911,000000,36.78,36.925,36.68,36.86,479429,0
KRBN.US,D,20230912,000000,36.64,36.76,36.52,36.57,310790,0
KRBN.US,D,20230913,000000,36.92,37.39,36.91,37.36,225666,0
KRBN.US,D,20230914,000000,37.05,37.16,36.92,36.99,60371,0
KRBN.US,D,20230915,000000,36.9,36.95,36.62,36.67,53041,0
KRBN.US,D,20230918,000000,36.36,36.47,36.181,36.29,103421,0
KRBN.US,D,20230919,000000,36.36,36.55,36.352,36.41,82281,0
KRBN.US,D,20230920,000000,36.48,36.98,36.48,36.77,53909,0
KRBN.US,D,20230921,000000,36.78,37.1486,36.78,37.05,33080,0
KRBN.US,D,20230922,000000,37.08,37.5933,37.08,37.43,94608,0
KRBN.US,D,20230925,000000,37.14,37.2499,37,37.03,54995,0
KRBN.US,D,20230926,000000,36.62,36.67,36.27,36.4,154134,0
KRBN.US,D,20230927,000000,36.13,36.19,35.9,36,74638,0
KRBN.US,D,20230928,000000,36.48,36.528,36.2075,36.39,39951,0
KRBN.US,D,20230929,000000,36.23,36.23,35.99,36.13,79495,0
KRBN.US,D,20231002,000000,35.95,36.1,35.85,35.87,121354,0
KRBN.US,D,20231003,000000,35.68,35.87,35.68,35.73,53906,0
KRBN.US,D,20231004,000000,36.09,36.36,36.09,36.32,70951,0
KRBN.US,D,20231005,000000,35.96,36.1799,35.87,36.08,77850,0
KRBN.US,D,20231006,000000,35.96,36.44,35.95,36.32,64454,0
KRBN.US,D,20231009,000000,36.32,36.6,36.32,36.58,84737,0
KRBN.US,D,20231010,000000,37.29,37.6442,37.29,37.52,92635,0
KRBN.US,D,20231011,000000,37.44,37.5892,37.0301,37.25,14368,0
KRBN.US,D,20231012,000000,37.47,37.55,37.31,37.44,46226,0
KRBN.US,D,20231013,000000,37.27,37.64,37.27,37.44,98647,0
KRBN.US,D,20231016,000000,37.1712,37.25,36.9,37.06,51107,0
KRBN.US,D,20231017,000000,36.65,36.82,36.52,36.8,60434,0
KRBN.US,D,20231018,000000,36.33,36.46,36.31,36.31,83377,0
KRBN.US,D,20231019,000000,36.32,36.64,36.32,36.6,27879,0
KRBN.US,D,20231020,000000,36.24,36.64,36.24,36.64,108587,0
KRBN.US,D,20231023,000000,36.16,36.375,36.15,36.33,26353,0
KRBN.US,D,20231024,000000,36.34,36.4685,36.17,36.32,27286,0
KRBN.US,D,20231025,000000,36.16,36.3,36.09,36.19,42284,0
KRBN.US,D,20231026,000000,36,36.18,36,36.14,23956,0
KRBN.US,D,20231027,000000,36.07,36.2,36,36,36583,0
KRBN.US,D,20231030,000000,36.02,36.1495,35.95,36.12,97403,0
KRBN.US,D,20231031,000000,36.03,36.33,35.99,36.19,48007,0
KRBN.US,D,20231101,000000,35.88,36,35.73,35.93,66524,0
KRBN.US,D,20231102,000000,35.69,36.49,35.5039,36.38,64551,0
KRBN.US,D,20231103,000000,36.41,36.6382,36.18,36.22,46215,0
KRBN.US,D,20231106,000000,35.92,36,35.8,35.88,55150,0
KRBN.US,D,20231107,000000,35.73,35.835,35.61,35.69,68882,0
KRBN.US,D,20231108,000000,36.01,36.0129,35.705,35.73,45569,0
KRBN.US,D,20231109,000000,35.8,36.35,35.8,36.17,86207,0
KRBN.US,D,20231110,000000,36.11,36.54,36.0501,36.54,44742,0
KRBN.US,D,20231113,000000,36.01,36.2,36.01,36.1,53617,0
KRBN.US,D,20231114,000000,36.67,37.0157,36.67,36.98,75207,0
KRBN.US,D,20231115,000000,37.17,37.33,37.15,37.29,62578,0
KRBN.US,D,20231116,000000,37.05,37.14,36.6812,36.75,36961,0
KRBN.US,D,20231117,000000,36.68,36.88,36.6,36.68,48797,0
KRBN.US,D,20231120,000000,36.83,36.95,36.68,36.72,79861,0
KRBN.US,D,20231121,000000,36.54,36.5683,36.29,36.43,80664,0
KRBN.US,D,20231122,000000,36.28,36.585,36.15,36.39,45846,0
KRBN.US,D,20231124,000000,36.88,37.1491,36.88,36.9,38981,0
KRBN.US,D,20231127,000000,36.15,36.25,35.86,35.96,75495,0
KRBN.US,D,20231128,000000,36.05,36.19,35.77,35.87,115095,0
KRBN.US,D,20231129,000000,35.45,35.545,35.1601,35.24,184314,0
KRBN.US,D,20231130,000000,35.2,35.335,34.9701,35.01,57739,0
KRBN.US,D,20231201,000000,35.31,35.45,35.05,35.21,129543,0
KRBN.US,D,20231204,000000,34.84,34.9592,34.43,34.62,99118,0
KRBN.US,D,20231205,000000,34.03,34.2501,33.9,34,148932,0
KRBN.US,D,20231206,000000,34,34,33.78,33.93,130214,0
KRBN.US,D,20231207,000000,34.04,34.39,34.015,34.21,129800,0
KRBN.US,D,20231208,000000,33.94,34.115,33.8205,33.85,68708,0
KRBN.US,D,20231211,000000,33.22,33.7,33.211,33.53,101525,0
KRBN.US,D,20231212,000000,33.69,33.9984,33.69,33.87,236191,0
KRBN.US,D,20231213,000000,34.12,34.6,33.98,34.39,104238,0
KRBN.US,D,20231214,000000,34.52,34.55,33.88,34.1,63432,0
KRBN.US,D,20231215,000000,33.8,33.99,33.67,33.83,75038,0
KRBN.US,D,20231218,000000,33.5,33.6673,33.22,33.34,85257,0
KRBN.US,D,20231219,000000,33.35,33.58,33.35,33.56,100926,0
KRBN.US,D,20231220,000000,33.37,34.6706,33.34,34.35,113538,0
KRBN.US,D,20231221,000000,35.24,35.62,35.17,35.46,154283,0
KRBN.US,D,20231222,000000,35.6,35.81,35.6,35.76,105920,0
KRBN.US,D,20231226,000000,35.73,35.91,35.73,35.84,130858,0
KRBN.US,D,20231227,000000,36.06,36.3729,36.06,36.36,79382,0
KRBN.US,D,20231228,000000,36.33,36.5116,36.3,36.34,124493,0
KRBN.US,D,20231229,000000,36.33,36.56,36.33,36.49,169714,0
KRBN.US,D,20240102,000000,35.38,35.38,34.8,35.11,185463,0
KRBN.US,D,20240103,000000,35.34,35.66,35.34,35.63,72973,0
KRBN.US,D,20240104,000000,35.03,35.38,34.99,35.33,40720,0
KRBN.US,D,20240105,000000,35.31,35.58,35.3,35.57,39199,0
KRBN.US,D,20240108,000000,34.55,34.6851,34.2201,34.27,82676,0
KRBN.US,D,20240109,000000,34.2,34.3642,34.126,34.25,76933,0
KRBN.US,D,20240110,000000,33.52,33.84,33.4,33.8,69939,0
KRBN.US,D,20240111,000000,33.31,33.45,32.69,33.02,115075,0
KRBN.US,D,20240112,000000,32.26,32.4594,32.11,32.34,241535,0
KRBN.US,D,20240116,000000,32.15,32.1945,32.02,32.08,173105,0
KRBN.US,D,20240117,000000,31.69,31.69,31.44,31.61,116872,0
KRBN.US,D,20240118,000000,31.43,31.5699,31.32,31.52,195609,0
KRBN.US,D,20240119,000000,31.68,31.8,31.68,31.76,63418,0
KRBN.US,D,20240122,000000,30.97,31.49,30.83,31.28,116749,0
KRBN.US,D,20240123,000000,31.23,31.515,31.23,31.45,88092,0
KRBN.US,D,20240124,000000,32,32.385,31.9606,32.28,76955,0
KRBN.US,D,20240125,000000,31.55,31.69,31.4118,31.6,185722,0
KRBN.US,D,20240126,000000,31.5,31.85,31.4012,31.48,130042,0
KRBN.US,D,20240129,000000,31.49,31.49,30.915,31,98695,0
KRBN.US,D,20240130,000000,31.17,31.765,31.17,31.65,81828,0
KRBN.US,D,20240131,000000,31.6,31.95,31.6,31.7,42312,0
KRBN.US,D,20240201,000000,31.5,31.58,31.2591,31.46,69975,0
KRBN.US,D,20240202,000000,31.79,31.9,31.61,31.72,61854,0
KRBN.US,D,20240205,000000,31.49,31.5,31.2046,31.35,92204,0
KRBN.US,D,20240206,000000,31.35,31.68,31.35,31.46,55658,0
KRBN.US,D,20240207,000000,31.13,31.255,31.13,31.14,50818,0
KRBN.US,D,20240208,000000,30.88,30.89,30.65,30.71,89386,0
KRBN.US,D,20240209,000000,30.11,30.3567,30.01,30.23,95958,0
KRBN.US,D,20240212,000000,29.8,29.84,29.59,29.66,166526,0
KRBN.US,D,20240213,000000,29.31,29.49,29.17,29.4,87381,0
KRBN.US,D,20240214,000000,29.4,29.486,29.2259,29.37,61547,0
KRBN.US,D,20240215,000000,30.01,30.2,29.87,29.92,66983,0
KRBN.US,D,20240216,000000,29.41,29.68,29.41,29.55,66019,0
KRBN.US,D,20240220,000000,28.54,29.04,28.54,28.76,155845,0
KRBN.US,D,20240221,000000,28.72,28.99,28.72,28.93,300108,0
KRBN.US,D,20240222,000000,28.46,28.69,28.35,28.55,110558,0
KRBN.US,D,20240223,000000,28.34,28.6867,28.3205,28.58,116168,0
KRBN.US,D,20240226,000000,28.71,29.13,28.71,28.76,117013,0
KRBN.US,D,20240227,000000,28.86,29.3664,28.78,29.28,120432,0
KRBN.US,D,20240228,000000,29.96,30.2425,29.65,29.7,137342,0
KRBN.US,D,20240229,000000,29.45,29.5221,29.33,29.49,96417,0
KRBN.US,D,20240301,000000,29.41,29.6058,29.318,29.51,82901,0
KRBN.US,D,20240304,000000,29.24,29.855,29.18,29.65,132054,0
KRBN.US,D,20240305,000000,30.65,30.85,30.5,30.52,144273,0
KRBN.US,D,20240306,000000,30.69,30.76,30.1,30.14,50353,0
KRBN.US,D,20240307,000000,30.62,30.62,30.185,30.44,70827,0
KRBN.US,D,20240308,000000,29.99,30.16,29.9502,30.04,103330,0
KRBN.US,D,20240311,000000,29.22,29.41,29.22,29.3,93509,0
KRBN.US,D,20240312,000000,29.13,29.59,29.12,29.51,76489,0
KRBN.US,D,20240313,000000,28.68,29.0013,28.5101,28.53,70151,0
KRBN.US,D,20240314,000000,28.23,29.72,28.06,29.52,885736,0
KRBN.US,D,20240315,000000,29.99,30.215,29.74,29.96,160621,0
KRBN.US,D,20240318,000000,30.48,30.76,30.3,30.41,58241,0
KRBN.US,D,20240319,000000,29.92,30.565,29.7814,30.47,62380,0
KRBN.US,D,20240320,000000,30.17,30.84,30.17,30.46,39546,0
KRBN.US,D,20240321,000000,30.33,30.63,30.24,30.24,85274,0
KRBN.US,D,20240322,000000,30.86,31,30.69,30.77,57294,0
KRBN.US,D,20240325,000000,30.88,31.89,30.8,31.51,73850,0
KRBN.US,D,20240326,000000,30.93,31.08,30.55,30.82,93215,0
KRBN.US,D,20240327,000000,30.41,30.91,30.41,30.85,49659,0
KRBN.US,D,20240328,000000,30.63,30.8462,30.56,30.76,54551,0
KRBN.US,D,20240401,000000,30.64,30.9838,30.58,30.8,131086,0
KRBN.US,D,20240402,000000,30,30.08,29.76,29.85,112708,0
KRBN.US,D,20240403,000000,29.44,29.6,29.42,29.49,95512,0
KRBN.US,D,20240404,000000,29.81,29.9799,29.4801,29.56,74918,0
KRBN.US,D,20240405,000000,29.94,30.345,29.79,30.25,99571,0
KRBN.US,D,20240408,000000,29.2,31,29,30.94,132271,0
KRBN.US,D,20240409,000000,31.33,31.4455,31.0704,31.3,32225,0
KRBN.US,D,20240410,000000,31.07,31.13,30.71,30.77,46233,0
KRBN.US,D,20240411,000000,32,32.595,32,32.5,126520,0
KRBN.US,D,20240412,000000,32.72,33.3099,32.72,33.16,128873,0
KRBN.US,D,20240415,000000,32.84,33.1,32.59,32.59,68076,0
KRBN.US,D,20240416,000000,33.48,33.825,33.47,33.67,84773,0
KRBN.US,D,20240417,000000,32.67,32.98,32.4,32.81,47309,0
KRBN.US,D,20240418,000000,33.11,33.2499,32.88,33.04,102815,0
KRBN.US,D,20240419,000000,32.72,32.8703,32.2121,32.3,33811,0
KRBN.US,D,20240422,000000,31.71,31.86,31.6108,31.72,39318,0
KRBN.US,D,20240423,000000,31.62,31.92,31.18,31.8,127658,0
KRBN.US,D,20240424,000000,31.73,32.02,31.635,31.92,112417,0
KRBN.US,D,20240425,000000,32.39,32.61,32.319,32.43,94055,0
KRBN.US,D,20240426,000000,32.14,32.29,31.81,32.21,30360,0
KRBN.US,D,20240429,000000,31.53,31.8,31.37,31.68,46363,0
KRBN.US,D,20240430,000000,32.35,32.64,32.3085,32.5,71601,0
KRBN.US,D,20240501,000000,31.97,32.3581,31.97,32.33,35455,0
KRBN.US,D,20240502,000000,33.28,33.86,33.24,33.85,114319,0
KRBN.US,D,20240503,000000,34.01,34.1,33.5,33.7,45427,0
KRBN.US,D,20240506,000000,33.7,34.27,33.7,34.25,36083,0
KRBN.US,D,20240507,000000,33.73,33.73,33.39,33.44,96304,0
KRBN.US,D,20240508,000000,33.69,33.8122,33.5983,33.74,30287,0
KRBN.US,D,20240509,000000,34,34.37,33.98,34.33,123501,0
KRBN.US,D,20240510,000000,33.87,33.87,33.5,33.62,18928,0
KRBN.US,D,20240513,000000,32.96,33.21,32.85,33.09,43539,0
KRBN.US,D,20240514,000000,33.33,33.565,33.165,33.27,27599,0
KRBN.US,D,20240515,000000,33.3,33.31,33.1576,33.22,67807,0
KRBN.US,D,20240516,000000,33.4,33.98,33.4,33.96,184853,0
KRBN.US,D,20240517,000000,33.5,34.0927,33.5,33.82,55891,0
KRBN.US,D,20240520,000000,34.55,35.2599,34.55,34.93,85593,0
KRBN.US,D,20240521,000000,35.33,35.6373,35.33,35.35,38562,0
KRBN.US,D,20240522,000000,35.22,35.67,35.22,35.59,83597,0
KRBN.US,D,20240523,000000,35.68,35.88,35.35,35.54,148791,0
KRBN.US,D,20240524,000000,35.35,35.73,35.18,35.69,81272,0
KRBN.US,D,20240528,000000,35.14,35.4999,35.14,35.35,60044,0
KRBN.US,D,20240529,000000,35.09,35.1185,34.89,35.06,25773,0
KRBN.US,D,20240530,000000,35.3,35.77,35.17,35.21,79992,0
KRBN.US,D,20240531,000000,35.22,35.31,34.75,34.84,69654,0
KRBN.US,D,20240603,000000,35.33,35.58,34.86,34.9,163292,0
KRBN.US,D,20240604,000000,34.01,34.14,33.8,33.82,187173,0
KRBN.US,D,20240605,000000,33.41,33.6877,33.2,33.39,163971,0
KRBN.US,D,20240606,000000,33.39,33.8,33.28,33.8,43309,0
KRBN.US,D,20240607,000000,33.4,33.7,33.39,33.39,48871,0
KRBN.US,D,20240610,000000,33,33.4,32.84,33.27,122540,0
KRBN.US,D,20240611,000000,33.15,33.21,32.92,32.99,43617,0
KRBN.US,D,20240612,000000,33.67,33.68,33.2,33.24,27745,0
KRBN.US,D,20240613,000000,33.53,33.6363,33.23,33.28,201014,0
KRBN.US,D,20240614,000000,32.6,32.72,32.39,32.46,39649,0
KRBN.US,D,20240617,000000,32.27,32.46,32.18,32.39,66616,0
KRBN.US,D,20240618,000000,32.49,32.821,32.49,32.5,127574,0
KRBN.US,D,20240620,000000,32.72,32.95,32.345,32.49,58288,0
KRBN.US,D,20240621,000000,32,32.14,31.91,32.05,155305,0
