<TICKER>,<PER>,<DATE>,<TIME>,<OPEN>,<HIGH>,<LOW>,<CLOSE>,<VOL>,<OPENINT>
LRGC.US,D,20230921,000000,49.1699,49.17,48.7762,48.7762,353,0
LRGC.US,D,20230922,000000,48.85,48.85,48.7284,48.7284,101,0
LRGC.US,D,20230925,000000,48.8609,48.8609,48.8609,48.8609,4,0
LRGC.US,D,20230926,000000,48.26,48.26,48.215,48.215,3491,0
LRGC.US,D,20230927,000000,48.23,48.26,48.2117,48.2117,388,0
LRGC.US,D,20230928,000000,48.55,48.55,48.4884,48.4884,2222,0
LRGC.US,D,20230929,000000,48.31,48.3583,48.31,48.3583,1104,0
LRGC.US,D,20231002,000000,48.2,48.4144,48.2,48.4144,203,0
LRGC.US,D,20231003,000000,47.75,47.75,47.7225,47.7225,2333,0
LRGC.US,D,20231004,000000,48.12,48.23,48.12,48.23,3941,0
LRGC.US,D,20231005,000000,48.18,48.18,48.1399,48.1399,1194,0
LRGC.US,D,20231006,000000,48.91,48.91,48.7624,48.7624,3213,0
LRGC.US,D,20231009,000000,49,49,48.9521,48.9521,2353,0
LRGC.US,D,20231010,000000,49.29,49.29,49.2334,49.2334,6293,0
LRGC.US,D,20231011,000000,49.41,49.54,49.41,49.54,302919,0
LRGC.US,D,20231012,000000,49.15,49.29,49.15,49.29,15972,0
LRGC.US,D,20231013,000000,49.05,49.15,49.05,49.15,9621,0
LRGC.US,D,20231016,000000,49.66,49.6836,49.66,49.6836,4324,0
LRGC.US,D,20231017,000000,49.56,49.67,49.56,49.67,21375,0
LRGC.US,D,20231018,000000,49.68,49.68,48.9981,48.9981,3825,0
LRGC.US,D,20231019,000000,48.69,48.69,48.666,48.666,13120,0
LRGC.US,D,20231020,000000,48.19,48.2,48.0214,48.0214,4519,0
LRGC.US,D,20231023,000000,48.31,48.31,47.9891,47.9891,3036,0
LRGC.US,D,20231024,000000,48.35,48.4062,48.35,48.4062,2248,0
LRGC.US,D,20231025,000000,47.94,47.94,47.65,47.6546,3195,0
LRGC.US,D,20231026,000000,47.335,47.47,47.17,47.17,4474,0
LRGC.US,D,20231027,000000,47.19,47.19,46.87,47.01,10199,0
LRGC.US,D,20231030,000000,47.66,47.66,47.64,47.64,9710,0
LRGC.US,D,20231031,000000,47.68,47.9265,47.68,47.9265,3302,0
LRGC.US,D,20231101,000000,48.075,48.35,48.075,48.3259,3013,0
LRGC.US,D,20231102,000000,49.16,49.16,49.15,49.1549,3712,0
LRGC.US,D,20231103,000000,49.49,49.74,49.49,49.63,9410,0
LRGC.US,D,20231106,000000,49.76,49.77,49.7088,49.7088,2347,0
LRGC.US,D,20231107,000000,49.99,49.99,49.9245,49.9245,1049,0
LRGC.US,D,20231108,000000,49.95,50.04,49.91,50.04,37850,0
LRGC.US,D,20231109,000000,49.86,49.87,49.6724,49.6724,23646,0
LRGC.US,D,20231110,000000,49.84,50.4262,49.84,50.4262,25990,0
LRGC.US,D,20231113,000000,50.41,50.41,50.3277,50.3277,388,0
LRGC.US,D,20231114,000000,51.1,51.15,51.1,51.1474,4074,0
LRGC.US,D,20231115,000000,51.37,51.37,51.25,51.25,12687,0
LRGC.US,D,20231116,000000,51.15,51.2449,51.14,51.2449,6512,0
LRGC.US,D,20231117,000000,51.34,51.34,51.2781,51.2781,4295,0
LRGC.US,D,20231120,000000,51.39,51.71,51.39,51.6505,7580,0
LRGC.US,D,20231121,000000,51.62,51.62,51.52,51.61,14953,0
LRGC.US,D,20231122,000000,51.71,51.84,51.71,51.84,12433,0
LRGC.US,D,20231124,000000,51.86,51.86,51.81,51.825,4612,0
LRGC.US,D,20231127,000000,51.79,51.79,51.7501,51.7501,8544,0
LRGC.US,D,20231128,000000,51.7,51.7385,51.69,51.7385,5038,0
LRGC.US,D,20231129,000000,52.03,52.03,51.7456,51.7456,8119,0
LRGC.US,D,20231130,000000,51.84,51.9533,51.79,51.9533,17631,0
LRGC.US,D,20231201,000000,52.205,52.28,52.18,52.25,4324,0
LRGC.US,D,20231204,000000,51.96,52.0339,51.96,52.0339,6814,0
LRGC.US,D,20231205,000000,51.8,52.03,51.8,52.03,33991,0
LRGC.US,D,20231206,000000,52.03,52.03,51.8103,51.8103,2291,0
LRGC.US,D,20231207,000000,52.28,52.28,52.28,52.28,6890,0
LRGC.US,D,20231208,000000,52.37,52.37,52.37,52.37,5480,0
LRGC.US,D,20231211,000000,52.51,52.51,52.44,52.44,33618,0
LRGC.US,D,20231212,000000,52.76,52.78,52.75,52.78,16130,0
LRGC.US,D,20231213,000000,53.41,53.4348,53.41,53.4348,24116,0
LRGC.US,D,20231214,000000,53.68,53.68,53.54,53.59,21384,0
LRGC.US,D,20231215,000000,53.52,53.55,53.52,53.55,5815,0
LRGC.US,D,20231218,000000,53.69,53.89,53.69,53.8258,7530,0
LRGC.US,D,20231219,000000,53.91,54.12,53.91,54.12,8323,0
LRGC.US,D,20231220,000000,54.09,54.09,53.4401,53.4401,3630,0
LRGC.US,D,20231221,000000,53.88,53.8932,53.81,53.8932,18114,0
LRGC.US,D,20231222,000000,54.04,54.04,53.9325,53.9325,5124,0
LRGC.US,D,20231226,000000,54.17,54.17,54.1218,54.1218,8276,0
LRGC.US,D,20231227,000000,54.13,54.13,54.12,54.1273,11318,0
LRGC.US,D,20231228,000000,54.35,54.35,54.2297,54.2297,5263,0
LRGC.US,D,20231229,000000,54.17,54.17,54.0984,54.0984,6290,0
LRGC.US,D,20240102,000000,53.65,53.7909,53.64,53.7909,8019,0
LRGC.US,D,20240103,000000,53.66,53.66,53.4094,53.4094,18656,0
LRGC.US,D,20240104,000000,53.34,53.46,53.25,53.46,21802,0
LRGC.US,D,20240105,000000,53.33,53.56,53.2,53.56,15751,0
LRGC.US,D,20240108,000000,53.96,54.12,53.95,54.12,16822,0
LRGC.US,D,20240109,000000,54.05,54.05,54.0136,54.0136,8206,0
LRGC.US,D,20240110,000000,54.41,54.44,54.3388,54.3388,15775,0
LRGC.US,D,20240111,000000,54.49,54.79,54.4,54.79,6369,0
LRGC.US,D,20240112,000000,54.99,54.99,54.41,54.4538,1987,0
LRGC.US,D,20240116,000000,54.37,54.5,54.26,54.5,1538,0
LRGC.US,D,20240117,000000,53.97,54.0348,53.96,54.0348,4716,0
LRGC.US,D,20240118,000000,54.18,54.512,54.1,54.512,3867,0
LRGC.US,D,20240119,000000,54.9092,55.14,54.9092,55.0911,595,0
LRGC.US,D,20240122,000000,55.3,55.33,55.21,55.21,13314,0
LRGC.US,D,20240123,000000,55.26,55.451,55.26,55.451,22477,0
LRGC.US,D,20240124,000000,55.87,55.87,55.53,55.53,13551,0
LRGC.US,D,20240125,000000,55.73,55.848,55.63,55.81,19457,0
LRGC.US,D,20240126,000000,55.98,56.04,55.82,56.04,10766,0
LRGC.US,D,20240129,000000,55.95,56.3032,55.95,56.3032,6391,0
LRGC.US,D,20240130,000000,56.3366,56.46,56.3366,56.3627,13350,0
LRGC.US,D,20240131,000000,56.1498,56.165,55.48,55.48,12127,0
LRGC.US,D,20240201,000000,55.72,56.05,55.72,56.0231,5799,0
LRGC.US,D,20240202,000000,56.77,57.03,56.75,57.03,18862,0
LRGC.US,D,20240205,000000,56.78,56.78,56.6708,56.6708,3376,0
LRGC.US,D,20240206,000000,56.62,56.74,56.61,56.7334,6852,0
LRGC.US,D,20240207,000000,57.1861,57.2,57.1428,57.1428,3246,0
LRGC.US,D,20240208,000000,57.17,57.179,57.1602,57.1602,9380,0
LRGC.US,D,20240209,000000,57.3999,57.6196,57.3999,57.5978,8854,0
LRGC.US,D,20240212,000000,57.85,57.85,57.56,57.5876,10696,0
LRGC.US,D,20240213,000000,56.58,56.7626,56.48,56.7626,20278,0
LRGC.US,D,20240214,000000,57.1169,57.3344,56.99,57.3344,20018,0
LRGC.US,D,20240215,000000,57.56,57.84,57.56,57.84,7410,0
LRGC.US,D,20240216,000000,57.65,57.65,57.32,57.32,9222,0
LRGC.US,D,20240220,000000,56.81,56.98,56.81,56.98,8452,0
LRGC.US,D,20240221,000000,56.82,57.1209,56.79,57.1209,10752,0
LRGC.US,D,20240222,000000,58.33,58.37,58.32,58.37,3705,0
LRGC.US,D,20240223,000000,58.66,58.66,57.9,57.9,15158,0
LRGC.US,D,20240226,000000,58.43,58.43,58.33,58.33,6916,0
LRGC.US,D,20240227,000000,58.28,58.4,58.28,58.4,5062,0
LRGC.US,D,20240228,000000,58.25,58.26,58.21,58.26,9221,0
LRGC.US,D,20240229,000000,58.4,58.6,58.4,58.6,7037,0
LRGC.US,D,20240301,000000,58.54,59.04,58.54,59.0078,3010,0
LRGC.US,D,20240304,000000,59.07,59.07,58.9622,58.9622,3605,0
LRGC.US,D,20240305,000000,58.44,58.51,58.44,58.51,3484,0
LRGC.US,D,20240306,000000,58.78,58.9136,58.78,58.83,6197,0
LRGC.US,D,20240307,000000,59.3282,59.49,59.3282,59.4706,3516,0
LRGC.US,D,20240308,000000,59.29,59.29,59.14,59.14,16980,0
LRGC.US,D,20240311,000000,58.99,59.12,58.99,59.0437,17247,0
LRGC.US,D,20240312,000000,59.5997,59.92,59.5997,59.9172,7649,0
LRGC.US,D,20240313,000000,59.96,59.96,59.83,59.8304,5469,0
LRGC.US,D,20240314,000000,60.01,60.01,59.65,59.7275,6721,0
LRGC.US,D,20240315,000000,59.39,59.39,59.3,59.3,16303,0
LRGC.US,D,20240318,000000,59.87,59.92,59.66,59.66,20868,0
LRGC.US,D,20240319,000000,59.63,60.04,59.56,60.04,4656,0
LRGC.US,D,20240320,000000,60,60.52,59.9999,60.52,7462,0
LRGC.US,D,20240321,000000,60.91,60.91,60.8329,60.8329,657,0
LRGC.US,D,20240322,000000,60.87,60.87,60.79,60.79,7760,0
LRGC.US,D,20240325,000000,60.57,60.57,60.4278,60.4278,10956,0
LRGC.US,D,20240326,000000,60.55,60.55,60.46,60.46,8956,0
LRGC.US,D,20240327,000000,60.269,60.74,60.269,60.68,46357,0
LRGC.US,D,20240328,000000,60.65,60.6643,60.65,60.6643,8242,0
LRGC.US,D,20240401,000000,60.495,60.602,60.495,60.6,11116,0
LRGC.US,D,20240402,000000,59.9655,60.0727,59.9655,60.0727,5229,0
LRGC.US,D,20240403,000000,60.02,60.34,60.02,60.1861,6889,0
LRGC.US,D,20240404,000000,60.52,60.52,59.52,59.52,8597,0
LRGC.US,D,20240405,000000,59.7754,60.1998,59.7754,60.1998,4768,0
LRGC.US,D,20240408,000000,60.14,60.19,60.14,60.18,97033,0
LRGC.US,D,20240409,000000,59.68,60.18,59.64,60.18,14408,0
LRGC.US,D,20240410,000000,59.64,59.76,59.5032,59.76,9066,0
LRGC.US,D,20240411,000000,59.8,60.2,59.6559,60.1101,17092,0
LRGC.US,D,20240412,000000,59.17,59.29,59.17,59.25,80868,0
LRGC.US,D,20240415,000000,58.83,58.83,58.69,58.6976,12171,0
LRGC.US,D,20240416,000000,58.98,58.98,58.63,58.6999,10411,0
LRGC.US,D,20240417,000000,58.41,58.75,58.3469,58.3469,93353,0
LRGC.US,D,20240418,000000,58.34,58.61,58.1811,58.1811,6179,0
LRGC.US,D,20240419,000000,57.77,57.77,57.64,57.64,9690,0
LRGC.US,D,20240422,000000,58.2,58.42,57.794,58.1554,4343,0
LRGC.US,D,20240423,000000,58.92,59.02,58.89,58.89,5598,0
LRGC.US,D,20240424,000000,58.92,58.92,58.59,58.8783,56687,0
LRGC.US,D,20240425,000000,57.974,58.5,57.974,58.3909,10586,0
LRGC.US,D,20240426,000000,59.2319,59.33,59.2104,59.28,11112,0
LRGC.US,D,20240429,000000,59.43,59.43,59.02,59.21,4386,0
LRGC.US,D,20240430,000000,59.13,59.17,58.33,58.38,16281,0
LRGC.US,D,20240501,000000,58.39,59.05,58.28,58.28,9472,0
LRGC.US,D,20240502,000000,58.4619,58.87,58.4619,58.7203,9958,0
LRGC.US,D,20240503,000000,59.564,59.564,59.52,59.52,11743,0
LRGC.US,D,20240506,000000,59.8434,60.13,59.8434,60.13,10634,0
LRGC.US,D,20240507,000000,60.45,60.45,60.13,60.2294,26562,0
LRGC.US,D,20240508,000000,60.09,60.27,60.09,60.2246,11847,0
LRGC.US,D,20240509,000000,60.48,60.5301,60.47,60.5301,2500,0
LRGC.US,D,20240510,000000,60.74,60.7888,60.73,60.7888,11206,0
LRGC.US,D,20240513,000000,60.95,60.95,60.63,60.64,11548,0
LRGC.US,D,20240514,000000,60.66,61.11,60.65,61.03,30247,0
LRGC.US,D,20240515,000000,61.48,61.66,61.48,61.66,15724,0
LRGC.US,D,20240516,000000,61.7,61.84,61.66,61.66,12051,0
LRGC.US,D,20240517,000000,61.58,61.87,61.43,61.5796,7843,0
LRGC.US,D,20240520,000000,61.9,62.03,61.69,61.69,12382,0
LRGC.US,D,20240521,000000,61.77,61.8498,61.76,61.8498,13831,0
LRGC.US,D,20240522,000000,61.84,61.99,61.55,61.6069,6358,0
LRGC.US,D,20240523,000000,62.27,62.27,61.27,61.325,19970,0
LRGC.US,D,20240524,000000,61.59,61.73,61.59,61.6733,7804,0
LRGC.US,D,20240528,000000,61.83,61.98,61.7635,61.87,8061,0
LRGC.US,D,20240529,000000,61.52,61.55,61.315,61.44,8296,0
LRGC.US,D,20240530,000000,61.32,61.32,60.9,60.99,21483,0
LRGC.US,D,20240531,000000,61.08,61.44,60.495,61.44,54426,0
LRGC.US,D,20240603,000000,61.759,61.78,61.0973,61.5,14246,0
LRGC.US,D,20240604,000000,61.43,61.77,61.3582,61.6463,7007,0
LRGC.US,D,20240605,000000,62.29,62.5514,62.29,62.5514,11380,0
LRGC.US,D,20240606,000000,62.5528,62.57,62.45,62.56,11314,0
LRGC.US,D,20240607,000000,62.53,62.53,62.43,62.43,5663,0
LRGC.US,D,20240610,000000,62.48,62.68,62.4799,62.5679,6940,0
LRGC.US,D,20240611,000000,62.44,62.71,62.3173,62.71,22100,0
LRGC.US,D,20240612,000000,63.47,63.505,63.32,63.3208,4842,0
LRGC.US,D,20240613,000000,63.67,63.67,63.28,63.46,34864,0
LRGC.US,D,20240614,000000,63.22,63.52,63.22,63.52,13057,0
LRGC.US,D,20240617,000000,63.49,64.11,63.47,64,8831,0
LRGC.US,D,20240618,000000,64.01,64.0631,64.01,64.0631,12173,0
LRGC.US,D,20240620,000000,64.07,64.07,63.78,63.91,20259,0
LRGC.US,D,20240621,000000,64.17,64.17,63.745,63.81,17177,0
