<TICKER>,<PER>,<DATE>,<TIME>,<OPEN>,<HIGH>,<LOW>,<CLOSE>,<VOL>,<OPENINT>
MEDI.US,D,20221121,000000,19.9402,19.9402,19.9402,19.9402,4,0
MEDI.US,D,20221122,000000,20.1558,20.1558,20.1558,20.1558,44,0
MEDI.US,D,20221123,000000,20.2648,20.2648,20.2648,20.2648,19,0
MEDI.US,D,20221125,000000,20.3087,20.3087,20.3087,20.3087,35,0
MEDI.US,D,20221128,000000,20.2591,20.2591,20.2591,20.2591,5,0
MEDI.US,D,20221129,000000,20.1755,20.1755,20.1755,20.1755,13,0
MEDI.US,D,20221130,000000,20.8082,20.8082,20.8082,20.8082,5,0
MEDI.US,D,20221201,000000,20.879,20.879,20.879,20.879,22,0
MEDI.US,D,20221202,000000,21.0251,21.0251,21.0251,21.0251,1,0
MEDI.US,D,20221205,000000,20.57,20.57,20.5533,20.5533,146,0
MEDI.US,D,20221206,000000,20.33,20.3626,20.33,20.3626,108,0
MEDI.US,D,20221207,000000,20.4304,20.4304,20.4304,20.4304,48,0
MEDI.US,D,20221208,000000,20.5996,20.5996,20.5996,20.5996,2,0
MEDI.US,D,20221209,000000,20.38,20.38,20.2195,20.2195,287,0
MEDI.US,D,20221212,000000,20.5335,20.5335,20.5335,20.5335,1,0
MEDI.US,D,20221213,000000,20.79,20.79,20.6853,20.6853,260,0
MEDI.US,D,20221214,000000,20.6645,20.6645,20.6645,20.6645,13,0
MEDI.US,D,20221215,000000,20.3,20.3,20.24,20.26,496,0
MEDI.US,D,20221216,000000,20.054,20.054,20.054,20.054,106,0
MEDI.US,D,20221219,000000,19.8595,19.8595,19.8595,19.8595,15,0
MEDI.US,D,20221220,000000,19.9849,19.9849,19.9849,19.9849,47,0
MEDI.US,D,20221221,000000,20.34,20.34,20.3166,20.3166,104,0
MEDI.US,D,20221222,000000,20.1816,20.1816,20.1816,20.1816,2,0
MEDI.US,D,20221223,000000,20.1102,20.1102,20.1102,20.1102,5,0
MEDI.US,D,20221227,000000,19.917,19.917,19.917,19.917,2,0
MEDI.US,D,20221228,000000,19.8922,19.8922,19.8922,19.8922,2,0
MEDI.US,D,20221229,000000,20.2973,20.2973,20.2973,20.2973,2,0
MEDI.US,D,20221230,000000,20.07,20.2464,19.99,20.2464,1096,0
MEDI.US,D,20230103,000000,20.43,20.43,20,20.123,10083,0
MEDI.US,D,20230104,000000,20.22,20.22,20.1367,20.1367,49421,0
MEDI.US,D,20230105,000000,19.8961,19.9121,19.89,19.9121,8500,0
MEDI.US,D,20230106,000000,20.14,20.1481,20.14,20.1481,1600,0
MEDI.US,D,20230109,000000,20.1,20.1,19.6174,19.6174,2701,0
MEDI.US,D,20230110,000000,19.968,19.968,19.968,19.968,2,0
MEDI.US,D,20230111,000000,20.24,20.24,20.21,20.2218,6052,0
MEDI.US,D,20230112,000000,20.3806,20.3806,20.3806,20.3806,2,0
MEDI.US,D,20230113,000000,20.51,20.51,20.449,20.449,3220,0
MEDI.US,D,20230117,000000,20.5075,20.5075,20.5075,20.5075,13,0
MEDI.US,D,20230118,000000,20.3214,20.3214,20.3214,20.3214,3,0
MEDI.US,D,20230119,000000,20.4158,20.4158,20.4158,20.4158,3,0
MEDI.US,D,20230120,000000,20.5003,20.5003,20.5003,20.5003,2,0
MEDI.US,D,20230123,000000,20.51,20.5893,20.51,20.5893,1272,0
MEDI.US,D,20230124,000000,20.5184,20.5184,20.5184,20.5184,2,0
MEDI.US,D,20230125,000000,20.4866,20.4866,20.4866,20.4866,24,0
MEDI.US,D,20230126,000000,20.6059,20.6059,20.6059,20.6059,2,0
MEDI.US,D,20230127,000000,20.83,20.83,20.5685,20.5685,150,0
MEDI.US,D,20230130,000000,20.5,20.5,20.3718,20.3718,120,0
MEDI.US,D,20230131,000000,20.6842,20.6842,20.6842,20.6842,30,0
MEDI.US,D,20230201,000000,20.78,20.78,20.769,20.769,441,0
MEDI.US,D,20230202,000000,20.5554,20.5554,20.5554,20.5554,226,0
MEDI.US,D,20230203,000000,20.515,20.515,20.4361,20.4361,540,0
MEDI.US,D,20230206,000000,20.3678,20.3678,20.3678,20.3678,10,0
MEDI.US,D,20230207,000000,20.465,20.6487,20.465,20.6487,125,0
MEDI.US,D,20230208,000000,20.5705,20.5705,20.5705,20.5705,5,0
MEDI.US,D,20230209,000000,20.61,20.61,20.5433,20.5433,338,0
MEDI.US,D,20230210,000000,20.6519,20.6519,20.6519,20.6519,5,0
MEDI.US,D,20230213,000000,20.7772,20.7772,20.7772,20.7772,2,0
MEDI.US,D,20230214,000000,20.61,20.675,20.61,20.675,20,0
MEDI.US,D,20230215,000000,20.6486,20.6486,20.6486,20.6486,2,0
MEDI.US,D,20230216,000000,20.6847,20.6847,20.5014,20.5014,252,0
MEDI.US,D,20230217,000000,20.7143,20.7143,20.7143,20.7143,2,0
MEDI.US,D,20230221,000000,20.4586,20.49,20.3557,20.3557,272,0
MEDI.US,D,20230222,000000,20.39,20.39,20.3856,20.3856,100,0
MEDI.US,D,20230223,000000,20.647,20.647,20.647,20.647,26,0
MEDI.US,D,20230224,000000,20.4391,20.4391,20.4391,20.4391,11,0
MEDI.US,D,20230227,000000,20.4,20.4,20.3579,20.3579,306,0
MEDI.US,D,20230228,000000,20.32,20.32,20.2999,20.2999,117,0
MEDI.US,D,20230301,000000,20.32,20.4307,20.32,20.4307,10,0
MEDI.US,D,20230302,000000,20.6533,20.6533,20.6533,20.6533,5,0
MEDI.US,D,20230303,000000,20.9063,20.9063,20.9063,20.9063,1,0
MEDI.US,D,20230306,000000,20.78,20.78,20.78,20.78,11,0
MEDI.US,D,20230307,000000,20.4763,20.4763,20.4763,20.4763,19,0
MEDI.US,D,20230308,000000,20.3834,20.3834,20.3834,20.3834,22,0
MEDI.US,D,20230309,000000,20.26,20.26,20.1669,20.1669,100,0
MEDI.US,D,20230310,000000,19.7346,19.7346,19.7346,19.7346,16,0
MEDI.US,D,20230313,000000,20.26,20.26,19.9522,19.9522,5,0
MEDI.US,D,20230314,000000,20.2342,20.2342,20.2342,20.2342,11,0
MEDI.US,D,20230315,000000,20.0752,20.0752,20.0752,20.0752,10,0
MEDI.US,D,20230316,000000,20.3878,20.3878,20.3878,20.3878,11,0
MEDI.US,D,20230317,000000,19.9745,19.9745,19.9745,19.9745,11,0
MEDI.US,D,20230320,000000,20.2397,20.2397,20.2397,20.2397,2,0
MEDI.US,D,20230321,000000,20.3858,20.3858,20.3858,20.3858,36,0
MEDI.US,D,20230322,000000,20.0659,20.0659,20.0659,20.0659,21,0
MEDI.US,D,20230323,000000,19.9783,19.9783,19.9783,19.9783,11,0
MEDI.US,D,20230324,000000,20.1463,20.1463,20.1463,20.1463,11,0
MEDI.US,D,20230327,000000,20.4047,20.4047,20.4047,20.4047,11,0
MEDI.US,D,20230328,000000,22.04,22.04,20.3012,20.3012,310,0
MEDI.US,D,20230329,000000,20.3425,20.3425,20.3425,20.3425,11,0
MEDI.US,D,20230330,000000,20.38,20.3853,20.38,20.3853,216,0
MEDI.US,D,20230331,000000,20.5658,20.5658,20.5658,20.5658,9,0
MEDI.US,D,20230403,000000,20.3105,20.3105,20.3105,20.3105,51,0
MEDI.US,D,20230404,000000,20.34,20.34,20.2992,20.2992,296,0
MEDI.US,D,20230405,000000,20.51,20.52,20.4867,20.4867,785,0
MEDI.US,D,20230406,000000,20.6114,20.6114,20.6114,20.6114,1,0
MEDI.US,D,20230410,000000,20.5,20.6933,20.5,20.6933,378,0
MEDI.US,D,20230411,000000,20.9173,20.9173,20.8899,20.9168,1080,0
MEDI.US,D,20230412,000000,21.09,21.09,20.9598,20.9598,603,0
MEDI.US,D,20230413,000000,21.12,21.2049,21.12,21.2049,540,0
MEDI.US,D,20230414,000000,20.9977,20.9977,20.9977,20.9977,44,0
MEDI.US,D,20230417,000000,21.2984,21.2984,21.2984,21.2984,61,0
MEDI.US,D,20230418,000000,21.1592,21.1592,21.1592,21.1592,44,0
MEDI.US,D,20230419,000000,21.2051,21.2051,21.2051,21.2051,2,0
MEDI.US,D,20230420,000000,21.4,21.4,21.0923,21.0923,127,0
MEDI.US,D,20230421,000000,21.2743,21.2743,21.2743,21.2743,28,0
MEDI.US,D,20230424,000000,21.284,21.284,21.284,21.284,6,0
MEDI.US,D,20230425,000000,21.0655,21.0655,21.0655,21.0655,5,0
MEDI.US,D,20230426,000000,20.7761,20.7761,20.7285,20.7285,2608,0
MEDI.US,D,20230427,000000,20.9108,20.9108,20.9108,20.9108,151,0
MEDI.US,D,20230428,000000,20.9118,21.0113,20.9118,21.0113,1379,0
MEDI.US,D,20230501,000000,21.5174,21.5174,21.5174,21.5174,51,0
MEDI.US,D,20230502,000000,21.3236,21.34,21.3038,21.3038,2141,0
MEDI.US,D,20230503,000000,21.77,21.77,21.7023,21.7023,225,0
MEDI.US,D,20230504,000000,21.5614,21.78,21.5614,21.7403,2557,0
MEDI.US,D,20230505,000000,21.8899,21.8899,21.8899,21.8899,53,0
MEDI.US,D,20230508,000000,21.82,21.86,21.82,21.8491,626,0
MEDI.US,D,20230509,000000,21.7599,21.7599,21.7599,21.7599,46,0
MEDI.US,D,20230510,000000,21.7633,21.7633,21.7633,21.7633,99,0
MEDI.US,D,20230511,000000,21.7506,21.7506,21.7506,21.7506,155,0
MEDI.US,D,20230512,000000,21.8236,21.8236,21.8236,21.8236,3,0
MEDI.US,D,20230515,000000,21.8829,21.8829,21.8829,21.8829,12,0
MEDI.US,D,20230516,000000,21.76,21.76,21.735,21.735,148,0
MEDI.US,D,20230517,000000,21.7627,21.7627,21.7627,21.7627,73,0
MEDI.US,D,20230518,000000,21.6382,21.6382,21.6382,21.6382,72,0
MEDI.US,D,20230519,000000,21.7954,21.7954,21.7954,21.7954,55,0
MEDI.US,D,20230522,000000,22.04,22.04,21.8013,21.8013,190,0
MEDI.US,D,20230523,000000,21.5006,21.5006,21.5006,21.5006,2,0
MEDI.US,D,20230524,000000,21.3361,21.3361,21.3361,21.3361,93,0
MEDI.US,D,20230525,000000,21.2169,21.2169,21.2169,21.2169,1,0
MEDI.US,D,20230526,000000,21.2835,21.2835,21.2835,21.2835,50,0
MEDI.US,D,20230530,000000,21.1166,21.1166,21.1166,21.1166,17,0
MEDI.US,D,20230531,000000,21.2307,21.2307,21.2307,21.2307,26,0
MEDI.US,D,20230601,000000,21.4855,21.4855,21.4855,21.4855,51,0
MEDI.US,D,20230602,000000,21.67,21.8089,21.67,21.8089,487,0
MEDI.US,D,20230605,000000,22.24,22.24,21.9118,21.9118,181,0
MEDI.US,D,20230606,000000,21.92,21.9782,21.92,21.9782,507,0
MEDI.US,D,20230607,000000,21.7881,21.7881,21.7881,21.7881,128,0
MEDI.US,D,20230608,000000,21.9081,21.9081,21.9081,21.9081,16,0
MEDI.US,D,20230609,000000,21.8768,21.8768,21.8768,21.8768,15,0
MEDI.US,D,20230612,000000,21.97,21.9982,21.97,21.9982,259,0
MEDI.US,D,20230613,000000,22.075,22.075,22.075,22.075,42,0
MEDI.US,D,20230614,000000,21.89,21.89,21.7094,21.7094,304,0
MEDI.US,D,20230615,000000,22.0379,22.0379,22.0379,22.0379,160,0
MEDI.US,D,20230616,000000,21.9689,21.9689,21.8966,21.8966,168,0
MEDI.US,D,20230620,000000,21.92,22.0498,21.9199,22.0498,949,0
MEDI.US,D,20230621,000000,22.0364,22.0364,22.0364,22.0364,7,0
MEDI.US,D,20230622,000000,22.0851,22.0851,22.0851,22.0851,4,0
MEDI.US,D,20230623,000000,21.9512,21.9512,21.9512,21.9512,110,0
MEDI.US,D,20230626,000000,21.9948,21.9948,21.9948,21.9948,151,0
MEDI.US,D,20230627,000000,22.01,22.1401,21.82,22.1401,2472,0
MEDI.US,D,20230628,000000,22.2039,22.2039,22.0778,22.0778,1215,0
MEDI.US,D,20230629,000000,22.2189,22.2189,22.2189,22.2189,82,0
MEDI.US,D,20230630,000000,22.55,22.55,22.5052,22.5052,359,0
MEDI.US,D,20230703,000000,22.33,22.33,22.2189,22.2189,171,0
MEDI.US,D,20230705,000000,22.1398,22.1595,22.1398,22.1595,120,0
MEDI.US,D,20230706,000000,22.38,22.38,21.9608,21.9608,147,0
MEDI.US,D,20230707,000000,21.8036,21.8036,21.8036,21.8036,158,0
MEDI.US,D,20230710,000000,22.0422,22.0422,22.0422,22.0422,116,0
MEDI.US,D,20230711,000000,22.04,22.04,21.9222,21.9222,472,0
MEDI.US,D,20230712,000000,21.8226,21.8226,21.8226,21.8226,152,0
MEDI.US,D,20230713,000000,21.6,21.8745,21.6,21.8745,174,0
MEDI.US,D,20230714,000000,22.3178,22.3178,22.3178,22.3178,108,0
MEDI.US,D,20230717,000000,22.3663,22.3663,22.277,22.277,170,0
MEDI.US,D,20230718,000000,22.49,22.49,22.3303,22.3303,227,0
MEDI.US,D,20230719,000000,22.4194,22.4194,22.4194,22.4194,24,0
MEDI.US,D,20230720,000000,22.4363,22.4363,22.4363,22.4363,57,0
MEDI.US,D,20230721,000000,22.57,22.5939,22.57,22.5939,1042,0
MEDI.US,D,20230724,000000,22.3338,22.3338,22.3338,22.3338,7,0
MEDI.US,D,20230725,000000,22.37,22.43,22.36,22.43,1238,0
MEDI.US,D,20230726,000000,22.3566,22.3566,22.3566,22.3566,15,0
MEDI.US,D,20230727,000000,22.3324,22.3324,22.3324,22.3324,21,0
MEDI.US,D,20230728,000000,22.6214,22.6214,22.6214,22.6214,29,0
MEDI.US,D,20230731,000000,22.3974,22.3974,22.3974,22.3974,49,0
MEDI.US,D,20230801,000000,22.2981,22.2981,22.2981,22.2981,20,0
MEDI.US,D,20230802,000000,22.2118,22.2118,22.2118,22.2118,27,0
MEDI.US,D,20230803,000000,22.1299,22.1299,22.1299,22.1299,78,0
MEDI.US,D,20230804,000000,22.0836,22.0836,22.0836,22.0836,55,0
MEDI.US,D,20230807,000000,22.07,22.07,22.0109,22.0109,1582,0
MEDI.US,D,20230808,000000,22.3148,22.3148,22.3148,22.3148,9,0
MEDI.US,D,20230809,000000,22.3161,22.3161,22.3161,22.3161,55,0
MEDI.US,D,20230810,000000,22.2477,22.2477,22.2477,22.2477,124,0
MEDI.US,D,20230811,000000,22.2795,22.3582,22.2795,22.3582,216,0
MEDI.US,D,20230814,000000,22.5547,22.5547,22.5547,22.5547,30,0
MEDI.US,D,20230815,000000,22.5399,22.5399,22.5399,22.5399,1,0
MEDI.US,D,20230816,000000,22.2633,22.2633,22.2633,22.2633,112,0
MEDI.US,D,20230817,000000,21.8456,21.8456,21.8456,21.8456,20,0
MEDI.US,D,20230818,000000,22,22.04,21.9998,21.9998,457,0
MEDI.US,D,20230821,000000,22.0638,22.1303,22.0638,22.1303,402,0
MEDI.US,D,20230822,000000,22.131,22.131,22.131,22.131,2,0
MEDI.US,D,20230823,000000,22.1032,22.1032,22.1032,22.1032,1,0
MEDI.US,D,20230824,000000,22.0218,22.0218,22.0218,22.0218,20,0
MEDI.US,D,20230825,000000,22.1924,22.1924,22.1924,22.1924,58,0
MEDI.US,D,20230828,000000,22.38,22.38,22.18,22.194,2204,0
MEDI.US,D,20230829,000000,22.4238,22.4238,22.4238,22.4238,13,0
MEDI.US,D,20230830,000000,22.5036,22.5036,22.5036,22.5036,6,0
MEDI.US,D,20230831,000000,22.3358,22.3358,22.3358,22.3358,19,0
MEDI.US,D,20230901,000000,22.62,22.62,22.451,22.451,908,0
MEDI.US,D,20230905,000000,22.39,22.39,22.2386,22.2386,290,0
MEDI.US,D,20230906,000000,22.35,22.354,22.33,22.354,1899,0
MEDI.US,D,20230907,000000,22.3129,22.3129,22.3129,22.3129,55,0
MEDI.US,D,20230908,000000,22.1252,22.1252,22.1252,22.1252,99,0
MEDI.US,D,20230911,000000,22.42,22.42,22.37,22.3708,571,0
MEDI.US,D,20230912,000000,22.46,22.46,22.4042,22.4042,115,0
MEDI.US,D,20230913,000000,22.3929,22.3929,22.3929,22.3929,116,0
MEDI.US,D,20230914,000000,22.6068,22.6068,22.6068,22.6068,21,0
MEDI.US,D,20230915,000000,22.8226,22.8226,22.8226,22.8226,44,0
MEDI.US,D,20230918,000000,22.7268,22.7268,22.7268,22.7268,130,0
MEDI.US,D,20230919,000000,22.96,22.96,22.5877,22.5877,235,0
MEDI.US,D,20230920,000000,22.5057,22.5057,22.5057,22.5057,26,0
MEDI.US,D,20230921,000000,22.5,22.5,22.035,22.1091,295,0
MEDI.US,D,20230922,000000,22.43,22.43,22.0536,22.0536,1213,0
MEDI.US,D,20230925,000000,22.1,22.128,22.1,22.128,797,0
MEDI.US,D,20230926,000000,22.0702,22.0702,22.0702,22.0702,53,0
MEDI.US,D,20230927,000000,22.17,22.23,22.17,22.188,674,0
MEDI.US,D,20230928,000000,22.3378,22.3378,22.3378,22.3378,46,0
MEDI.US,D,20230929,000000,22.0796,22.0796,22.0796,22.0796,10,0
MEDI.US,D,20231002,000000,22.34,22.34,21.79,21.935,879,0
MEDI.US,D,20231003,000000,21.6699,21.68,21.5967,21.5967,930,0
MEDI.US,D,20231004,000000,21.51,21.64,21.51,21.5742,2444,0
MEDI.US,D,20231005,000000,21.61,21.83,21.6,21.8262,1435,0
MEDI.US,D,20231006,000000,21.6425,22.0894,21.6301,22.0894,1518,0
MEDI.US,D,20231009,000000,22.62,22.62,21.9856,22.0733,852,0
MEDI.US,D,20231010,000000,22.3087,22.3087,22.3087,22.3087,103,0
MEDI.US,D,20231011,000000,22.32,22.32,22.1068,22.1701,698,0
MEDI.US,D,20231012,000000,21.8229,21.8229,21.8229,21.8229,31,0
MEDI.US,D,20231013,000000,22.0215,22.0215,22.0215,22.0215,8,0
MEDI.US,D,20231016,000000,22.25,22.48,22.25,22.3152,1068,0
MEDI.US,D,20231017,000000,22.2888,22.2888,22.2888,22.2888,43,0
MEDI.US,D,20231018,000000,22.2926,22.3,22.0675,22.0675,637,0
MEDI.US,D,20231019,000000,22.0307,22.0307,21.9171,21.9171,162,0
MEDI.US,D,20231020,000000,21.95,21.9774,21.8282,21.8282,1118,0
MEDI.US,D,20231023,000000,21.5342,21.5342,21.5342,21.5342,26,0
MEDI.US,D,20231024,000000,21.8469,21.91,21.8,21.8814,1416,0
MEDI.US,D,20231025,000000,21.4446,21.4446,21.4446,21.4446,53,0
MEDI.US,D,20231026,000000,21.17,21.42,21.17,21.2801,337,0
MEDI.US,D,20231027,000000,21.1232,21.1232,21.1232,21.1232,22,0
MEDI.US,D,20231030,000000,21.1623,21.1623,21.1623,21.1623,71,0
MEDI.US,D,20231031,000000,21.0101,21.2704,21.0101,21.2704,182,0
MEDI.US,D,20231101,000000,21.385,21.5054,21.385,21.5054,143,0
MEDI.US,D,20231102,000000,21.64,21.64,21.6299,21.6299,123,0
MEDI.US,D,20231103,000000,22.112,22.112,22.112,22.112,8,0
MEDI.US,D,20231106,000000,22.1881,22.1881,21.998,21.998,1329,0
MEDI.US,D,20231107,000000,22.1878,22.1878,22.1878,22.1878,63,0
MEDI.US,D,20231108,000000,21.8833,21.9426,21.8833,21.9426,183,0
MEDI.US,D,20231109,000000,21.489,21.489,21.489,21.489,134,0
MEDI.US,D,20231110,000000,21.5809,21.5809,21.5809,21.5809,28,0
MEDI.US,D,20231113,000000,21.65,21.8284,21.37,21.8284,1276,0
MEDI.US,D,20231114,000000,22.3721,22.3721,22.3721,22.3721,118,0
MEDI.US,D,20231115,000000,22.312,22.312,22.312,22.312,8,0
MEDI.US,D,20231116,000000,22.3277,22.3277,22.3277,22.3277,33,0
MEDI.US,D,20231117,000000,22.374,22.4269,22.374,22.4269,109,0
MEDI.US,D,20231120,000000,22.4715,22.4715,22.4715,22.4715,26,0
MEDI.US,D,20231121,000000,22.48,22.48,22.4364,22.4364,144,0
MEDI.US,D,20231122,000000,22.6006,22.6006,22.6006,22.6006,95,0
MEDI.US,D,20231124,000000,22.6867,22.6867,22.6867,22.6867,60,0
MEDI.US,D,20231127,000000,22.6428,22.6428,22.6428,22.6428,4,0
MEDI.US,D,20231128,000000,22.5999,22.6,22.4618,22.4618,723,0
MEDI.US,D,20231129,000000,22.77,22.77,22.6321,22.6321,1658,0
MEDI.US,D,20231130,000000,23.07,23.07,22.9872,23.0086,1954,0
MEDI.US,D,20231201,000000,23.22,23.285,23.22,23.285,406,0
MEDI.US,D,20231204,000000,23.3299,23.6133,23.253,23.6133,516,0
MEDI.US,D,20231205,000000,23.84,23.84,23.59,23.6758,579,0
MEDI.US,D,20231206,000000,23.66,23.7436,23.66,23.7436,335,0
MEDI.US,D,20231207,000000,23.7819,23.9514,23.75,23.9514,3177,0
MEDI.US,D,20231208,000000,24.02,24.02,23.9265,23.9265,302,0
MEDI.US,D,20231211,000000,23.8942,23.8942,23.8942,23.8942,53,0
MEDI.US,D,20231212,000000,23.88,24.26,23.8799,24.2032,4499,0
MEDI.US,D,20231213,000000,24.44,24.7872,24.435,24.7872,658,0
MEDI.US,D,20231214,000000,24.8517,24.98,24.7722,24.7948,3256,0
MEDI.US,D,20231215,000000,24.94,24.94,24.71,24.7587,1186,0
MEDI.US,D,20231218,000000,24.6,24.6,24.5303,24.5912,935,0
MEDI.US,D,20231219,000000,24.34,24.84,24.34,24.8376,1233,0
MEDI.US,D,20231220,000000,25,25,24.4181,24.4181,11088,0
MEDI.US,D,20231221,000000,24.0839,24.27,24.0839,24.2192,3477,0
MEDI.US,D,20231222,000000,24.42,24.487,24.3981,24.487,1834,0
MEDI.US,D,20231226,000000,24.62,24.7745,24.62,24.7457,977,0
MEDI.US,D,20231227,000000,26.73,26.73,24.77,24.8453,3217,0
MEDI.US,D,20231228,000000,25.13,25.13,24.8356,24.8942,3023,0
MEDI.US,D,20231229,000000,24.85,24.85,24.79,24.8036,1418,0
MEDI.US,D,20240102,000000,24.77,24.98,24.617,24.9742,1224,0
MEDI.US,D,20240103,000000,24.82,24.91,24.6681,24.6681,838,0
MEDI.US,D,20240104,000000,24.8599,24.91,24.7798,24.7798,3381,0
MEDI.US,D,20240105,000000,24.64,24.85,24.6071,24.8413,21680,0
MEDI.US,D,20240108,000000,25.18,25.36,24.84,25.343,6478,0
MEDI.US,D,20240109,000000,25.36,25.37,25.2949,25.3052,5018,0
MEDI.US,D,20240110,000000,25.2,25.33,25.1,25.3232,4391,0
MEDI.US,D,20240111,000000,25.14,25.2,25.14,25.185,3071,0
MEDI.US,D,20240112,000000,25.11,25.11,24.87,24.8718,4220,0
MEDI.US,D,20240116,000000,24.73,24.85,24.73,24.8304,424,0
MEDI.US,D,20240117,000000,24.7501,24.82,24.75,24.805,2052,0
MEDI.US,D,20240118,000000,24.5,24.67,24.445,24.6509,15105,0
MEDI.US,D,20240119,000000,24.65,24.65,24.52,24.52,13469,0
MEDI.US,D,20240122,000000,25.24,25.24,24.7799,24.9371,21570,0
MEDI.US,D,20240123,000000,24.95,25.0848,24.95,25.0848,458,0
MEDI.US,D,20240124,000000,25.1838,25.1838,24.8447,24.8447,1946,0
MEDI.US,D,20240125,000000,24.68,24.68,24.375,24.5666,11050,0
MEDI.US,D,20240126,000000,24.98,24.98,24.6765,24.6765,423,0
MEDI.US,D,20240129,000000,24.94,25.02,24.9336,24.9336,502,0
MEDI.US,D,20240130,000000,25.06,25.06,24.7,24.72,4060,0
MEDI.US,D,20240131,000000,24.4,24.899,24.4,24.63,3004,0
MEDI.US,D,20240201,000000,25.2869,25.2869,25.2869,25.2869,247,0
MEDI.US,D,20240202,000000,25.13,25.326,25.13,25.17,3257,0
MEDI.US,D,20240205,000000,25.449,25.63,25.3001,25.566,3151,0
MEDI.US,D,20240206,000000,25.84,25.84,25.65,25.77,3438,0
MEDI.US,D,20240207,000000,25.92,25.92,25.8058,25.8058,789,0
MEDI.US,D,20240208,000000,26.07,26.07,25.8231,25.9466,3733,0
MEDI.US,D,20240209,000000,26.1,26.11,26,26.0281,3664,0
MEDI.US,D,20240212,000000,26.2,26.22,25.9501,26.2184,1571,0
MEDI.US,D,20240213,000000,26.39,26.39,25.9,25.9643,4778,0
MEDI.US,D,20240214,000000,26.1401,26.3077,26.1401,26.3077,324,0
MEDI.US,D,20240215,000000,26.57,26.57,26.3572,26.5104,2100,0
MEDI.US,D,20240216,000000,26.89,26.89,26.8362,26.8453,1048,0
MEDI.US,D,20240220,000000,27,27,26.61,26.6333,8656,0
MEDI.US,D,20240221,000000,26.38,26.5839,26.38,26.5839,1617,0
MEDI.US,D,20240222,000000,27.01,27.1,26.9222,27.0952,4542,0
MEDI.US,D,20240223,000000,27.2,27.2529,27.1799,27.2529,4010,0
MEDI.US,D,20240226,000000,27.15,27.47,27.15,27.2858,3747,0
MEDI.US,D,20240227,000000,27.32,27.48,27.285,27.341,17273,0
MEDI.US,D,20240228,000000,27.44,27.44,26.7768,26.7863,11541,0
MEDI.US,D,20240229,000000,26.65,26.67,26.57,26.6069,8189,0
MEDI.US,D,20240301,000000,26.8035,27.09,26.8035,27.0543,12554,0
MEDI.US,D,20240304,000000,27.42,27.42,26.7953,26.7953,8636,0
MEDI.US,D,20240305,000000,26.83,26.83,26.54,26.63,17077,0
MEDI.US,D,20240306,000000,26.76,26.9,26.69,26.69,10195,0
MEDI.US,D,20240307,000000,26.875,26.99,26.86,26.8687,8366,0
MEDI.US,D,20240308,000000,26.98,26.98,26.8046,26.8046,4999,0
MEDI.US,D,20240311,000000,27.07,27.07,26.735,26.735,4054,0
MEDI.US,D,20240312,000000,27.38,27.38,27.005,27.0439,1803,0
MEDI.US,D,20240313,000000,26.89,27.15,26.89,27.0683,3514,0
MEDI.US,D,20240314,000000,26.76,26.8099,26.6201,26.7697,1742,0
MEDI.US,D,20240315,000000,26.78,26.7801,26.5855,26.5855,619,0
MEDI.US,D,20240318,000000,26.7697,26.82,26.6495,26.6495,1598,0
MEDI.US,D,20240319,000000,26.71,26.7617,26.7,26.7617,554,0
MEDI.US,D,20240320,000000,26.5899,26.6552,26.5,26.6552,4478,0
MEDI.US,D,20240321,000000,26.59,26.8,26.59,26.6843,1262,0
MEDI.US,D,20240322,000000,26.58,26.72,26.5001,26.6476,3242,0
MEDI.US,D,20240325,000000,26.8109,26.8109,26.5816,26.5816,3129,0
MEDI.US,D,20240326,000000,26.77,26.8267,26.77,26.8267,286,0
MEDI.US,D,20240327,000000,26.83,27.0199,26.83,27.0099,1760,0
MEDI.US,D,20240328,000000,26.98,27.1972,26.9367,27.1492,3461,0
MEDI.US,D,20240401,000000,26.91,26.9468,26.8659,26.9468,125291,0
MEDI.US,D,20240402,000000,26.4,26.4,26.2795,26.2795,1529,0
MEDI.US,D,20240403,000000,26.3122,26.4,26.3122,26.3776,52315,0
MEDI.US,D,20240404,000000,26.45,26.56,25.9685,25.9685,2647,0
MEDI.US,D,20240405,000000,25.95,26.37,25.95,26.34,10286,0
MEDI.US,D,20240408,000000,26.25,26.29,26.25,26.29,1051,0
MEDI.US,D,20240409,000000,26.32,26.57,26.32,26.5604,7593,0
MEDI.US,D,20240410,000000,26.28,26.37,26.22,26.3357,1565,0
MEDI.US,D,20240411,000000,26.4,26.4,26.2211,26.2211,1616,0
MEDI.US,D,20240412,000000,26.48,26.48,25.5763,25.5763,1028,0
MEDI.US,D,20240415,000000,25.67,25.67,25.4366,25.4366,1147,0
MEDI.US,D,20240416,000000,25.43,25.5267,25.3984,25.3984,952,0
MEDI.US,D,20240417,000000,25.5,25.5,25.3966,25.3966,4027,0
MEDI.US,D,20240418,000000,25.61,25.61,25.3464,25.3464,217,0
MEDI.US,D,20240419,000000,25.29,25.29,25.29,25.29,628,0
MEDI.US,D,20240422,000000,25.4,25.6006,25.34,25.59,3080,0
MEDI.US,D,20240423,000000,25.8,25.8,25.7901,25.7901,304,0
MEDI.US,D,20240424,000000,25.6,25.8077,25.42,25.42,1316,0
MEDI.US,D,20240425,000000,26.03,26.03,25.25,25.2704,4310,0
MEDI.US,D,20240426,000000,25.1777,25.2,25.13,25.1558,2115,0
MEDI.US,D,20240429,000000,25.4396,25.54,25.3628,25.4013,3593,0
MEDI.US,D,20240430,000000,25.49,25.49,25.2497,25.2497,5410,0
MEDI.US,D,20240501,000000,25.2442,25.74,25.22,25.4948,3277,0
MEDI.US,D,20240502,000000,25.51,25.7182,25.485,25.7182,1643,0
MEDI.US,D,20240503,000000,25.84,25.84,25.6865,25.732,6106,0
MEDI.US,D,20240506,000000,25.68,25.69,25.67,25.6893,2820,0
MEDI.US,D,20240507,000000,25.72,25.9,25.72,25.8976,3111,0
MEDI.US,D,20240508,000000,25.68,25.68,25.343,25.343,683,0
MEDI.US,D,20240509,000000,25.23,25.4604,25.23,25.4604,336,0
MEDI.US,D,20240510,000000,25.3762,25.39,25.28,25.3023,937,0
MEDI.US,D,20240513,000000,25.47,25.47,25.1942,25.1942,6100,0
MEDI.US,D,20240514,000000,25.2101,25.27,24.68,25.1264,6171,0
MEDI.US,D,20240515,000000,25.3917,25.4673,25.3917,25.4673,606,0
MEDI.US,D,20240516,000000,25.4081,25.487,25.39,25.487,4090,0
MEDI.US,D,20240517,000000,25.31,25.3201,25.31,25.3201,373,0
MEDI.US,D,20240520,000000,25.2802,25.4,25.2802,25.3268,3031,0
MEDI.US,D,20240521,000000,25.33,25.33,25.13,25.1916,1280,0
MEDI.US,D,20240522,000000,25.19,25.51,25.19,25.4259,3168,0
MEDI.US,D,20240523,000000,25.14,25.2199,24.91,24.9319,3392,0
MEDI.US,D,20240524,000000,25.02,25.14,25.02,25.0384,1751,0
MEDI.US,D,20240528,000000,24.9,24.9,24.7515,24.8367,1196,0
MEDI.US,D,20240529,000000,24.72,24.8551,24.68,24.8551,1001,0
MEDI.US,D,20240530,000000,25.0647,25.0647,25.0647,25.0647,4,0
MEDI.US,D,20240531,000000,25.56,25.58,25.0854,25.0854,931,0
MEDI.US,D,20240603,000000,25.2063,25.38,25.2063,25.2063,869,0
MEDI.US,D,20240604,000000,25.33,25.33,25.26,25.3106,799,0
MEDI.US,D,20240605,000000,25.64,25.6953,25.64,25.6953,437,0
MEDI.US,D,20240606,000000,25.6,25.8426,25.6,25.8426,1348,0
MEDI.US,D,20240607,000000,25.64,25.6503,25.64,25.6503,115,0
MEDI.US,D,20240610,000000,25.45,25.53,25.45,25.5194,1255,0
MEDI.US,D,20240611,000000,25.32,25.384,25.3199,25.384,672,0
MEDI.US,D,20240612,000000,25.5,25.547,25.45,25.547,2648,0
MEDI.US,D,20240613,000000,25.2603,25.3399,25.26,25.3225,1056,0
MEDI.US,D,20240614,000000,25.3,25.3,25.1615,25.1615,270,0
MEDI.US,D,20240617,000000,24.9881,25.009,24.9881,25.009,1026,0
MEDI.US,D,20240618,000000,25.26,25.26,24.91,24.91,2230,0
MEDI.US,D,20240620,000000,24.9066,24.9066,24.9066,24.9066,283,0
MEDI.US,D,20240621,000000,24.9782,25.2215,24.9782,25.2215,816,0
