<TICKER>,<PER>,<DATE>,<TIME>,<OPEN>,<HIGH>,<LOW>,<CLOSE>,<VOL>,<OPENINT>
NBCE.US,D,20231027,000000,23.595,23.595,23.595,23.595,33,0
NBCE.US,D,20231030,000000,24.05,24.0665,23.99,24.0461,50655,0
NBCE.US,D,20231031,000000,23.9596,23.9596,23.9596,23.9596,33,0
NBCE.US,D,20231101,000000,23.908,23.908,23.908,23.908,33,0
NBCE.US,D,20231102,000000,23.9064,23.9064,23.9064,23.9064,33,0
NBCE.US,D,20231103,000000,24.2898,24.2898,24.2898,24.2898,104,0
NBCE.US,D,20231106,000000,24.5949,24.5949,24.5949,24.5949,5,0
NBCE.US,D,20231107,000000,24.4377,24.4377,24.4377,24.4377,4,0
NBCE.US,D,20231108,000000,24.34,24.34,24.34,24.34,4,0
NBCE.US,D,20231109,000000,24.131,24.131,24.131,24.131,4,0
NBCE.US,D,20231110,000000,23.981,24.08,23.9807,24.08,820,0
NBCE.US,D,20231113,000000,24.21,24.21,24.11,24.11,75000,0
NBCE.US,D,20231114,000000,24.5344,24.5344,24.5344,24.5344,4,0
NBCE.US,D,20231115,000000,24.67,24.6901,24.67,24.6901,1000,0
NBCE.US,D,20231116,000000,24.1,24.1,24.1,24.1,4,0
NBCE.US,D,20231117,000000,24.4132,24.4132,24.4132,24.4132,95,0
NBCE.US,D,20231120,000000,24.7166,24.7166,24.7166,24.7166,1,0
NBCE.US,D,20231121,000000,24.5289,24.5289,24.5289,24.5289,1,0
NBCE.US,D,20231122,000000,24.2502,24.2502,24.2502,24.2502,52,0
NBCE.US,D,20231124,000000,24.4,24.4301,24.4,24.4301,371,0
NBCE.US,D,20231127,000000,24.1998,24.1998,24.1998,24.1998,1,0
NBCE.US,D,20231128,000000,24.29,24.4052,24.29,24.4052,210,0
NBCE.US,D,20231129,000000,24.18,24.18,24.18,24.18,2,0
NBCE.US,D,20231130,000000,24.2,24.2,24.2,24.2,40,0
NBCE.US,D,20231201,000000,24.0501,24.0501,24.0501,24.0501,1,0
NBCE.US,D,20231204,000000,23.91,23.91,23.77,23.7799,8610,0
NBCE.US,D,20231205,000000,23.38,23.38,23.38,23.38,40,0
NBCE.US,D,20231206,000000,23.2169,23.2169,23.2169,23.2169,1,0
NBCE.US,D,20231207,000000,23.19,23.19,23.19,23.19,1,0
NBCE.US,D,20231208,000000,23.185,23.185,23.185,23.185,1,0
NBCE.US,D,20231211,000000,23.25,23.466,23.25,23.466,559,0
NBCE.US,D,20231212,000000,23.5206,23.5206,23.5206,23.5206,1,0
NBCE.US,D,20231213,000000,23.4372,23.4372,23.4372,23.4372,1,0
NBCE.US,D,20231214,000000,23.5201,23.5201,23.5201,23.5201,1,0
NBCE.US,D,20231215,000000,23.1571,23.1571,23.1571,23.1571,1,0
NBCE.US,D,20231218,000000,23.045,23.045,23.045,23.045,1,0
NBCE.US,D,20231219,000000,23.12,23.3311,23.12,23.3311,602,0
NBCE.US,D,20231220,000000,22.8612,22.8612,22.8612,22.8612,1,0
NBCE.US,D,20231221,000000,23.3156,23.3156,23.3156,23.3156,2,0
NBCE.US,D,20231222,000000,23.097,23.097,23.097,23.097,2,0
NBCE.US,D,20231226,000000,23.08,23.08,23.005,23.0253,703,0
NBCE.US,D,20231227,000000,23.1585,23.1585,23.1585,23.1585,29,0
NBCE.US,D,20231228,000000,23.77,23.835,23.63,23.7429,6712,0
NBCE.US,D,20231229,000000,23.894,23.894,23.894,23.894,84,0
NBCE.US,D,20240102,000000,23.4596,23.4596,23.4183,23.4183,252,0
NBCE.US,D,20240103,000000,23.2597,23.2597,23.2597,23.2597,1,0
NBCE.US,D,20240104,000000,23.0147,23.0147,23.0147,23.0147,1,0
NBCE.US,D,20240105,000000,22.85,22.9,22.83,22.8849,4389,0
NBCE.US,D,20240108,000000,22.67,22.67,22.61,22.61,108,0
NBCE.US,D,20240109,000000,22.4851,22.4851,22.4851,22.4851,10,0
NBCE.US,D,20240110,000000,22.5953,22.5953,22.5953,22.5953,1,0
NBCE.US,D,20240111,000000,22.619,22.619,22.619,22.619,1,0
NBCE.US,D,20240112,000000,22.5932,22.5932,22.5932,22.5932,1,0
NBCE.US,D,20240116,000000,22.4266,22.4266,22.4266,22.4266,8,0
NBCE.US,D,20240117,000000,21.8204,21.8204,21.8204,21.8204,8,0
NBCE.US,D,20240118,000000,22.0428,22.0428,22.0428,22.0428,8,0
NBCE.US,D,20240119,000000,22.06,22.1849,22.06,22.1849,200,0
NBCE.US,D,20240122,000000,21.6235,21.6235,21.6235,21.6235,8,0
NBCE.US,D,20240123,000000,21.8786,21.8786,21.8786,21.8786,8,0
NBCE.US,D,20240124,000000,22.3749,22.3749,22.3749,22.3749,3,0
NBCE.US,D,20240125,000000,22.185,22.185,22.185,22.185,2,0
NBCE.US,D,20240126,000000,22.1347,22.1347,22.1347,22.1347,43,0
NBCE.US,D,20240129,000000,21.835,21.835,21.835,21.835,2,0
NBCE.US,D,20240130,000000,21.3505,21.3505,21.3505,21.3505,2,0
NBCE.US,D,20240131,000000,21.2648,21.2648,21.2648,21.2648,28,0
NBCE.US,D,20240201,000000,21.4553,21.4553,21.4553,21.4553,1,0
NBCE.US,D,20240202,000000,20.9692,20.9692,20.9692,20.9692,2,0
NBCE.US,D,20240205,000000,21.324,21.324,21.324,21.324,10,0
NBCE.US,D,20240206,000000,22.445,22.445,22.445,22.445,62,0
NBCE.US,D,20240207,000000,22.715,22.715,22.715,22.715,9,0
NBCE.US,D,20240208,000000,22.5461,22.5461,22.5461,22.5461,8,0
NBCE.US,D,20240209,000000,22.455,22.6,22.455,22.565,3920,0
NBCE.US,D,20240212,000000,22.72,22.7404,22.7,22.7404,297,0
NBCE.US,D,20240213,000000,22.644,22.644,22.644,22.644,26,0
NBCE.US,D,20240214,000000,22.6902,22.6902,22.6902,22.6902,6,0
NBCE.US,D,20240215,000000,22.7599,22.7599,22.7599,22.7599,101,0
NBCE.US,D,20240216,000000,23.052,23.052,23.052,23.052,95,0
NBCE.US,D,20240220,000000,22.9363,22.9363,22.9363,22.9363,90,0
NBCE.US,D,20240221,000000,23.2144,23.2144,23.2144,23.2144,5,0
NBCE.US,D,20240222,000000,23.3481,23.3481,23.3481,23.3481,6,0
NBCE.US,D,20240223,000000,23.42,23.42,23.42,23.42,4,0
NBCE.US,D,20240226,000000,23.32,23.32,23.17,23.17,308,0
NBCE.US,D,20240227,000000,23.5322,23.5322,23.5322,23.5322,4,0
NBCE.US,D,20240228,000000,23.1485,23.1485,23.1485,23.1485,4,0
NBCE.US,D,20240229,000000,23.4971,23.4971,23.4971,23.4971,58,0
NBCE.US,D,20240301,000000,23.675,23.675,23.675,23.675,4,0
NBCE.US,D,20240304,000000,23.7332,23.7332,23.7332,23.7332,2,0
NBCE.US,D,20240305,000000,23.77,23.77,23.77,23.77,14,0
NBCE.US,D,20240306,000000,23.806,23.806,23.806,23.806,35,0
NBCE.US,D,20240307,000000,23.6798,23.6798,23.6798,23.6798,1,0
NBCE.US,D,20240308,000000,23.705,23.705,23.705,23.705,1,0
NBCE.US,D,20240311,000000,24.2311,24.2311,24.2311,24.2311,14,0
NBCE.US,D,20240312,000000,24.3037,24.3037,24.3037,24.3037,16,0
NBCE.US,D,20240313,000000,24.2308,24.2308,24.2308,24.2308,2,0
NBCE.US,D,20240314,000000,24.0913,24.0913,24.0913,24.0913,1,0
NBCE.US,D,20240315,000000,24.155,24.155,24.155,24.155,10,0
NBCE.US,D,20240318,000000,24.2033,24.2033,24.2033,24.2033,1,0
NBCE.US,D,20240319,000000,24.1969,24.1969,24.1969,24.1969,51,0
NBCE.US,D,20240320,000000,24.1007,24.1007,24.1007,24.1007,2,0
NBCE.US,D,20240321,000000,23.8386,23.8386,23.8386,23.8386,3,0
NBCE.US,D,20240322,000000,23.5645,23.5645,23.5645,23.5645,2,0
NBCE.US,D,20240325,000000,23.5391,23.5391,23.5391,23.5391,1,0
NBCE.US,D,20240326,000000,23.615,23.615,23.615,23.615,109,0
NBCE.US,D,20240327,000000,23.45,23.45,23.45,23.45,2,0
NBCE.US,D,20240328,000000,23.6032,23.6032,23.6032,23.6032,1,0
NBCE.US,D,20240401,000000,24,24,24,24,7,0
NBCE.US,D,20240402,000000,23.8974,23.8974,23.8974,23.8974,52,0
NBCE.US,D,20240403,000000,23.8438,23.8438,23.8438,23.8438,2,0
NBCE.US,D,20240404,000000,23.98,23.98,23.8464,23.8464,363,0
NBCE.US,D,20240405,000000,23.74,23.74,23.74,23.74,10,0
NBCE.US,D,20240408,000000,23.5704,23.5704,23.51,23.51,243,0
NBCE.US,D,20240409,000000,23.75,23.75,23.64,23.72,23519,0
NBCE.US,D,20240410,000000,23.3034,23.3034,23.3034,23.3034,2,0
NBCE.US,D,20240411,000000,23.4626,23.4626,23.4626,23.4626,1,0
NBCE.US,D,20240412,000000,23.2516,23.2516,23.2516,23.2516,1,0
NBCE.US,D,20240415,000000,23.6164,23.6164,23.6164,23.6164,2,0
NBCE.US,D,20240416,000000,23.4661,23.4661,23.4661,23.4661,5,0
NBCE.US,D,20240417,000000,23.75,23.75,23.7395,23.7395,201,0
NBCE.US,D,20240418,000000,23.76,23.91,23.76,23.91,1068,0
NBCE.US,D,20240419,000000,23.7407,23.7407,23.7407,23.7407,1,0
NBCE.US,D,20240422,000000,23.77,23.77,23.77,23.77,12,0
NBCE.US,D,20240423,000000,23.7811,23.7811,23.7811,23.7811,2,0
NBCE.US,D,20240424,000000,23.8303,23.8303,23.8303,23.8303,2,0
NBCE.US,D,20240425,000000,23.9584,23.9584,23.9584,23.9584,1,0
NBCE.US,D,20240426,000000,24.3598,24.3598,24.3598,24.3598,1,0
NBCE.US,D,20240429,000000,24.72,24.86,24.72,24.86,195,0
NBCE.US,D,20240430,000000,24.6564,24.6564,24.6564,24.6564,1,0
NBCE.US,D,20240501,000000,24.6656,24.6656,24.6656,24.6656,2,0
NBCE.US,D,20240502,000000,25.32,25.32,25.32,25.32,301,0
NBCE.US,D,20240503,000000,25.35,25.35,25.35,25.35,230,0
NBCE.US,D,20240506,000000,25.425,25.425,25.425,25.425,1,0
NBCE.US,D,20240507,000000,25.3489,25.3489,25.3489,25.3489,13,0
NBCE.US,D,20240508,000000,25.1042,25.1042,25.1042,25.1042,2,0
NBCE.US,D,20240509,000000,25.5382,25.5382,25.5382,25.5382,1,0
NBCE.US,D,20240510,000000,25.3645,25.3645,25.3645,25.3645,6,0
NBCE.US,D,20240513,000000,25.3561,25.3561,25.3561,25.3561,2,0
NBCE.US,D,20240514,000000,25.32,25.37,25.24,25.2941,15739,0
NBCE.US,D,20240515,000000,25.3183,25.3183,25.3183,25.3183,2,0
NBCE.US,D,20240516,000000,25.32,25.3293,25.315,25.3293,1902,0
NBCE.US,D,20240517,000000,25.445,25.445,25.445,25.445,1,0
NBCE.US,D,20240520,000000,25.081,25.1401,25.081,25.1401,490,0
NBCE.US,D,20240521,000000,24.9751,24.9751,24.9751,24.9751,13,0
NBCE.US,D,20240522,000000,24.8986,24.8986,24.8986,24.8986,2,0
NBCE.US,D,20240523,000000,24.5352,24.5352,24.5352,24.5352,2,0
NBCE.US,D,20240524,000000,24.33,24.33,24.33,24.33,172,0
NBCE.US,D,20240528,000000,24.2753,24.2753,24.2753,24.2753,16,0
NBCE.US,D,20240529,000000,24.2159,24.2159,24.2159,24.2159,1,0
NBCE.US,D,20240530,000000,24.2302,24.4322,24.2302,24.4322,3208,0
NBCE.US,D,20240531,000000,24.207,24.207,24.207,24.207,38,0
NBCE.US,D,20240603,000000,24.2782,24.2782,24.2782,24.2782,2,0
NBCE.US,D,20240604,000000,24.7004,24.7004,24.7004,24.7004,14,0
NBCE.US,D,20240605,000000,24.5501,24.5501,24.5501,24.5501,2,0
NBCE.US,D,20240606,000000,24.6202,24.6202,24.6202,24.6202,1,0
NBCE.US,D,20240607,000000,24.2574,24.2574,24.2574,24.2574,2,0
NBCE.US,D,20240610,000000,24.3052,24.3052,24.3052,24.3052,2,0
NBCE.US,D,20240611,000000,24.1202,24.1202,24.1202,24.1202,16,0
NBCE.US,D,20240612,000000,24.17,24.18,24.17,24.18,945,0
NBCE.US,D,20240613,000000,24.092,24.092,24.092,24.092,2,0
NBCE.US,D,20240614,000000,24.1372,24.1372,24.1372,24.1372,1,0
NBCE.US,D,20240617,000000,24.2554,24.2554,24.2554,24.2554,1,0
NBCE.US,D,20240618,000000,24.335,24.335,24.29,24.29,1000,0
NBCE.US,D,20240620,000000,23.69,23.7101,23.6,23.7101,691,0
NBCE.US,D,20240621,000000,23.6649,23.6649,23.6649,23.6649,1,0
