<TICKER>,<PER>,<DATE>,<TIME>,<OPEN>,<HIGH>,<LOW>,<CLOSE>,<VOL>,<OPENINT>
NDIA.US,D,20230821,000000,25.275,25.2962,25.275,25.2962,514,0
NDIA.US,D,20230822,000000,25.27,25.27,25.195,25.195,950,0
NDIA.US,D,20230823,000000,25.68,25.68,25.645,25.645,275,0
NDIA.US,D,20230824,000000,25.3912,25.3912,25.3595,25.3595,249,0
NDIA.US,D,20230825,000000,25.39,25.45,25.3818,25.3818,921,0
NDIA.US,D,20230828,000000,25.4901,25.4901,25.4901,25.4901,20,0
NDIA.US,D,20230829,000000,25.5299,25.6352,25.52,25.6352,951,0
NDIA.US,D,20230830,000000,25.5978,25.5978,25.5905,25.5905,133,0
NDIA.US,D,20230831,000000,25.4495,25.4495,25.4495,25.4495,51,0
NDIA.US,D,20230901,000000,25.6079,25.6079,25.6079,25.6079,104,0
NDIA.US,D,20230905,000000,25.7236,25.7236,25.7236,25.7236,165,0
NDIA.US,D,20230906,000000,25.7098,25.71,25.63,25.63,442,0
NDIA.US,D,20230907,000000,25.79,25.79,25.79,25.79,45,0
NDIA.US,D,20230908,000000,26.05,26.05,26.05,26.05,100,0
NDIA.US,D,20230911,000000,26.3284,26.3284,26.24,26.29,1238,0
NDIA.US,D,20230912,000000,26.1,26.1149,26.1,26.1149,294,0
NDIA.US,D,20230913,000000,26.185,26.2,26.185,26.19,564,0
NDIA.US,D,20230914,000000,26.2799,26.33,26.2799,26.31,638,0
NDIA.US,D,20230915,000000,26.1446,26.1446,26.1446,26.1446,1,0
NDIA.US,D,20230918,000000,25.83,26.1402,25.83,26.0851,511,0
NDIA.US,D,20230919,000000,26,26,26,26,338,0
NDIA.US,D,20230920,000000,25.8004,25.8004,25.8004,25.8004,10,0
NDIA.US,D,20230921,000000,25.5847,25.5847,25.5847,25.5847,50,0
NDIA.US,D,20230922,000000,25.615,25.615,25.615,25.615,2,0
NDIA.US,D,20230925,000000,25.675,25.69,25.663,25.663,516,0
NDIA.US,D,20230926,000000,25.465,25.465,25.465,25.465,61,0
NDIA.US,D,20230927,000000,25.66,25.66,25.65,25.65,564,0
NDIA.US,D,20230928,000000,25.439,25.439,25.439,25.439,59,0
NDIA.US,D,20230929,000000,25.58,25.58,25.52,25.52,416,0
NDIA.US,D,20231002,000000,25.4407,25.4883,25.41,25.41,673,0
NDIA.US,D,20231003,000000,25.33,25.33,25.33,25.33,110,0
NDIA.US,D,20231004,000000,25.37,25.37,25.34,25.34,204,0
NDIA.US,D,20231005,000000,25.6,25.6,25.6,25.6,9,0
NDIA.US,D,20231006,000000,25.74,25.74,25.74,25.74,227,0
NDIA.US,D,20231009,000000,25.48,25.48,25.48,25.48,100,0
NDIA.US,D,20231010,000000,25.71,25.73,25.71,25.73,208,0
NDIA.US,D,20231011,000000,25.73,25.73,25.73,25.73,115,0
NDIA.US,D,20231012,000000,25.4498,25.4498,25.4498,25.4498,65,0
NDIA.US,D,20231013,000000,25.63,25.63,25.63,25.63,111,0
NDIA.US,D,20231016,000000,25.8925,25.8925,25.8925,25.8925,65,0
NDIA.US,D,20231017,000000,25.8,25.84,25.77,25.77,816,0
NDIA.US,D,20231018,000000,25.45,25.45,25.45,25.45,134,0
NDIA.US,D,20231019,000000,25.56,25.56,25.56,25.56,141,0
NDIA.US,D,20231020,000000,25.4882,25.4882,25.37,25.37,886,0
NDIA.US,D,20231023,000000,25.31,25.31,25.15,25.15,1012,0
NDIA.US,D,20231024,000000,25.31,25.31,25.31,25.31,3,0
NDIA.US,D,20231025,000000,25,25,25,25,151,0
NDIA.US,D,20231026,000000,24.79,24.79,24.77,24.77,320,0
NDIA.US,D,20231027,000000,25.0665,25.07,24.93,24.93,400,0
NDIA.US,D,20231030,000000,25.18,25.18,25.18,25.18,104,0
NDIA.US,D,20231031,000000,25.1633,25.1633,25.1633,25.1633,22,0
NDIA.US,D,20231101,000000,25.19,25.19,25.19,25.19,105,0
NDIA.US,D,20231102,000000,25.45,25.5,25.36,25.5,566,0
NDIA.US,D,20231103,000000,25.7,25.7,25.7,25.7,158,0
NDIA.US,D,20231106,000000,25.78,25.78,25.7,25.71,129278,0
NDIA.US,D,20231107,000000,25.73,25.73,25.73,25.73,108,0
NDIA.US,D,20231108,000000,25.8299,25.8299,25.8299,25.8299,14,0
NDIA.US,D,20231109,000000,25.78,25.78,25.6651,25.6651,130,0
NDIA.US,D,20231110,000000,25.88,25.92,25.88,25.92,992,0
NDIA.US,D,20231113,000000,25.83,25.83,25.83,25.83,386,0
NDIA.US,D,20231114,000000,26.24,26.2878,26.22,26.22,2410,0
NDIA.US,D,20231115,000000,26.31,27.02,26.19,26.225,37201,0
NDIA.US,D,20231116,000000,26.27,26.27,26.09,26.1,1124,0
NDIA.US,D,20231117,000000,26.3,26.31,26.22,26.22,1951,0
NDIA.US,D,20231120,000000,26.21,26.245,26.11,26.2,1961,0
NDIA.US,D,20231121,000000,26.27,26.27,26.23,26.23,675,0
NDIA.US,D,20231122,000000,26.29,26.29,26.25,26.25,1318,0
NDIA.US,D,20231124,000000,26.21,26.241,26.01,26.0544,2035,0
NDIA.US,D,20231127,000000,26.22,26.22,26.18,26.18,784,0
NDIA.US,D,20231128,000000,26.35,26.4101,26.35,26.41,1104,0
NDIA.US,D,20231129,000000,26.61,27.2,26.51,26.51,35261,0
NDIA.US,D,20231130,000000,26.675,26.675,26.62,26.62,529,0
NDIA.US,D,20231201,000000,26.84,26.94,26.84,26.94,1288,0
NDIA.US,D,20231204,000000,27.49,27.49,27.29,27.31,4115,0
NDIA.US,D,20231205,000000,27.4,27.4858,27.4,27.42,2632,0
NDIA.US,D,20231206,000000,27.63,27.63,27.24,27.45,2988,0
NDIA.US,D,20231207,000000,27.5,27.5,27.37,27.37,568,0
NDIA.US,D,20231208,000000,27.45,27.475,27.43,27.44,522,0
NDIA.US,D,20231211,000000,27.51,27.57,27.51,27.54,1594,0
NDIA.US,D,20231212,000000,27.4,27.4462,27.26,27.38,1340,0
NDIA.US,D,20231213,000000,27.79,27.79,27.73,27.73,956,0
NDIA.US,D,20231214,000000,27.99,28.055,27.91,28,3084,0
NDIA.US,D,20231215,000000,28.18,28.18,27.7,28.06,3627,0
NDIA.US,D,20231218,000000,28.12,28.12,28.06,28.08,1006,0
NDIA.US,D,20231219,000000,28.12,28.3,27.86,28.24,1865,0
NDIA.US,D,20231220,000000,27.73,27.73,27.37,27.43,2951,0
NDIA.US,D,20231221,000000,27.495,27.9895,27.49,27.93,4172,0
NDIA.US,D,20231222,000000,27.5,28.06,27.5,28,8906,0
NDIA.US,D,20231226,000000,28.07,28.095,28.04,28.07,1385,0
NDIA.US,D,20231227,000000,28.28,28.3,28.27,28.2775,3694,0
NDIA.US,D,20231228,000000,28.28,28.3,28.2482,28.2482,860,0
NDIA.US,D,20231229,000000,28.0593,28.1599,28.0593,28.11,613,0
NDIA.US,D,20240102,000000,28.03,28.04,27.8886,27.9582,2072,0
NDIA.US,D,20240103,000000,27.9,27.9616,27.9,27.91,747,0
NDIA.US,D,20240104,000000,28.22,28.22,28.1605,28.1605,443,0
NDIA.US,D,20240105,000000,28.33,28.5,28.2311,28.2791,7464,0
NDIA.US,D,20240108,000000,28.11,28.29,28.05,28.236,1985,0
NDIA.US,D,20240109,000000,28.24,28.3065,28.24,28.2969,1863,0
NDIA.US,D,20240110,000000,28.315,28.37,28.315,28.33,1865,0
NDIA.US,D,20240111,000000,28.4,28.4313,28.325,28.4313,1149,0
NDIA.US,D,20240112,000000,28.84,28.84,28.72,28.723,3656,0
NDIA.US,D,20240116,000000,28.88,28.88,28.49,28.49,7245,0
NDIA.US,D,20240117,000000,28.0915,28.1133,28.075,28.1,681,0
NDIA.US,D,20240118,000000,28.25,28.3,28.23,28.23,1670,0
NDIA.US,D,20240119,000000,28.55,28.61,28.5,28.61,2614,0
NDIA.US,D,20240122,000000,28.65,28.74,28.51,28.6631,3676,0
NDIA.US,D,20240123,000000,28.01,28.01,27.86,27.97,11082,0
NDIA.US,D,20240124,000000,28.32,28.3583,28.11,28.2752,1797,0
NDIA.US,D,20240125,000000,28.02,28.31,26.845,28.2358,15371,0
NDIA.US,D,20240126,000000,28.33,28.3611,28.33,28.355,932,0
NDIA.US,D,20240129,000000,28.81,28.81,28.7614,28.79,852,0
NDIA.US,D,20240130,000000,28.5,28.5558,28.5,28.5558,1804,0
NDIA.US,D,20240131,000000,28.93,28.93,28.66,28.66,1029,0
NDIA.US,D,20240201,000000,28.56,28.6302,28.31,28.6302,2058,0
NDIA.US,D,20240202,000000,28.88,28.88,28.51,28.634,2394,0
NDIA.US,D,20240205,000000,28.42,28.5,28.36,28.42,2755,0
NDIA.US,D,20240206,000000,28.88,28.97,28.88,28.9436,1294,0
NDIA.US,D,20240207,000000,28.74,28.85,28.74,28.85,2299,0
NDIA.US,D,20240208,000000,28.62,28.62,28.45,28.4922,6781,0
NDIA.US,D,20240209,000000,28.43,28.68,28.43,28.68,1824,0
NDIA.US,D,20240212,000000,28.4,28.51,28.4,28.4659,2060,0
NDIA.US,D,20240213,000000,28.43,28.43,28.33,28.3734,2538,0
NDIA.US,D,20240214,000000,28.7921,28.7921,28.78,28.79,1116,0
NDIA.US,D,20240215,000000,28.86,28.985,28.86,28.9385,1074,0
NDIA.US,D,20240216,000000,28.97,29.1346,28.97,29.09,3919,0
NDIA.US,D,20240220,000000,29.3,29.3,29.235,29.2599,2128,0
NDIA.US,D,20240221,000000,29.05,29.05,29,29.0415,2070,0
NDIA.US,D,20240222,000000,29.24,29.2999,29.23,29.257,5944,0
NDIA.US,D,20240223,000000,29.27,29.56,29.2601,29.2899,3942,0
NDIA.US,D,20240226,000000,29.14,29.29,29.1346,29.1346,6602,0
NDIA.US,D,20240227,000000,29.17,29.17,29.17,29.17,280,0
NDIA.US,D,20240228,000000,28.84,28.97,28.84,28.9308,2708,0
NDIA.US,D,20240229,000000,28.92,28.9535,28.92,28.9535,1387,0
NDIA.US,D,20240301,000000,29.4889,29.4889,29.4889,29.4889,519,0
NDIA.US,D,20240304,000000,29.49,29.67,29.3717,29.3717,2414,0
NDIA.US,D,20240305,000000,29.4499,29.4499,29.3083,29.3083,671,0
NDIA.US,D,20240306,000000,29.79,29.79,29.39,29.43,2942,0
NDIA.US,D,20240307,000000,29.42,29.55,29.42,29.535,1316,0
NDIA.US,D,20240308,000000,29.61,29.61,29.45,29.49,6185,0
NDIA.US,D,20240311,000000,29.35,29.38,29.2301,29.3151,3663,0
NDIA.US,D,20240312,000000,29.32,29.3283,29.21,29.3283,2102,0
NDIA.US,D,20240313,000000,28.6,28.62,28.5682,28.5993,4516,0
NDIA.US,D,20240314,000000,28.805,28.805,28.61,28.6466,7042,0
NDIA.US,D,20240315,000000,28.51,28.545,28.51,28.545,436,0
NDIA.US,D,20240318,000000,28.7,28.7,28.5986,28.5986,1028,0
NDIA.US,D,20240319,000000,28.31,28.365,28.31,28.365,1590,0
NDIA.US,D,20240320,000000,28.41,28.4774,28.04,28.4774,2652,0
NDIA.US,D,20240321,000000,28.57,28.5701,28.4991,28.4991,2061,0
NDIA.US,D,20240322,000000,28.495,28.58,28.495,28.5648,2885,0
NDIA.US,D,20240325,000000,28.53,28.5789,28.52,28.528,1671,0
NDIA.US,D,20240326,000000,28.5141,28.5141,28.5141,28.5141,277,0
NDIA.US,D,20240327,000000,28.72,28.76,28.72,28.76,632,0
NDIA.US,D,20240328,000000,28.9,29.01,28.9,28.9879,255,0
NDIA.US,D,20240401,000000,29.28,29.41,29.09,29.09,6656,0
NDIA.US,D,20240402,000000,29.06,29.12,29.06,29.07,47288,0
NDIA.US,D,20240403,000000,28.96,29.15,27.32,29.0691,13635,0
NDIA.US,D,20240404,000000,29.19,29.22,29.0286,29.0286,760,0
NDIA.US,D,20240405,000000,29.14,29.23,29.14,29.1955,1389,0
NDIA.US,D,20240408,000000,29.41,29.47,29.41,29.4273,1360,0
NDIA.US,D,20240409,000000,29.4,29.44,29.3953,29.3953,643,0
NDIA.US,D,20240410,000000,29.23,29.25,29.23,29.25,1184,0
NDIA.US,D,20240411,000000,29.08,29.2435,29.08,29.2435,1107,0
NDIA.US,D,20240412,000000,28.8103,28.8103,28.73,28.7877,884,0
NDIA.US,D,20240415,000000,28.6299,28.6299,28.5648,28.5648,497,0
NDIA.US,D,20240416,000000,28.53,28.7,28.53,28.5662,2246,0
NDIA.US,D,20240417,000000,28.62,28.62,28.57,28.5779,750,0
NDIA.US,D,20240418,000000,28.49,28.55,28.4365,28.45,1097,0
NDIA.US,D,20240419,000000,28.65,28.65,28.646,28.646,591,0
NDIA.US,D,20240422,000000,28.98,28.99,28.96,28.9807,16019,0
NDIA.US,D,20240423,000000,28.98,29.12,28.98,29.0843,51922,0
NDIA.US,D,20240424,000000,29.0101,29.0656,29.0101,29.0656,179,0
NDIA.US,D,20240425,000000,28.99,29.0827,28.9,29.0827,11245,0
NDIA.US,D,20240426,000000,29.13,29.19,29.07,29.14,1353,0
NDIA.US,D,20240429,000000,29.23,29.3,29.23,29.2803,1359,0
NDIA.US,D,20240430,000000,29.19,29.25,29.1056,29.1079,1651,0
NDIA.US,D,20240501,000000,29.21,29.2199,29.1819,29.1819,1042,0
NDIA.US,D,20240502,000000,29.38,29.59,29.3224,29.4929,3346,0
NDIA.US,D,20240503,000000,29.24,29.2659,29.16,29.2659,530,0
NDIA.US,D,20240506,000000,29.14,29.15,29.1397,29.1397,674,0
NDIA.US,D,20240507,000000,28.8799,28.88,28.8398,28.8748,1108,0
NDIA.US,D,20240508,000000,29.03,29.05,28.985,28.99,1270,0
NDIA.US,D,20240509,000000,28.58,28.65,28.54,28.64,3718,0
NDIA.US,D,20240510,000000,28.65,28.7022,28.6031,28.6031,1379,0
NDIA.US,D,20240513,000000,28.7,28.7,28.6381,28.6381,230,0
NDIA.US,D,20240514,000000,28.8502,28.8502,28.8502,28.8502,97,0
NDIA.US,D,20240515,000000,28.99,28.99,28.9473,28.9473,1477,0
NDIA.US,D,20240516,000000,29.0693,29.0693,29.0693,29.0693,158,0
NDIA.US,D,20240517,000000,29.2,29.26,29.2,29.26,512,0
NDIA.US,D,20240520,000000,29.37,29.37,29.25,29.3,963,0
NDIA.US,D,20240521,000000,29.2611,29.33,29.26,29.3056,65066,0
NDIA.US,D,20240522,000000,29.4,29.41,29.31,29.3266,1468,0
NDIA.US,D,20240523,000000,29.79,29.89,29.6,29.6358,7864,0
NDIA.US,D,20240524,000000,29.77,29.8,29.7025,29.77,1204,0
NDIA.US,D,20240528,000000,29.83,30,29.4752,29.4752,5457,0
NDIA.US,D,20240529,000000,29.26,29.3,29.12,29.14,5474,0
NDIA.US,D,20240530,000000,29.17,29.23,29.1,29.225,5509,0
NDIA.US,D,20240531,000000,29.15,29.21,29.03,29.21,4168,0
NDIA.US,D,20240603,000000,30.09,30.29,30.0599,30.2071,7672,0
NDIA.US,D,20240604,000000,28.51,28.591,28.17,28.591,5455,0
NDIA.US,D,20240605,000000,29.21,29.33,29.15,29.3072,7243,0
NDIA.US,D,20240606,000000,29.55,29.56,29.49,29.5125,1837,0
NDIA.US,D,20240607,000000,29.86,29.89,28.33,29.7949,30207,0
NDIA.US,D,20240610,000000,29.99,30.05,29.99,30.01,4406,0
NDIA.US,D,20240611,000000,30.1014,30.1014,30.1014,30.1014,178,0
NDIA.US,D,20240612,000000,30.42,30.42,30.27,30.3257,1337,0
NDIA.US,D,20240613,000000,30.36,30.36,30.2558,30.2558,1009,0
NDIA.US,D,20240614,000000,30.498,30.498,30.498,30.498,186,0
NDIA.US,D,20240617,000000,30.54,30.61,30.48,30.565,3679,0
NDIA.US,D,20240618,000000,30.6979,30.7204,30.6979,30.7204,592,0
NDIA.US,D,20240620,000000,30.49,30.61,30.49,30.5318,686,0
NDIA.US,D,20240621,000000,30.55,30.5587,30.41,30.4504,2968,0
