<TICKER>,<PER>,<DATE>,<TIME>,<OPEN>,<HIGH>,<LOW>,<CLOSE>,<VOL>,<OPENINT>
NRGD.US,D,20190501,000000,220550,230395,220550,230395,0.1,0
NRGD.US,D,20190502,000000,243700,244310,241300,244310,0.1,0
NRGD.US,D,20190503,000000,235240,235240,232900,235240,0.1,0
NRGD.US,D,20190506,000000,235980,235980,235980,235980,0,0
NRGD.US,D,20190507,000000,242025,242025,242025,242025,0.4,0
NRGD.US,D,20190508,000000,243905,243905,243905,243905,0.4,0
NRGD.US,D,20190509,000000,253130,253130,253130,253130,0.4,0
NRGD.US,D,20190510,000000,252250,260650,252250,253290,0.1,0
NRGD.US,D,20190513,000000,261550,264145,261350,264145,0.3,0
NRGD.US,D,20190514,000000,253700,254050,253700,254050,0.1,0
NRGD.US,D,20190515,000000,260950,261350,252385,252385,0.2,0
NRGD.US,D,20190516,000000,246810,246810,246810,246810,0,0
NRGD.US,D,20190517,000000,249600,254720,249600,254720,0,0
NRGD.US,D,20190520,000000,254280,254280,254280,254280,0,0
NRGD.US,D,20190521,000000,244880,244880,244880,244880,0,0
NRGD.US,D,20190522,000000,248750,256715,248000,256715,0.4,0
NRGD.US,D,20190523,000000,281750,284500,281750,283360,0.1,0
NRGD.US,D,20190524,000000,279160,279160,279160,279160,0,0
NRGD.US,D,20190528,000000,286380,286380,286380,286380,0,0
NRGD.US,D,20190529,000000,299600,301775,290270,290270,0.1,0
NRGD.US,D,20190530,000000,305060,305060,305060,305060,0,0
NRGD.US,D,20190531,000000,313950,322315,313865,322315,0.1,0
NRGD.US,D,20190603,000000,313300,318600,310500,313915,0.6,0
NRGD.US,D,20190604,000000,297340,297340,297340,297340,0,0
NRGD.US,D,20190605,000000,312410,312410,312410,312410,0,0
NRGD.US,D,20190606,000000,305450,305450,294970,294970,0.2,0
NRGD.US,D,20190607,000000,292000,295390,292000,295390,0,0
NRGD.US,D,20190610,000000,290345,290345,290345,290345,0,0
NRGD.US,D,20190611,000000,287250,287525,287250,287525,0.1,0
NRGD.US,D,20190612,000000,298210,298210,298210,298210,0,0
NRGD.US,D,20190613,000000,287500,288500,284750,287400,0.2,0
NRGD.US,D,20190614,000000,289050,291050,289050,289580,0.1,0
NRGD.US,D,20190617,000000,283695,283695,283695,283695,0,0
NRGD.US,D,20190618,000000,271235,271235,271235,271235,0,0
NRGD.US,D,20190619,000000,276150,276150,271000,271000,0,0
NRGD.US,D,20190620,000000,249330,249330,249330,249330,0,0
NRGD.US,D,20190621,000000,246660,246660,246660,246660,0,0
NRGD.US,D,20190624,000000,255615,255615,255615,255615,0,0
NRGD.US,D,20190625,000000,257050,259425,257050,259425,0,0
NRGD.US,D,20190626,000000,238760,238760,238760,238760,0,0
NRGD.US,D,20190627,000000,240950,245375,239900,245375,0.1,0
NRGD.US,D,20190628,000000,244000,244000,236270,236270,0.2,0
NRGD.US,D,20190701,000000,238395,238395,238395,238395,0,0
NRGD.US,D,20190702,000000,252700,254120,252700,254120,0.2,0
NRGD.US,D,20190703,000000,249585,249585,249585,249585,0,0
NRGD.US,D,20190705,000000,248745,248745,248745,248745,0,0
NRGD.US,D,20190708,000000,247730,247730,247730,247730,0,0
NRGD.US,D,20190709,000000,247885,247885,247885,247885,0,0
NRGD.US,D,20190710,000000,237925,237925,237925,237925,0,0
NRGD.US,D,20190711,000000,235060,235060,235060,235060,0,0
NRGD.US,D,20190712,000000,231950,231950,230250,230250,0,0
NRGD.US,D,20190715,000000,236665,236665,236665,236665,0,0
NRGD.US,D,20190716,000000,239260,239260,239260,239260,0,0
NRGD.US,D,20190717,000000,245550,246305,245550,246305,0,0
NRGD.US,D,20190718,000000,250300,250300,244425,244425,0,0
NRGD.US,D,20190719,000000,243200,243200,238105,238105,0,0
NRGD.US,D,20190722,000000,237315,237315,237315,237315,0,0
NRGD.US,D,20190723,000000,235740,235740,235740,235740,0,0
NRGD.US,D,20190724,000000,231420,231420,231420,231420,0,0
NRGD.US,D,20190725,000000,243220,243220,243220,243220,0,0
NRGD.US,D,20190726,000000,243090,243090,243090,243090,0,0
NRGD.US,D,20190729,000000,246505,246505,246505,246505,0,0
NRGD.US,D,20190730,000000,236070,236070,236070,236070,0,0
NRGD.US,D,20190731,000000,239775,239775,239775,239775,0,0
NRGD.US,D,20190801,000000,243300,252915,241750,252915,0.2,0
NRGD.US,D,20190802,000000,263150,265050,263150,265050,0.1,0
NRGD.US,D,20190805,000000,292750,294045,292750,294045,0,0
NRGD.US,D,20190806,000000,298245,298245,298245,298245,0,0
NRGD.US,D,20190807,000000,311850,311850,306350,306350,0,0
NRGD.US,D,20190808,000000,280225,280225,280225,280225,0,0
NRGD.US,D,20190809,000000,287805,287805,287805,287805,0,0
NRGD.US,D,20190812,000000,304600,305110,304200,305110,0.5,0
NRGD.US,D,20190813,000000,294520,294520,294520,294520,0,0
NRGD.US,D,20190814,000000,312100,326710,312050,326710,0.4,0
NRGD.US,D,20190815,000000,327700,336100,325000,325785,1.4,0
NRGD.US,D,20190816,000000,316900,318300,311015,311015,0.5,0
NRGD.US,D,20190819,000000,294850,299200,285680,285680,2.7,0
NRGD.US,D,20190820,000000,292600,296775,292600,296775,0.1,0
NRGD.US,D,20190821,000000,289850,289850,287800,288620,0.1,0
NRGD.US,D,20190822,000000,293100,294760,293100,294760,0.1,0
NRGD.US,D,20190823,000000,305950,335475,302750,335475,0.3,0
NRGD.US,D,20190826,000000,329350,331200,326950,329255,0.1,0
NRGD.US,D,20190827,000000,338550,338550,338355,338355,0,0
NRGD.US,D,20190828,000000,323250,323250,320365,320365,0,0
NRGD.US,D,20190829,000000,301385,301385,301385,301385,0,0
NRGD.US,D,20190830,000000,298595,298595,298595,298595,0,0
NRGD.US,D,20190903,000000,301580,301580,301580,301580,0,0
NRGD.US,D,20190904,000000,287795,287795,287600,287600,0,0
NRGD.US,D,20190905,000000,274565,274565,274455,274455,0,0
NRGD.US,D,20190906,000000,271705,271705,271705,271705,0,0
NRGD.US,D,20190909,000000,257055,257055,257055,257055,0,0
NRGD.US,D,20190910,000000,247550,247550,247550,247550,0,0
NRGD.US,D,20190911,000000,243695,243695,243695,243695,0,0
NRGD.US,D,20190912,000000,250250,250250,250150,250250,0,0
NRGD.US,D,20190913,000000,244970,244970,244970,244970,0,0
NRGD.US,D,20190916,000000,215465,215465,215465,215465,0,0
NRGD.US,D,20190917,000000,229540,229540,226990,226990,0,0
NRGD.US,D,20190918,000000,231800,231800,230895,230895,0,0
NRGD.US,D,20190919,000000,232000,232000,232000,232000,0,0
NRGD.US,D,20190920,000000,230025,230025,230025,230025,0,0
NRGD.US,D,20190923,000000,229920,229920,229920,229920,0,0
NRGD.US,D,20190924,000000,238260,238260,238260,238260,0,0
NRGD.US,D,20190925,000000,235770,236700,234815,234815,0,0
NRGD.US,D,20190926,000000,243660,243660,243660,243660,0,0
NRGD.US,D,20190927,000000,243875,243875,243875,243875,0,0
NRGD.US,D,20190930,000000,248975,248975,248975,248975,0,0
NRGD.US,D,20191001,000000,262095,262095,262095,262095,0,0
NRGD.US,D,20191002,000000,281815,281815,281815,281815,0,0
NRGD.US,D,20191003,000000,269630,269630,269630,269630,0,0
NRGD.US,D,20191004,000000,261720,261720,261720,261720,0,0
NRGD.US,D,20191007,000000,265215,265215,265215,265215,0,0
NRGD.US,D,20191008,000000,275920,275920,275920,275920,0,0
NRGD.US,D,20191009,000000,263445,263445,263445,263445,0,0
NRGD.US,D,20191010,000000,255100,255100,250035,250035,0,0
NRGD.US,D,20191011,000000,237550,239500,237550,239500,0,0
NRGD.US,D,20191014,000000,243450,243450,243450,243450,0,0
NRGD.US,D,20191015,000000,239665,239665,239665,239665,0,0
NRGD.US,D,20191016,000000,249590,249590,249590,249590,0,0
NRGD.US,D,20191017,000000,245700,248115,245700,248115,0,0
NRGD.US,D,20191018,000000,250720,250720,250720,250720,0,0
NRGD.US,D,20191021,000000,238010,238010,238010,238010,0,0
NRGD.US,D,20191022,000000,225370,225370,225370,225370,0,0
NRGD.US,D,20191023,000000,222555,222555,222555,222555,0,0
NRGD.US,D,20191024,000000,220290,220290,220290,220290,0,0
NRGD.US,D,20191025,000000,212535,212535,212535,212535,0,0
NRGD.US,D,20191028,000000,216205,216205,216205,216205,0,0
NRGD.US,D,20191029,000000,210385,210385,210385,210385,0,0
NRGD.US,D,20191030,000000,217550,228040,217550,228040,0,0
NRGD.US,D,20191031,000000,237750,237750,231975,231975,0.1,0
NRGD.US,D,20191101,000000,211245,211245,211245,211245,0,0
NRGD.US,D,20191104,000000,192350,192350,192350,192350,0,0
NRGD.US,D,20191105,000000,194805,194805,194805,194805,0,0
NRGD.US,D,20191106,000000,198650,208400,196300,207610,0.6,0
NRGD.US,D,20191107,000000,196650,196900,195015,195015,0.2,0
NRGD.US,D,20191108,000000,194955,194955,194955,194955,0,0
NRGD.US,D,20191111,000000,199330,199330,199330,199330,0,0
NRGD.US,D,20191112,000000,202775,202775,202775,202775,0,0
NRGD.US,D,20191113,000000,207920,207920,207920,207920,0,0
NRGD.US,D,20191114,000000,210395,210395,210395,210395,0,0
NRGD.US,D,20191115,000000,205435,205435,205435,205435,0,0
NRGD.US,D,20191118,000000,210955,210955,210955,210955,0,0
NRGD.US,D,20191119,000000,221445,221445,221445,221445,0,0
NRGD.US,D,20191120,000000,214050,216800,214050,215210,0.1,0
NRGD.US,D,20191121,000000,206035,206035,206035,206035,0,0
NRGD.US,D,20191122,000000,207000,211830,207000,211830,0,0
NRGD.US,D,20191125,000000,209835,209835,209835,209835,0,0
NRGD.US,D,20191126,000000,218265,218265,218265,218265,0,0
NRGD.US,D,20191129,000000,224560,224560,224560,224560,0,0
NRGD.US,D,20191202,000000,225290,225290,225290,225290,0,0
NRGD.US,D,20191203,000000,236910,236910,236910,236910,0,0
NRGD.US,D,20191204,000000,224335,224335,224335,224335,0,0
NRGD.US,D,20191205,000000,230420,231000,230420,230420,0,0
NRGD.US,D,20191206,000000,214650,214650,214650,214650,0,0
NRGD.US,D,20191209,000000,219910,219910,219910,219910,0,0
NRGD.US,D,20191210,000000,213650,217405,213650,217405,0,0
NRGD.US,D,20191211,000000,220740,220740,220740,220740,0,0
NRGD.US,D,20191212,000000,208400,208400,205720,205720,0.1,0
NRGD.US,D,20191213,000000,211205,211205,211205,211205,0,0
NRGD.US,D,20191216,000000,198965,198965,198965,198965,0,0
NRGD.US,D,20191217,000000,197500,197500,197500,197500,0,0
NRGD.US,D,20191218,000000,195575,195575,195575,195575,0,0
NRGD.US,D,20191219,000000,196715,196715,196715,196715,0,0
NRGD.US,D,20191220,000000,190400,190400,190400,190400,0,0
NRGD.US,D,20191223,000000,185950,185950,185950,185950,0,0
NRGD.US,D,20191224,000000,184700,184700,184700,184700,0,0
NRGD.US,D,20191226,000000,185165,185165,185165,185165,0,0
NRGD.US,D,20191227,000000,187330,187330,187330,187330,0,0
NRGD.US,D,20191230,000000,190070,190070,190070,190070,0,0
NRGD.US,D,20191231,000000,185350,185350,185350,185350,0,0
NRGD.US,D,20200102,000000,177540,177540,177540,177540,0,0
NRGD.US,D,20200103,000000,180020,180020,180020,180020,0,0
NRGD.US,D,20200106,000000,173505,173505,173505,173505,0,0
NRGD.US,D,20200107,000000,173340,173340,173340,173340,0,0
NRGD.US,D,20200108,000000,181385,181385,181385,181385,0,0
NRGD.US,D,20200109,000000,182150,182150,176550,176550,0.1,0
NRGD.US,D,20200110,000000,178130,178130,178130,178130,0,0
NRGD.US,D,20200113,000000,178740,178740,178740,178740,0,0
NRGD.US,D,20200114,000000,177010,177010,177010,177010,0,0
NRGD.US,D,20200115,000000,181580,181580,181580,181580,0,0
NRGD.US,D,20200116,000000,182225,182225,182225,182225,0,0
NRGD.US,D,20200117,000000,186030,186030,186030,186030,0,0
NRGD.US,D,20200121,000000,194715,194715,194715,194715,0,0
NRGD.US,D,20200122,000000,201390,201390,201390,201390,0,0
NRGD.US,D,20200123,000000,206515,206515,206515,206515,0,0
NRGD.US,D,20200124,000000,213525,213525,213525,213525,0,0
NRGD.US,D,20200127,000000,233870,233870,233870,233870,0,0
NRGD.US,D,20200128,000000,228535,228535,228535,228535,0,0
NRGD.US,D,20200129,000000,238975,238975,238975,238975,0,0
NRGD.US,D,20200130,000000,245400,245400,233340,233340,0,0
NRGD.US,D,20200131,000000,247350,257250,247350,255445,0.1,0
NRGD.US,D,20200203,000000,266350,269860,266350,269860,0.1,0
NRGD.US,D,20200204,000000,257365,264930,257365,264930,0,0
NRGD.US,D,20200205,000000,233130,233130,233130,233130,0,0
NRGD.US,D,20200206,000000,238325,241125,237800,241125,0.1,0
NRGD.US,D,20200207,000000,248345,248345,248345,248345,0,0
NRGD.US,D,20200210,000000,255150,256000,252995,252995,0.7,0
NRGD.US,D,20200211,000000,242170,242170,242170,242170,0,0
NRGD.US,D,20200212,000000,228230,228230,228230,228230,0,0
NRGD.US,D,20200213,000000,228945,228945,228945,228945,0,0
NRGD.US,D,20200214,000000,233320,233320,233320,233320,0,0
NRGD.US,D,20200218,000000,239345,239345,239345,239345,0,0
NRGD.US,D,20200219,000000,223835,223835,223835,223835,0,0
NRGD.US,D,20200220,000000,221000,221200,218890,218890,0.1,0
NRGD.US,D,20200221,000000,226670,226670,226670,226670,0,0
NRGD.US,D,20200224,000000,253550,259860,253450,259860,0.1,0
NRGD.US,D,20200225,000000,297720,297720,297720,297720,0,0
NRGD.US,D,20200226,000000,328405,328405,328405,328405,0,0
NRGD.US,D,20200227,000000,383450,383815,365050,383815,0.1,0
NRGD.US,D,20200228,000000,426300,426300,377560,377560,0.3,0
NRGD.US,D,20200302,000000,356350,396650,352500,352500,0.2,0
NRGD.US,D,20200303,000000,275255,382300,275255,375865,0.1,0
NRGD.US,D,20200304,000000,370000,379800,357550,357550,0.1,0
NRGD.US,D,20200305,000000,396750,407605,396750,407605,0,0
NRGD.US,D,20200306,000000,479675,479675,479675,479675,0,0
NRGD.US,D,20200309,000000,769200,810580,769100,810580,0.2,0
NRGD.US,D,20200310,000000,875950,875950,634355,634355,0.3,0
NRGD.US,D,20200311,000000,751200,808150,747500,793020,0.3,0
NRGD.US,D,20200312,000000,1033600,1126265,1033600,1126265,0.3,0
NRGD.US,D,20200313,000000,1109950,1109950,1087600,1087600,0.1,0
NRGD.US,D,20200317,000000,1131140,1131140,1131140,1131140,0,0
NRGD.US,D,20200318,000000,1336190,1523600,1336190,1448980,0.2,0
NRGD.US,D,20200319,000000,1338500,1385900,1186650,1242100,0.3,0
NRGD.US,D,20200320,000000,1091695,1091695,1091695,1091695,0.1,0
NRGD.US,D,20200323,000000,1347650,1347650,1331595,1331595,0.5,0
NRGD.US,D,20200324,000000,890900,932500,826675,826675,0.1,0
NRGD.US,D,20200325,000000,664950,739450,531600,608955,0.3,0
NRGD.US,D,20200326,000000,518950,535150,500350,502625,0.1,0
NRGD.US,D,20200327,000000,611300,611300,581250,592275,0.2,0
NRGD.US,D,20200330,000000,587705,587705,580825,580825,0.1,0
NRGD.US,D,20200331,000000,552680,552680,552680,552680,0,0
NRGD.US,D,20200401,000000,648000,656590,648000,656590,0,0
NRGD.US,D,20200402,000000,556650,571150,399800,476750,1.6,0
NRGD.US,D,20200403,000000,425050,502000,425000,497115,0.1,0
NRGD.US,D,20200406,000000,490500,490500,409075,409075,0.2,0
NRGD.US,D,20200407,000000,360000,391400,360000,390050,0.1,0
NRGD.US,D,20200408,000000,296340,296340,296340,296340,0,0
NRGD.US,D,20200409,000000,287450,335700,247150,306280,1.1,0
NRGD.US,D,20200413,000000,306865,316700,288550,304400,0.7,0
NRGD.US,D,20200414,000000,315200,323545,301640,317045,0.6,0
NRGD.US,D,20200415,000000,370550,401950,370300,378390,3.1,0
NRGD.US,D,20200416,000000,435600,440615,435600,440615,0.2,0
NRGD.US,D,20200417,000000,328300,328300,299300,305130,1.1,0
NRGD.US,D,20200420,000000,344050,350350,286400,309945,2.2,0
NRGD.US,D,20200421,000000,350000,350000,318340,320565,0.9,0
NRGD.US,D,20200422,000000,266320,290750,266320,274915,0.5,0
NRGD.US,D,20200423,000000,246450,262060,225050,247310,1.4,0
NRGD.US,D,20200424,000000,250250,261400,248615,248615,0.5,0
NRGD.US,D,20200427,000000,239015,239015,219850,223255,0.5,0
NRGD.US,D,20200428,000000,206250,208400,200725,200725,0.2,0
NRGD.US,D,20200429,000000,200000,200000,145780,145780,2.6,0
NRGD.US,D,20200430,000000,153350,160250,139305,149605,3,0
NRGD.US,D,20200501,000000,169250,182600,164530,182600,2.7,0
NRGD.US,D,20200504,000000,196250,196250,154975,156250,3.4,0
NRGD.US,D,20200505,000000,129000,157465,129000,154800,4.4,0
NRGD.US,D,20200506,000000,151040,171545,149875,171545,3.8,0
NRGD.US,D,20200507,000000,146470,159850,140500,155880,4.4,0
NRGD.US,D,20200508,000000,145000,145540,130600,131100,2.7,0
NRGD.US,D,20200511,000000,137650,139250,133500,137105,1.5,0
NRGD.US,D,20200512,000000,135850,146950,134550,146700,1.6,0
NRGD.US,D,20200513,000000,153250,170950,153250,168295,5.2,0
NRGD.US,D,20200514,000000,175500,191800,156800,165235,6,0
NRGD.US,D,20200515,000000,160200,164300,152500,163480,1.2,0
NRGD.US,D,20200518,000000,132500,132500,115000,115600,6.5,0
NRGD.US,D,20200519,000000,118350,125500,116810,125500,4.4,0
NRGD.US,D,20200520,000000,119800,119800,108500,110000,8.9,0
NRGD.US,D,20200521,000000,111330,117550,108800,115575,5.9,0
NRGD.US,D,20200522,000000,120000,124250,117150,117200,5.5,0
NRGD.US,D,20200526,000000,107200,109500,103050,109495,6.8,0
NRGD.US,D,20200527,000000,102200,113960,102200,105420,3.5,0
NRGD.US,D,20200528,000000,106550,115500,106550,114320,2.8,0
NRGD.US,D,20200529,000000,119350,123550,115425,119025,4,0
NRGD.US,D,20200601,000000,122000,122000,110750,110825,2.2,0
NRGD.US,D,20200602,000000,104400,104400,98550,98750,7.1,0
NRGD.US,D,20200603,000000,92400,94800,89000,89930,4.5,0
NRGD.US,D,20200604,000000,93150,96250,89075,90550,2.6,0
NRGD.US,D,20200605,000000,73800,73800,62750,63850,33,0
NRGD.US,D,20200608,000000,60000,60950,53600,54125,20.7,0
NRGD.US,D,20200609,000000,61450,64550,59400,60465,19.8,0
NRGD.US,D,20200610,000000,62650,70550,62650,70415,32,0
NRGD.US,D,20200611,000000,88950,92550,79500,92150,39.3,0
NRGD.US,D,20200612,000000,75000,90650,74800,82775,34.2,0
NRGD.US,D,20200615,000000,95000,97500,80900,82500,25.8,0
NRGD.US,D,20200616,000000,69250,81750,68200,74000,15.3,0
NRGD.US,D,20200617,000000,75125,82900,75125,82900,13.6,0
NRGD.US,D,20200618,000000,85700,86490,74650,77500,12.2,0
NRGD.US,D,20200619,000000,69550,79300,69550,79150,14,0
NRGD.US,D,20200622,000000,83000,84270,77850,78350,5.9,0
NRGD.US,D,20200623,000000,75450,78250,74450,77850,4.8,0
NRGD.US,D,20200624,000000,80800,93225,80800,92750,17.2,0
NRGD.US,D,20200625,000000,94150,96700,85600,86000,27.6,0
NRGD.US,D,20200626,000000,86800,96345,86800,95000,22.3,0
NRGD.US,D,20200629,000000,94500,95500,89550,91250,10.6,0
NRGD.US,D,20200630,000000,92100,95700,81800,83165,8.7,0
NRGD.US,D,20200701,000000,83000,90750,78800,90750,5.7,0
NRGD.US,D,20200702,000000,86700,88050,80900,87400,14.6,0
NRGD.US,D,20200706,000000,83150,90550,81900,87500,9.4,0
NRGD.US,D,20200707,000000,89300,97400,89300,96900,7.6,0
NRGD.US,D,20200708,000000,99750,99950,93450,97270,6.7,0
NRGD.US,D,20200709,000000,96900,113900,96900,113650,15.2,0
NRGD.US,D,20200710,000000,117500,117500,102125,102300,19.6,0
NRGD.US,D,20200713,000000,101400,107900,98250,104500,11.7,0
NRGD.US,D,20200714,000000,107000,107650,92800,93235,29.5,0
NRGD.US,D,20200715,000000,84500,91600,84500,86450,15.5,0
NRGD.US,D,20200716,000000,90500,91850,84005,87615,14.1,0
NRGD.US,D,20200717,000000,87250,92300,83070,91000,14.1,0
NRGD.US,D,20200720,000000,92700,95500,88380,95100,10.3,0
NRGD.US,D,20200721,000000,89650,89650,74250,76750,36.8,0
NRGD.US,D,20200722,000000,80250,83450,78400,78750,14.8,0
NRGD.US,D,20200723,000000,80750,82560,78100,80815,17.3,0
NRGD.US,D,20200724,000000,80600,81950,76775,81500,8.8,0
NRGD.US,D,20200727,000000,80600,84780,79800,82250,12.6,0
NRGD.US,D,20200728,000000,82125,87600,82125,87200,16.3,0
NRGD.US,D,20200729,000000,86000,86325,79450,79700,20.3,0
NRGD.US,D,20200730,000000,84750,93545,84750,90750,13.6,0
NRGD.US,D,20200731,000000,93750,95500,90600,90660,6.9,0
NRGD.US,D,20200803,000000,88850,93100,88850,91450,6.7,0
NRGD.US,D,20200804,000000,92000,93100,85500,88100,15.4,0
NRGD.US,D,20200805,000000,87950,87950,81370,83950,25.6,0
NRGD.US,D,20200806,000000,84550,87100,82500,85950,12.1,0
NRGD.US,D,20200807,000000,90200,92740,84850,84850,9.5,0
NRGD.US,D,20200810,000000,81500,83310,76600,76900,23.4,0
NRGD.US,D,20200811,000000,71000,80825,69800,79900,39.4,0
NRGD.US,D,20200812,000000,74550,78710,74550,76450,11.2,0
NRGD.US,D,20200813,000000,77800,81900,76750,81900,15.7,0
NRGD.US,D,20200814,000000,82550,83435,78350,78350,13.6,0
NRGD.US,D,20200817,000000,79750,82515,79600,81100,13,0
NRGD.US,D,20200818,000000,81650,85000,80000,84725,17.5,0
NRGD.US,D,20200819,000000,85990,88600,84100,88035,4.7,0
NRGD.US,D,20200820,000000,91550,93950,91050,93950,10.1,0
NRGD.US,D,20200821,000000,95435,97980,94000,96150,6.1,0
NRGD.US,D,20200824,000000,95130,95500,86175,88000,8.6,0
NRGD.US,D,20200825,000000,85000,91650,85000,89700,6.2,0
NRGD.US,D,20200826,000000,92000,96770,90850,96770,5.9,0
NRGD.US,D,20200827,000000,95200,99550,95200,95280,5.6,0
NRGD.US,D,20200828,000000,95950,95950,89325,89500,2.3,0
NRGD.US,D,20200831,000000,90000,97000,90000,97000,6.3,0
NRGD.US,D,20200901,000000,99950,101500,98400,99950,5.1,0
NRGD.US,D,20200902,000000,101210,103050,98150,101550,5.1,0
NRGD.US,D,20200903,000000,104150,105000,95850,103250,5.1,0
NRGD.US,D,20200904,000000,98150,107950,98150,104750,5.9,0
NRGD.US,D,20200908,000000,110600,121550,110600,119245,8.5,0
NRGD.US,D,20200909,000000,117000,119325,114300,117335,5.1,0
NRGD.US,D,20200910,000000,119850,136050,116900,135150,12.1,0
NRGD.US,D,20200911,000000,135150,137050,129400,132250,6.8,0
NRGD.US,D,20200914,000000,131600,131600,122100,126650,5.7,0
NRGD.US,D,20200915,000000,125000,130000,120400,128700,3.3,0
NRGD.US,D,20200916,000000,128025,128025,105250,112050,8,0
NRGD.US,D,20200917,000000,116200,119550,110000,110000,5.6,0
NRGD.US,D,20200918,000000,111900,117340,110800,113400,6.1,0
NRGD.US,D,20200921,000000,118850,131125,118850,126200,9.3,0
NRGD.US,D,20200922,000000,127600,131000,120830,129345,5.3,0
NRGD.US,D,20200923,000000,128900,150300,128650,150300,5.1,0
NRGD.US,D,20200924,000000,152600,159300,139750,147885,11.6,0
NRGD.US,D,20200925,000000,155250,155250,145625,147370,6.8,0
NRGD.US,D,20200928,000000,138600,140675,134000,139600,8.1,0
NRGD.US,D,20200929,000000,137150,155335,137150,149800,5.6,0
NRGD.US,D,20200930,000000,149900,153000,142850,149550,7.5,0
NRGD.US,D,20201001,000000,159400,170060,157250,165400,8.8,0
NRGD.US,D,20201002,000000,192650,192650,158350,162000,7.6,0
NRGD.US,D,20201005,000000,156000,157200,143500,143500,9.1,0
NRGD.US,D,20201006,000000,136000,152900,133400,151000,12,0
NRGD.US,D,20201007,000000,150100,153500,145750,145750,2.8,0
NRGD.US,D,20201008,000000,144475,144475,129450,129680,12.3,0
NRGD.US,D,20201009,000000,125650,136000,124950,135900,9.5,0
NRGD.US,D,20201012,000000,138250,141000,132775,132800,7.9,0
NRGD.US,D,20201013,000000,132100,140250,130705,139270,5.3,0
NRGD.US,D,20201014,000000,133400,139750,128400,139575,9.6,0
NRGD.US,D,20201015,000000,145100,152265,133950,133950,9.2,0
NRGD.US,D,20201016,000000,138750,145475,135750,145200,9.9,0
NRGD.US,D,20201019,000000,140200,157160,140200,157000,8.3,0
NRGD.US,D,20201020,000000,156925,160895,148910,150650,8.4,0
NRGD.US,D,20201021,000000,151900,164300,151900,164300,2.8,0
NRGD.US,D,20201022,000000,166555,169380,142950,144400,7.5,0
NRGD.US,D,20201023,000000,139350,147600,135550,141000,9,0
NRGD.US,D,20201026,000000,147950,164900,147950,161480,15.3,0
NRGD.US,D,20201027,000000,166400,167500,160950,166650,10,0
NRGD.US,D,20201028,000000,179350,193200,176600,190400,13.6,0
NRGD.US,D,20201029,000000,197150,204650,170050,170050,16.3,0
NRGD.US,D,20201030,000000,173550,182630,167400,169600,9.1,0
NRGD.US,D,20201102,000000,165500,170000,142155,147900,23.3,0
NRGD.US,D,20201103,000000,140000,156440,138700,151800,10.4,0
NRGD.US,D,20201104,000000,157960,162500,138750,148050,8.4,0
NRGD.US,D,20201105,000000,146500,148475,139450,147450,3.9,0
NRGD.US,D,20201106,000000,148725,160250,141600,158070,14.2,0
NRGD.US,D,20201109,000000,106050,106050,62560,73500,153.4,0
NRGD.US,D,20201110,000000,71900,74475,66300,66430,51.9,0
NRGD.US,D,20201111,000000,64500,70650,63600,68700,44.4,0
NRGD.US,D,20201112,000000,72500,79490,69750,78450,93.6,0
NRGD.US,D,20201113,000000,75300,75650,64600,64650,103.7,0
NRGD.US,D,20201116,000000,56750,59900,51000,51250,111.1,0
NRGD.US,D,20201117,000000,54900,56445,49550,49750,96.1,0
NRGD.US,D,20201118,000000,47950,54025,47050,54025,108.8,0
NRGD.US,D,20201119,000000,54950,57400,51005,51250,74.5,0
NRGD.US,D,20201120,000000,52550,53200,50860,52450,41.8,0
NRGD.US,D,20201123,000000,49400,49650,38150.5,38250,239.2,0
NRGD.US,D,20201124,000000,32650,35099,31350,32050,272.3,0
NRGD.US,D,20201125,000000,33100,34750,32450.5,34050,157.4,0
NRGD.US,D,20201127,000000,34650,36050,33550,35398.5,99.6,0
NRGD.US,D,20201130,000000,36000,42550,36000,42150,234.6,0
NRGD.US,D,20201201,000000,39000,42550,37800,42150,198.9,0
NRGD.US,D,20201202,000000,44450,44450,35600,38000,205.4,0
NRGD.US,D,20201203,000000,37700,38750,34300,36050,260.1,0
NRGD.US,D,20201204,000000,33750,33850,28250,28400,353.4,0
NRGD.US,D,20201207,000000,29450,31500,29150,30700,248.6,0
NRGD.US,D,20201208,000000,32000,32050,28200,29050,218.2,0
NRGD.US,D,20201209,000000,27950,30028.5,26200,28450,338.6,0
NRGD.US,D,20201210,000000,28100,28575,23900.5,24750,360.5,0
NRGD.US,D,20201211,000000,25600,27099.5,25400,26050,207.7,0
NRGD.US,D,20201214,000000,23750,29600,23750,29300,427.3,0
NRGD.US,D,20201215,000000,28000,30000,26880.5,27250,267.5,0
NRGD.US,D,20201216,000000,27000,28250,26550,27850,119.4,0
NRGD.US,D,20201217,000000,26900,28900,26900,28500,101.3,0
NRGD.US,D,20201218,000000,28950,30500,28050,30000,115.4,0
NRGD.US,D,20201221,000000,33850,34450,30800,31900,232.8,0
NRGD.US,D,20201222,000000,32000,33800,31600,33750,96,0
NRGD.US,D,20201223,000000,32700,32700,29050.5,30200,176.8,0
NRGD.US,D,20201224,000000,29250,31950,29250,30950,77.1,0
NRGD.US,D,20201228,000000,30450,31918.5,29100,31550,142.2,0
NRGD.US,D,20201229,000000,31050,32712,30575,32250,140,0
NRGD.US,D,20201230,000000,32350,32350,29375,29700,131.6,0
NRGD.US,D,20201231,000000,30100,30850,29800,30550,102.9,0
NRGD.US,D,20210104,000000,29650,31950,28850.5,31049.5,137.8,0
NRGD.US,D,20210105,000000,30100,30100,23450,25700,526.9,0
NRGD.US,D,20210106,000000,24400,25750,22950.5,23675,352,0
NRGD.US,D,20210107,000000,23100,23549.5,21300,21900,411.4,0
NRGD.US,D,20210108,000000,21050,22800.5,21050,22300,325,0
NRGD.US,D,20210111,000000,24150,24650,21350,21500,212.1,0
NRGD.US,D,20210112,000000,21050,21050,18600,18750,343.4,0
NRGD.US,D,20210113,000000,19050,20250,18900,19800,264.3,0
NRGD.US,D,20210114,000000,19350,19450,17200.5,17750,375.7,0
NRGD.US,D,20210115,000000,18650,20600,18600,20230,442.2,0
NRGD.US,D,20210119,000000,19050,19700,17950,18500,276.7,0
NRGD.US,D,20210120,000000,17800,18950,17650,18250,168.7,0
NRGD.US,D,20210121,000000,18750,20850,18500,20500,325.3,0
NRGD.US,D,20210122,000000,22050,22500,20424,20500,222.9,0
NRGD.US,D,20210125,000000,21150,22300,20750,21000,164.3,0
NRGD.US,D,20210126,000000,20350,22500,19389,22400,208,0
NRGD.US,D,20210127,000000,23600,24600,21100,23150,274,0
NRGD.US,D,20210128,000000,22500,23850,21700,22600,159.7,0
NRGD.US,D,20210129,000000,23500,25300,22400,25100,285.4,0
NRGD.US,D,20210201,000000,23600,26000,23600,24599.5,168.6,0
NRGD.US,D,20210202,000000,22750,23650,21750,23650,129.3,0
NRGD.US,D,20210203,000000,23350,23409,19869,20050,270.4,0
NRGD.US,D,20210204,000000,19600,20800,19323,19550,190.2,0
NRGD.US,D,20210205,000000,18500,19250,18250,19000,186.8,0
NRGD.US,D,20210208,000000,18200,18200,15765,16100,487.1,0
NRGD.US,D,20210209,000000,16700,17300,16350,16750,316.8,0
NRGD.US,D,20210210,000000,16450,16749.5,15400,15600,388,0
NRGD.US,D,20210211,000000,15850,17300,15750,16100,325.6,0
NRGD.US,D,20210212,000000,16700,16700,15450,15450,265.6,0
NRGD.US,D,20210216,000000,14300,14500,13475,14000,311.7,0
NRGD.US,D,20210217,000000,13850,14399.5,13250,13450,323.2,0
NRGD.US,D,20210218,000000,14000,14550,13600,14350,390.5,0
NRGD.US,D,20210219,000000,14350,14350,13150,13250,352.6,0
NRGD.US,D,20210222,000000,13250,13250,11200,11500,437.8,0
NRGD.US,D,20210223,000000,11700,12850,11000,11150,375.1,0
NRGD.US,D,20210224,000000,10900,11200,9650,9900,831.2,0
NRGD.US,D,20210225,000000,9800,10677,9679,10400,779.8,0
NRGD.US,D,20210226,000000,11000,12344.5,10750,10750,845.4,0
NRGD.US,D,20210301,000000,10400,10875,10150,10650,265,0
NRGD.US,D,20210302,000000,10450,10850,10250,10800,244.2,0
NRGD.US,D,20210303,000000,10600,10600,9305,9800,572,0
NRGD.US,D,20210304,000000,10000,10100,8750,9250,733.1,0
NRGD.US,D,20210305,000000,8450,9150,8100,8225,753.6,0
NRGD.US,D,20210308,000000,8050,8550,7800,8250,763,0
NRGD.US,D,20210309,000000,8450,9000,7950,8850,555.4,0
NRGD.US,D,20210310,000000,8750,8975,8100,8150,590.2,0
NRGD.US,D,20210311,000000,8000,8149.5,7500,7900,434.6,0
NRGD.US,D,20210312,000000,7900,8050,7700,7850,326,0
NRGD.US,D,20210315,000000,7950,8575,7950,8250,385.1,0
NRGD.US,D,20210316,000000,8600,9100,8600,8900,321.3,0
NRGD.US,D,20210317,000000,9300,9300,8500,8600,653.6,0
NRGD.US,D,20210318,000000,8900,10050,8750,10050,816.7,0
NRGD.US,D,20210319,000000,9850,10345,9200,9600,477.2,0
NRGD.US,D,20210322,000000,9800,10150,9650,10100,200.7,0
NRGD.US,D,20210323,000000,10750,11000,9850,10500,488.6,0
NRGD.US,D,20210324,000000,9950,9950,9250,9650,385.8,0
NRGD.US,D,20210325,000000,10250,10700,9500,9650,461.1,0
NRGD.US,D,20210326,000000,9050,9400,8800,8850,395.7,0
NRGD.US,D,20210329,000000,8945,9640,8945,9270,484.1,0
NRGD.US,D,20210330,000000,9785,9785,9115,9395,331.4,0
NRGD.US,D,20210331,000000,9400,9675,9310,9610,170.3,0
NRGD.US,D,20210401,000000,9350,9571.8,8695.2,8695.2,390.1,0
NRGD.US,D,20210405,000000,8855,9812.5,8855,9637.5,503.3,0
NRGD.US,D,20210406,000000,9480,9750,8995,9675,138.9,0
NRGD.US,D,20210407,000000,9661.6,9750,9425,9530,96.1,0
NRGD.US,D,20210408,000000,9745,10289.9,9745,9930,198.2,0
NRGD.US,D,20210409,000000,10035,10250,9635,10125,158.2,0
NRGD.US,D,20210412,000000,9900,10550,9677.5,10490,148.3,0
NRGD.US,D,20210413,000000,10530,10770,10335,10545,118.5,0
NRGD.US,D,20210414,000000,10150,10150,9052.4,9425,346.9,0
NRGD.US,D,20210415,000000,9395,9915,9395,9755,199.7,0
NRGD.US,D,20210416,000000,9580,10140,9460,10085,107.2,0
NRGD.US,D,20210419,000000,10000,10455,9707.5,10210,158.1,0
NRGD.US,D,20210420,000000,10365,11450,10365,11090,295.6,0
NRGD.US,D,20210421,000000,11630,11670,10425,10480,254.9,0
NRGD.US,D,20210422,000000,10395,11065,10395,10925,212.3,0
NRGD.US,D,20210423,000000,10945,11050,10445,10588.6,88.2,0
NRGD.US,D,20210426,000000,10665,10679.2,10150,10370,137.1,0
NRGD.US,D,20210427,000000,10150,10240,9675,9820,373.9,0
NRGD.US,D,20210428,000000,9612.5,9612.5,8515,8630,638.9,0
NRGD.US,D,20210429,000000,8290,8690,8010,8430,454.1,0
NRGD.US,D,20210430,000000,8740,9050,8320,9000,410.9,0
NRGD.US,D,20210503,000000,8745,8745,8080,8130,373.9,0
NRGD.US,D,20210504,000000,8130,8505,7941.8,8145,301.6,0
NRGD.US,D,20210505,000000,7845,7845,7255,7305,407.3,0
NRGD.US,D,20210506,000000,7380,7805,7262.5,7265,516.4,0
NRGD.US,D,20210507,000000,7540,7560,6775,6800,808.2,0
NRGD.US,D,20210510,000000,6600,6870,6265,6870,915,0
NRGD.US,D,20210511,000000,7495,7760,7185,7530,1541,0
NRGD.US,D,20210512,000000,7350,7515,6700,7400,879.3,0
NRGD.US,D,20210513,000000,7625,8090,7260,7810,787.7,0
NRGD.US,D,20210514,000000,7405,7405,6800,6926.9,786.8,0
NRGD.US,D,20210517,000000,6935,7015,6415,6435,445.9,0
NRGD.US,D,20210518,000000,6440,6850,6325,6810,610.7,0
NRGD.US,D,20210519,000000,7270,7625,7065.1,7320,831,0
NRGD.US,D,20210520,000000,7290,7685,7290,7405,419.2,0
NRGD.US,D,20210521,000000,7140,7415,6990,7415,376.7,0
NRGD.US,D,20210524,000000,7190,7350.2,7085,7115,278,0
NRGD.US,D,20210525,000000,7135,7560,7100,7540,637.4,0
NRGD.US,D,20210526,000000,7565,7580.6,7170,7273.8,293.3,0
NRGD.US,D,20210527,000000,7200,7201.8,6972.5,7025,194.5,0
NRGD.US,D,20210528,000000,6930,7120,6905,7050,121.4,0
NRGD.US,D,20210601,000000,6660,6660,6130,6165,1121.7,0
NRGD.US,D,20210602,000000,6075,6290,5725,5835,1251.3,0
NRGD.US,D,20210603,000000,5900,5995,5632.5,5790,748.1,0
NRGD.US,D,20210604,000000,5590,5907,5580,5670,638.2,0
NRGD.US,D,20210607,000000,5630,5705,5520,5695,422.7,0
NRGD.US,D,20210608,000000,5750,5990,5515,5570,853.1,0
NRGD.US,D,20210609,000000,5555,5750,5447.9,5750,582.4,0
NRGD.US,D,20210610,000000,5565,5955,5420,5765,806,0
NRGD.US,D,20210611,000000,5650,5855,5605,5850,608,0
NRGD.US,D,20210614,000000,5770,5985,5610,5870,402.2,0
NRGD.US,D,20210615,000000,5750,5785,5480,5555,547.3,0
NRGD.US,D,20210616,000000,5575,5840,5460.7,5605,763.7,0
NRGD.US,D,20210617,000000,5710,6475,5525,6265,1072.2,0
NRGD.US,D,20210618,000000,6545,6750,6360,6715,739.8,0
NRGD.US,D,20210621,000000,6540,6545.7,5740,5775,1203.3,0
NRGD.US,D,20210622,000000,5795,6015,5587.4,5660,502.6,0
NRGD.US,D,20210623,000000,5510,5570,5235,5560,934.8,0
NRGD.US,D,20210624,000000,5530,5660,5395,5415,403.1,0
NRGD.US,D,20210625,000000,5380,5465,5260,5265,430.1,0
NRGD.US,D,20210628,000000,5350,5935,5350,5890,875.3,0
NRGD.US,D,20210629,000000,5730,5995,5645,5985,334.2,0
NRGD.US,D,20210630,000000,5830,5885,5664.7,5760,530.2,0
NRGD.US,D,20210701,000000,5345,5520,5250,5400,1167.1,0
NRGD.US,D,20210702,000000,5400,5580,5350,5425,965.6,0
NRGD.US,D,20210706,000000,5440,6030,5440,6010,902.4,0
NRGD.US,D,20210707,000000,6005,6589.2,5910,6420,920,0
NRGD.US,D,20210708,000000,6780,6855,6375,6580,851.2,0
NRGD.US,D,20210709,000000,6270,6560,6150,6180,241.3,0
NRGD.US,D,20210712,000000,6385,6540,6065.2,6220,347.5,0
NRGD.US,D,20210713,000000,6270,6470,6175,6345,174,0
NRGD.US,D,20210714,000000,6290,7120,6062,7040,556.1,0
NRGD.US,D,20210715,000000,7345,7510,7050,7445,396.7,0
NRGD.US,D,20210716,000000,7215,8170,7185,8124.8,996.6,0
NRGD.US,D,20210719,000000,8980,9400,8745,9055,1714.8,0
NRGD.US,D,20210720,000000,8970,9295,8381,8710,845.6,0
NRGD.US,D,20210721,000000,8175,8180,7420,7625,1105.1,0
NRGD.US,D,20210722,000000,7600,8120,7600,7890,731.8,0
NRGD.US,D,20210723,000000,7755,8305,7755,8055,469,0
NRGD.US,D,20210726,000000,7995,8085,7380,7520,569.6,0
NRGD.US,D,20210727,000000,7615,8012.5,7615,7750,746.8,0
NRGD.US,D,20210728,000000,7645,7861.8,7195,7370,414,0
NRGD.US,D,20210729,000000,7060,7315,7005,7225,692.7,0
NRGD.US,D,20210730,000000,7305,7700,7295,7560,442,0
NRGD.US,D,20210802,000000,7560,7840,6970,7805,1340.3,0
NRGD.US,D,20210803,000000,7975,8045,7130,7130,1673,0
NRGD.US,D,20210804,000000,7540,7895,7355,7885,957.8,0
NRGD.US,D,20210805,000000,7595,7761.2,7175,7470,735,0
NRGD.US,D,20210806,000000,7225,7430,7065,7325,611,0
NRGD.US,D,20210809,000000,7740,7800,7485,7700,714.8,0
NRGD.US,D,20210810,000000,7475,7560,7255,7285,466.6,0
NRGD.US,D,20210811,000000,7410,7510,7085,7114.8,461.8,0
NRGD.US,D,20210812,000000,7195,7317.5,7010,7105,253.9,0
NRGD.US,D,20210813,000000,7165,7480,7120,7450,492.7,0
NRGD.US,D,20210816,000000,7750,8115,7750,8025,774.4,0
NRGD.US,D,20210817,000000,8255,8460.2,7880,8265,363.4,0
NRGD.US,D,20210818,000000,8225,8820,8025,8790.1,555.1,0
NRGD.US,D,20210819,000000,9280,9902.2,9065,9540,1250.7,0
NRGD.US,D,20210820,000000,9850,9895,9255,9465,1986.4,0
NRGD.US,D,20210823,000000,8645,8645,8195,8250,2145,0
NRGD.US,D,20210824,000000,8000,8095,7636.4,7745,1142.4,0
NRGD.US,D,20210825,000000,7735,7939.9,7355,7485,839.8,0
NRGD.US,D,20210826,000000,7640,7930,7515,7905,817.2,0
NRGD.US,D,20210827,000000,7530,7530,6949.2,7140,1154.3,0
NRGD.US,D,20210830,000000,7015,7420,6950,7410,617.2,0
NRGD.US,D,20210831,000000,7445,7650,7245,7475,437.4,0
NRGD.US,D,20210901,000000,7510,8000,7382.5,7915,937.4,0
NRGD.US,D,20210902,000000,7660,7660,7000,7240,1038.4,0
NRGD.US,D,20210903,000000,7275,7535,7115,7410,610.9,0
NRGD.US,D,20210907,000000,7575,7615,7165,7475,564.1,0
NRGD.US,D,20210908,000000,7345,7905,7245,7905,701.2,0
NRGD.US,D,20210909,000000,8000,8165,7415,7810,574.6,0
NRGD.US,D,20210910,000000,7415,7900,7400,7840,632,0
NRGD.US,D,20210913,000000,7510,7515,6950,7000,2148.6,0
NRGD.US,D,20210914,000000,6775,7460,6740,7380,2283.5,0
NRGD.US,D,20210915,000000,7005,7005,6460,6470,1890.9,0
NRGD.US,D,20210916,000000,6520,6775,6470,6650,1017.8,0
NRGD.US,D,20210917,000000,6735,6835,6470,6755,963.2,0
NRGD.US,D,20210920,000000,7295,7810,7190,7510,1959.4,0
NRGD.US,D,20210921,000000,7210,7665,7083.1,7360,1152.6,0
NRGD.US,D,20210922,000000,7020,7020,6300,6565,2818,0
NRGD.US,D,20210923,000000,6430,6560,5830,5885,2502.4,0
NRGD.US,D,20210924,000000,6030,6030,5612.5,5725,1165.5,0
NRGD.US,D,20210927,000000,5315,5330,4990,5020,2148,0
NRGD.US,D,20210928,000000,4895,5060,4719.2,4995,2270.8,0
NRGD.US,D,20210929,000000,5055,5230,4930,5010,1308.2,0
NRGD.US,D,20210930,000000,5090,5255,4940,5165,4627.8,0
NRGD.US,D,20211001,000000,5045,5045,4580,4590,2377.8,0
NRGD.US,D,20211004,000000,4415,4475,4175,4320,2194.3,0
NRGD.US,D,20211005,000000,4095,4350,3950,4170,2798.9,0
NRGD.US,D,20211006,000000,4395,4513.5,4210,4250,1799.6,0
NRGD.US,D,20211007,000000,4250,4290,4090,4170,1707.9,0
NRGD.US,D,20211008,000000,4045,4045,3625,3665,5029.3,0
NRGD.US,D,20211011,000000,3500,3740,3455,3715,4025.3,0
NRGD.US,D,20211012,000000,3710,3790,3585,3725,2414.8,0
NRGD.US,D,20211013,000000,3835,3970,3705,3770,2083.3,0
NRGD.US,D,20211014,000000,3615,3789.8,3575,3695,1140.5,0
NRGD.US,D,20211015,000000,3550,3715,3524.9,3700,1219,0
NRGD.US,D,20211018,000000,3600,3765,3507.5,3705,2925.8,0
NRGD.US,D,20211019,000000,3650,3710,3512.5,3560,2947.4,0
NRGD.US,D,20211020,000000,3650,3680,3445,3450,6392.2,0
NRGD.US,D,20211021,000000,3500,3675,3440,3590,8519,0
NRGD.US,D,20211022,000000,3505,3660,3450,3475,4782.9,0
NRGD.US,D,20211025,000000,3335,3385,3225,3310,7646.1,0
NRGD.US,D,20211026,000000,3280,3355,3235,3300,1995.9,0
NRGD.US,D,20211027,000000,3410,3655,3360,3640,4531,0
NRGD.US,D,20211028,000000,3695,3710,3560,3600,2167.3,0
NRGD.US,D,20211029,000000,3575,3750,3535,3685,1502.8,0
NRGD.US,D,20211101,000000,3580,3605,3465,3505,3618.5,0
NRGD.US,D,20211102,000000,3560,3670,3469.4,3665,1551.9,0
NRGD.US,D,20211103,000000,3780,3860,3635,3735,1555.1,0
NRGD.US,D,20211104,000000,3540,3860,3520,3765,1757.2,0
NRGD.US,D,20211105,000000,3600,3725,3534.4,3575,1973.9,0
NRGD.US,D,20211108,000000,3495,3510,3335,3450,2988.8,0
NRGD.US,D,20211109,000000,3465,3590,3405,3415,1917.3,0
NRGD.US,D,20211110,000000,3485,3765,3435,3720,2159.5,0
NRGD.US,D,20211111,000000,3655,3695,3575,3680,843.3,0
NRGD.US,D,20211112,000000,3750,3785,3664.2,3710,881.2,0
NRGD.US,D,20211115,000000,3735,3825,3565,3640,1982.5,0
NRGD.US,D,20211116,000000,3625,3730,3570,3690,1124.4,0
NRGD.US,D,20211117,000000,3755,3945,3638.3,3910,1761.1,0
NRGD.US,D,20211118,000000,3900,4110,3810,3965,1707.7,0
NRGD.US,D,20211119,000000,4225,4490,4190,4455,3388.2,0
NRGD.US,D,20211122,000000,4460,4460,3935,4110,3038.5,0
NRGD.US,D,20211123,000000,3945,3980,3635,3685,2953.4,0
NRGD.US,D,20211124,000000,3750,3770,3527.5,3600,1509.1,0
NRGD.US,D,20211126,000000,4140,4450,4115,4150,3591.5,0
NRGD.US,D,20211129,000000,3825,4130,3680,4080,3195,0
NRGD.US,D,20211130,000000,4335,4395,4085,4315,2477.9,0
NRGD.US,D,20211201,000000,4005,4460,3825,4460,2633.1,0
NRGD.US,D,20211202,000000,4500,4630,3950,4000,2921.1,0
NRGD.US,D,20211203,000000,3830,4250,3765,4135,2728.2,0
NRGD.US,D,20211206,000000,3975,4115.5,3781.1,3945,1963.9,0
NRGD.US,D,20211207,000000,3735,3740,3445,3640,2594.5,0
NRGD.US,D,20211208,000000,3580,3695,3515,3680,1171.7,0
NRGD.US,D,20211209,000000,3725,3845,3700,3785,1573.3,0
NRGD.US,D,20211210,000000,3645,3915,3635,3680,961.5,0
NRGD.US,D,20211213,000000,3785,4090,3770,4035,872.4,0
NRGD.US,D,20211214,000000,4125,4150,3870,4005,1156.1,0
NRGD.US,D,20211215,000000,4080,4415,4035,4110,1590.4,0
NRGD.US,D,20211216,000000,3995,4045,3735,4015,2228.3,0
NRGD.US,D,20211217,000000,4145,4365,4045,4245,1525.5,0
NRGD.US,D,20211220,000000,4550,4770,4402.5,4430,2266.1,0
NRGD.US,D,20211221,000000,4195,4245,3932.5,3940,1864.9,0
NRGD.US,D,20211222,000000,3955,4080,3790,3905,1328.7,0
NRGD.US,D,20211223,000000,3825,3900,3701.9,3900,915.7,0
NRGD.US,D,20211227,000000,3945,4055,3614.5,3625,1501.4,0
NRGD.US,D,20211228,000000,3575,3670,3490,3610,1435.5,0
NRGD.US,D,20211229,000000,3640,3720,3555,3675,928.7,0
NRGD.US,D,20211230,000000,3655,3760,3565,3755,689.3,0
NRGD.US,D,20211231,000000,3775,3800,3645,3705,1106.4,0
NRGD.US,D,20220103,000000,3700,3715,3335,3350,2636.8,0
NRGD.US,D,20220104,000000,3245,3245,2910,2955,6042.8,0
NRGD.US,D,20220105,000000,2880,3015,2785,3010,3479.1,0
NRGD.US,D,20220106,000000,2790,2890,2705,2765,3766.1,0
NRGD.US,D,20220107,000000,2725,2765,2615,2630,2548.7,0
NRGD.US,D,20220110,000000,2640,2760,2595,2655,3668.8,0
NRGD.US,D,20220111,000000,2560,2630,2325,2345,4953.4,0
NRGD.US,D,20220112,000000,2320,2375,2265,2315,4309.4,0
NRGD.US,D,20220113,000000,2325,2365,2250,2340,5491.6,0
NRGD.US,D,20220114,000000,2335,2335,2145,2150,5649.1,0
NRGD.US,D,20220118,000000,2065,2225,2032.5,2115,7080.4,0
NRGD.US,D,20220119,000000,2055,2220,2045,2150,3253.6,0
NRGD.US,D,20220120,000000,2215,2280,2062.5,2260,5172,0
NRGD.US,D,20220121,000000,2330,2515,2330,2445,9946.4,0
NRGD.US,D,20220124,000000,2620,2780,2380,2420,11164.7,0
NRGD.US,D,20220125,000000,2435,2582.5,2097.5,2120,6618.7,0
NRGD.US,D,20220126,000000,2040,2225,2005.1,2160,7961.5,0
NRGD.US,D,20220127,000000,2050,2195,1960,2070,12219.6,0
NRGD.US,D,20220128,000000,2070,2210,1995,2090,6724,0
NRGD.US,D,20220131,000000,2100,2205,2000,2050,4634.8,0
NRGD.US,D,20220201,000000,2085,2105,1820,1830,12608.7,0
NRGD.US,D,20220202,000000,1825,1920,1775,1795,6135.1,0
NRGD.US,D,20220203,000000,1820,1900,1791.8,1840,7367.6,0
NRGD.US,D,20220204,000000,1775,1775,1630,1745,8994.9,0
NRGD.US,D,20220207,000000,1760,1805,1625,1675,8891.4,0
NRGD.US,D,20220208,000000,1700,1815,1680,1775,10218.1,0
NRGD.US,D,20220209,000000,1760,1770,1675,1730,7252.3,0
NRGD.US,D,20220210,000000,1765,1775,1640,1735,9250.5,0
NRGD.US,D,20220211,000000,1695,1727.5,1560,1570,11999.4,0
NRGD.US,D,20220214,000000,1600,1735,1600,1685,12263,0
NRGD.US,D,20220215,000000,1820,1867.5,1750,1775,11287.5,0
NRGD.US,D,20220216,000000,1725,1792.5,1640,1765,5523.1,0
NRGD.US,D,20220217,000000,1755,1805,1705,1755,6847.9,0
NRGD.US,D,20220218,000000,1820,1825,1727.5,1770,4186.9,0
NRGD.US,D,20220222,000000,1635,1945,1617.5,1865,9343.2,0
NRGD.US,D,20220223,000000,1830,1875,1767,1835,3201.9,0
NRGD.US,D,20220224,000000,1700,2005,1700,1855,8589.3,0
NRGD.US,D,20220225,000000,1860,1870,1736,1760,5460.3,0
NRGD.US,D,20220228,000000,1775,1800,1580,1595,7869.7,0
NRGD.US,D,20220301,000000,1520,1590.6,1465,1540,9468.7,0
NRGD.US,D,20220302,000000,1465,1520,1405,1450,13324.1,0
NRGD.US,D,20220303,000000,1495,1510,1415,1465,12190.2,0
NRGD.US,D,20220304,000000,1450,1465,1315,1320,10318.5,0
NRGD.US,D,20220307,000000,1260,1415,1230,1330,13915,0
NRGD.US,D,20220308,000000,1255,1410.9,1150,1280,25870,0
NRGD.US,D,20220309,000000,1430,1485,1290,1360,15710.8,0
NRGD.US,D,20220310,000000,1320,1365,1235,1250,9350.2,0
NRGD.US,D,20220311,000000,1295,1304.9,1225,1280,7645.1,0
NRGD.US,D,20220314,000000,1335,1430,1315,1360,8612,0
NRGD.US,D,20220315,000000,1500,1560,1445,1480,11766.8,0
NRGD.US,D,20220316,000000,1450,1520,1425,1490,5855.9,0
NRGD.US,D,20220317,000000,1390,1405.1,1295,1320,8188,0
NRGD.US,D,20220318,000000,1320,1345,1295,1320,4327.8,0
NRGD.US,D,20220321,000000,1245,1245,1130.9,1150,17659.5,0
NRGD.US,D,20220322,000000,1150,1220,1140,1175,8216.1,0
NRGD.US,D,20220323,000000,1105,1125,1075,1120,9196.1,0
NRGD.US,D,20220324,000000,1120,1150,1100,1135,5655.1,0
NRGD.US,D,20220325,000000,1155,1155,1050,1070,10344.1,0
NRGD.US,D,20220328,000000,1125,1155,1112.5,1135,10594.7,0
NRGD.US,D,20220329,000000,1200,1245,1132.5,1150,10431.8,0
NRGD.US,D,20220330,000000,1105,1105,1050,1090,6922.7,0
NRGD.US,D,20220331,000000,1110,1110,1030,1110,13914.5,0
NRGD.US,D,20220401,000000,1115,1120,1060,1095,8723.8,0
NRGD.US,D,20220404,000000,1055,1120,1055,1085,5202.9,0
NRGD.US,D,20220405,000000,1075,1142.5,1030,1140,7115.1,0
NRGD.US,D,20220406,000000,1105,1147.5,1072.5,1120,5366.3,0
NRGD.US,D,20220407,000000,1105,1185,1075,1085,4565,0
NRGD.US,D,20220408,000000,1080,1080,985,1000,14063.2,0
NRGD.US,D,20220411,000000,1019.5,1100.3,1019.5,1098.6,69681.2,0
NRGD.US,D,20220412,000000,1035,1046.4,975.4,1043.4,71787,0
NRGD.US,D,20220413,000000,1000,1055.9,985.4,996.2,60531.7,0
NRGD.US,D,20220414,000000,1014.4,1014.4,971.2,998.5,6764.6,0
NRGD.US,D,20220418,000000,970,985,915.4,927.3,7876.7,0
NRGD.US,D,20220419,000000,951.309,963.4,910,951,9207.7,0
NRGD.US,D,20220420,000000,932.1,950.1,915.1,921.6,9032.9,0
NRGD.US,D,20220421,000000,918.9,1030,890,1022.6,14085.3,0
NRGD.US,D,20220422,000000,1059.9,1111.4,1000,1111.4,8760.8,0
NRGD.US,D,20220425,000000,1214.9,1339.6,1194.4,1212.5,16035.5,0
NRGD.US,D,20220426,000000,1186.9,1209.1,1099.4,1198.7,9771.5,0
NRGD.US,D,20220427,000000,1165.9,1242.76,1094,1125,5086.5,0
NRGD.US,D,20220428,000000,1096.6,1168,977.4,1000,6152.6,0
NRGD.US,D,20220429,000000,990.5,1080,977,1074.42,5522.4,0
NRGD.US,D,20220502,000000,1106.8,1106.8,1000.7,1000.7,5473.9,0
NRGD.US,D,20220503,000000,1009.8,1009.8,892.5,897.6,16258.1,0
NRGD.US,D,20220504,000000,849.7,880,771.817,777.1,17473.7,0
NRGD.US,D,20220505,000000,761,852.1,750.1,798.988,12802.9,0
NRGD.US,D,20220506,000000,771.5,811.3,715.3,716.05,9468.5,0
NRGD.US,D,20220509,000000,769.1,904.4,767.546,901.1,18678.8,0
NRGD.US,D,20220510,000000,847,921.3,785.057,855.7,16727.2,0
NRGD.US,D,20220511,000000,812.4,835,746.4,831.5,9181.2,0
NRGD.US,D,20220512,000000,844,901.502,817.1,828.6,8591.1,0
NRGD.US,D,20220513,000000,776.1,782.5,715.6,727,14704.1,0
NRGD.US,D,20220516,000000,709.9,724.2,645.85,667.6,31450.8,0
NRGD.US,D,20220517,000000,630.7,663.6,630.7,644.9,14306.4,0
NRGD.US,D,20220518,000000,628.3,720.7,628.3,695.22,21729.3,0
NRGD.US,D,20220519,000000,744.9,749.2,667.9,706.55,18767.9,0
NRGD.US,D,20220520,000000,690.6,748.1,659.9,706.986,13473.4,0
NRGD.US,D,20220523,000000,680,696.7,648.98,654.7,11330.5,0
NRGD.US,D,20220524,000000,684,697.1,642.6,651.7,15638.7,0
NRGD.US,D,20220525,000000,645.2,645.2,605,606.7,17925.1,0
NRGD.US,D,20220526,000000,595,597.699,575,590.5,15792.9,0
NRGD.US,D,20220527,000000,587.6,595.2,547.9,548.9,21314.2,0
NRGD.US,D,20220531,000000,520.3,573.6,503.5,564.4,25083.3,0
NRGD.US,D,20220601,000000,543.2,564.6,524.1,536.3,18490.7,0
NRGD.US,D,20220602,000000,555,560.1,529.415,543,22503.6,0
NRGD.US,D,20220603,000000,547.1,547.1,513.7,516.8,22268.9,0
NRGD.US,D,20220606,000000,510,525.256,501.749,511.3,14131.4,0
NRGD.US,D,20220607,000000,519.9,519.9,462.8,463,24943.3,0
NRGD.US,D,20220608,000000,461.1,473.7,449.8,468.2,18790.7,0
NRGD.US,D,20220609,000000,478.4,496.399,466.4,494.2,17966,0
NRGD.US,D,20220610,000000,506.9,540.7,489.84,521.45,29933.7,0
NRGD.US,D,20220613,000000,567.8,637,567.8,607.9,51311.6,0
NRGD.US,D,20220614,000000,564.6,611.8,525.5,582.7,32066,0
NRGD.US,D,20220615,000000,595.1,660,585,630.2,31332.8,0
NRGD.US,D,20220616,000000,685.2,762,668.1,747.9,39572.4,0
NRGD.US,D,20220617,000000,765.7,910.399,747.1,880.9,75763.5,0
NRGD.US,D,20220621,000000,807.001,807.001,732.8,750.6,40586.6,0
NRGD.US,D,20220622,000000,859.8,871.6,801.2,845.3,37696.3,0
NRGD.US,D,20220623,000000,813.9,980.1,803.3,947.5,48171.7,0
NRGD.US,D,20220624,000000,896.7,943.8,840.856,920,36639,0
NRGD.US,D,20220627,000000,877.9,879.6,797.9,819.2,39860.7,0
NRGD.US,D,20220628,000000,751.4,792.8,702.5,749.2,39066.6,0
NRGD.US,D,20220629,000000,720,853.8,707.1,848,44278.2,0
NRGD.US,D,20220630,000000,900.7,931.706,834.6,893.4,54509.7,0
NRGD.US,D,20220701,000000,863.5,951,844.6,859.7,33610,0
NRGD.US,D,20220705,000000,912.5,1022.2,897.9,962.8,51416.4,0
NRGD.US,D,20220706,000000,1005.6,1108.1,949,1008.1,42795.6,0
NRGD.US,D,20220707,000000,926.9,929.2,873.681,897.6,38857,0
NRGD.US,D,20220708,000000,860.9,941.1,852.55,895.5,25826.7,0
NRGD.US,D,20220711,000000,936.5,965.725,901.35,919.8,27178.1,0
NRGD.US,D,20220712,000000,990,1037.3,964.2,983.4,28405,0
NRGD.US,D,20220713,000000,1026,1026,924.6,993.8,28753,0
NRGD.US,D,20220714,000000,1079.5,1140,1048,1050.65,32154.3,0
NRGD.US,D,20220715,000000,996.8,1036.62,967.3,977.1,21015.2,0
NRGD.US,D,20220718,000000,903.6,928.4,860,916.7,26631.8,0
NRGD.US,D,20220719,000000,918,924.5,815.899,827,38453.6,0
NRGD.US,D,20220720,000000,851.6,858.7,778,790,29410,0
NRGD.US,D,20220721,000000,848.3,910.541,840.4,844.1,37803,0
NRGD.US,D,20220722,000000,843.7,885.008,810,862.7,19998.2,0
NRGD.US,D,20220725,000000,835.5,862.7,758.061,761,26239.9,0
NRGD.US,D,20220726,000000,725,810.78,718.8,792.2,31294,0
NRGD.US,D,20220727,000000,768.1,795.1,712.3,728.6,19180.3,0
NRGD.US,D,20220728,000000,700,755.9,680.5,718,28881.3,0
NRGD.US,D,20220729,000000,680.763,689.6,634.2,639.7,42767.3,0
NRGD.US,D,20220801,000000,672.7,705.4,663.1,675.5,39971.3,0
NRGD.US,D,20220802,000000,675.3,696.7,652.5,675,16231.6,0
NRGD.US,D,20220803,000000,668,756.7,658.5,747.3,36656.7,0
NRGD.US,D,20220804,000000,760,830,752.5,821.4,62192.4,0
NRGD.US,D,20220805,000000,858.4,858.4,743.4,762.6,39736.9,0
NRGD.US,D,20220808,000000,768.6,770,728,753.4,28504.3,0
NRGD.US,D,20220809,000000,715,719,672.8,701.2,36071.2,0
NRGD.US,D,20220810,000000,699,740.9,670.6,684.8,37806.4,0
NRGD.US,D,20220811,000000,646.1,651.199,592.2,606.9,51831.7,0
NRGD.US,D,20220812,000000,619.7,623.7,585,585.8,32494.5,0
NRGD.US,D,20220815,000000,649.2,666.4,610,618.7,44525.1,0
NRGD.US,D,20220816,000000,610,640.48,590,620.1,43284.4,0
NRGD.US,D,20220817,000000,621.7,630.05,574.913,596.4,32603.1,0
NRGD.US,D,20220818,000000,578.8,578.8,544.418,547.4,45081.1,0
NRGD.US,D,20220819,000000,557.6,560,527.3,533.5,49959.5,0
NRGD.US,D,20220822,000000,549,579.2,527.5,538.2,51118,0
NRGD.US,D,20220823,000000,512.2,512.2,465.5,479.7,72649.8,0
NRGD.US,D,20220824,000000,477.4,484.5,459.05,461.9,54389.3,0
NRGD.US,D,20220825,000000,450.4,461.5,441,447.6,61968,0
NRGD.US,D,20220826,000000,448.1,467,432.093,461,66971.3,0
NRGD.US,D,20220829,000000,461.4,467.5,420.7,441.5,86580.5,0
NRGD.US,D,20220830,000000,463,497.9,463,486.8,124791.7,0
NRGD.US,D,20220831,000000,519.6,528.899,473.4,500.4,112505.6,0
NRGD.US,D,20220901,000000,521.9,565.4,520,543.4,111026.7,0
NRGD.US,D,20220902,000000,500.1,522.5,489,510.8,59123.5,0
NRGD.US,D,20220906,000000,497.2,535.9,494.001,528.9,48400.6,0
NRGD.US,D,20220907,000000,564.8,580,542,548.8,79539.9,0
NRGD.US,D,20220908,000000,540.7,562.6,534.7,546.6,55937.5,0
NRGD.US,D,20220909,000000,513.4,529.6,499.59,507.8,41981.4,0
NRGD.US,D,20220912,000000,485.7,496.501,461,478.7,54387.2,0
NRGD.US,D,20220913,000000,500.4,521,477.2,514.2,83189.5,0
NRGD.US,D,20220914,000000,501.2,501.2,460.6,476.8,64264.9,0
NRGD.US,D,20220915,000000,499.2,525.2,499.1,519.1,57896.8,0
NRGD.US,D,20220916,000000,530.4,573.603,522.6,545.5,88179.2,0
NRGD.US,D,20220919,000000,592.8,595.3,546,548,60576.1,0
NRGD.US,D,20220920,000000,557.7,573.691,539.9,549.9,65479.1,0
NRGD.US,D,20220921,000000,521.9,576.8,513.201,576.6,50988.2,0
NRGD.US,D,20220922,000000,550,578.7,540,577.6,58687.5,0
NRGD.US,D,20220923,000000,642.6,710,641.5,695.2,142217.7,0
NRGD.US,D,20220926,000000,711.009,749,679.7,744.8,54610.1,0
NRGD.US,D,20220927,000000,705,730,673.45,713.3,55621.6,0
NRGD.US,D,20220928,000000,695.3,704.9,583.8,590.333,65656.1,0
NRGD.US,D,20220929,000000,606,636.3,584.9,588.8,64488.7,0
NRGD.US,D,20220930,000000,605,624.321,575.818,600.4,52593.8,0
NRGD.US,D,20221003,000000,535.4,535.6,485.2,497.7,59276.9,0
NRGD.US,D,20221004,000000,464.8,478.7,426.1,428,71747.2,0
NRGD.US,D,20221005,000000,427.8,444.2,395.701,406.6,134532.6,0
NRGD.US,D,20221006,000000,413.5,416,381.8,385.6,83950.5,0
NRGD.US,D,20221007,000000,381.5,404.8,368.2,394.4,163644.8,0
NRGD.US,D,20221010,000000,392.3,428.1,380.7,424.3,155450.1,0
NRGD.US,D,20221011,000000,450.4,460.2,418.5,441,139973.6,0
NRGD.US,D,20221012,000000,449.8,460.95,412.4,422.5,111788,0
NRGD.US,D,20221013,000000,441.1,441.5,361.608,369.5,159544.3,0
NRGD.US,D,20221014,000000,380,417,364.001,414.7,128781.4,0
NRGD.US,D,20221017,000000,393.1,405,375,399.2,66820.9,0
NRGD.US,D,20221018,000000,389.4,413.1,378,387.9,121131.6,0
NRGD.US,D,20221019,000000,390,390.4,351.7,356.5,124843,0
NRGD.US,D,20221020,000000,347,357.499,332.3,351.3,100904,0
NRGD.US,D,20221021,000000,345.6,348.1,321.95,322.5,136915.3,0
NRGD.US,D,20221024,000000,322.3,328.5,310.9,318.8,102319,0
NRGD.US,D,20221025,000000,324.7,332.2,316.5,323.1,71790.2,0
NRGD.US,D,20221026,000000,318.8,322.5,302,310.2,149917.7,0
NRGD.US,D,20221027,000000,296.8,309.4,289.4,306.2,223906.6,0
NRGD.US,D,20221028,000000,298,323.9,290,308.9,220613.3,0
NRGD.US,D,20221031,000000,317.5,319.7,289.9,305.2,194355.9,0
NRGD.US,D,20221101,000000,290.5,299.7,286.808,292.8,178313.7,0
NRGD.US,D,20221102,000000,296.9,323.8,296.3,322,319107.2,0
NRGD.US,D,20221103,000000,326.1,329.8,292.801,299.4,187374.2,0
NRGD.US,D,20221104,000000,276.2,302.6,265.999,292.9,282809.4,0
NRGD.US,D,20221107,000000,289.9,292.2,274.8,277.5,253752.2,0
NRGD.US,D,20221108,000000,279.4,288.7,273.709,277.9,240326.7,0
NRGD.US,D,20221109,000000,287.9,321.9,286.3,320.3,354674.9,0
NRGD.US,D,20221110,000000,296.7,319.3,294.8,296.7,270690.1,0
NRGD.US,D,20221111,000000,282,282.4,262.8,265.5,298913.2,0
NRGD.US,D,20221114,000000,268.5,268.7,251.05,267.6,325671.1,0
NRGD.US,D,20221115,000000,261.2,269.1,255.5,256.9,261922.3,0
NRGD.US,D,20221116,000000,264.799,278.182,259.8,274,267374.5,0
NRGD.US,D,20221117,000000,286.5,292.2,268.9,269.6,255642.4,0
NRGD.US,D,20221118,000000,284.7,295.9,275.5,278.2,214891.4,0
NRGD.US,D,20221121,000000,295.7,316.8,286.1,291.6,248288.5,0
NRGD.US,D,20221122,000000,280.5,282.789,258.804,261.6,176760.3,0
NRGD.US,D,20221123,000000,273.3,279.098,264.6,270.4,139919,0
NRGD.US,D,20221125,000000,268.2,273.1,261.7,271.9,58241,0
NRGD.US,D,20221128,000000,291.7,297.7,282.201,296.3,166042.9,0
NRGD.US,D,20221129,000000,285.5,291,278.1,285.9,131348.8,0
NRGD.US,D,20221130,000000,276.4,298,273.5,286.1,151498,0
NRGD.US,D,20221201,000000,280.48,292,276.501,290.5,102227,0
NRGD.US,D,20221202,000000,293.6,304.58,285.3,299.79,206989,0
NRGD.US,D,20221205,000000,288.64,336,285.88,329.64,281534,0
NRGD.US,D,20221206,000000,337.84,365.35,323.71,357.21,202704,0
NRGD.US,D,20221207,000000,356.99,367.62,343.5115,356.82,106036,0
NRGD.US,D,20221208,000000,334.02,375.43,332.82,369.85,123675,0
NRGD.US,D,20221209,000000,370.98,397.62,363.48,397.62,133609,0
NRGD.US,D,20221212,000000,390.9,395.84,363.25,365.42,94656,0
NRGD.US,D,20221213,000000,339.99,356.35,336.3,350.7944,108203,0
NRGD.US,D,20221214,000000,344.64,365.26,338,356.18,77591,0
NRGD.US,D,20221215,000000,369.51,381.2,359.51,359.51,100744,0
NRGD.US,D,20221216,000000,380.32,389.91,371,373.98,122297,0
NRGD.US,D,20221219,000000,368.2,380.92,357.83,373.49,67906,0
NRGD.US,D,20221220,000000,371.63,374.949,351.41,360.37,106578,0
NRGD.US,D,20221221,000000,338,353.6,334.7133,339.4632,80373,0
NRGD.US,D,20221222,000000,339,383.4,338,364.55,103448,0
NRGD.US,D,20221223,000000,350.01,354,325.56,325.75,97219,0
NRGD.US,D,20221227,000000,320.42,324.42,311.64,314.48,55708,0
NRGD.US,D,20221228,000000,317.3,340.4,317.3,337.87,91924,0
NRGD.US,D,20221229,000000,344.46,344.46,324.7941,329.33,47849,0
NRGD.US,D,20221230,000000,334.88,334.88,321.71,322.41,60983,0
NRGD.US,D,20230103,000000,334.46,369.97,326,360.97,101880,0
NRGD.US,D,20230104,000000,380,380,354.21,359.48,91589,0
NRGD.US,D,20230105,000000,360.44,360.44,330.65,332.57,82562,0
NRGD.US,D,20230106,000000,322.2,323.0948,301.79,316.01,106003,0
NRGD.US,D,20230109,000000,300.03,325.18,299.8,321.74,70560,0
NRGD.US,D,20230110,000000,317.79,330,312.49,314.6,44750,0
NRGD.US,D,20230111,000000,305.35,320.5859,304,312.75,55534,0
NRGD.US,D,20230112,000000,307.01,308.1854,288,293.57,76721,0
NRGD.US,D,20230113,000000,295.67,303,289.9364,292.46,58081,0
NRGD.US,D,20230117,000000,288.19,296,279.25,293.16,70885,0
NRGD.US,D,20230118,000000,287.77,304.59,272.18,303.28,82393,0
NRGD.US,D,20230119,000000,307.54,310.72,285.745,288.79,78251,0
NRGD.US,D,20230120,000000,288.76,293,274.31,274.31,67378,0
NRGD.US,D,20230123,000000,271.11,275.5193,262.28,273.01,67580,0
NRGD.US,D,20230124,000000,274.91,292.49,273.23,277.14,84373,0
NRGD.US,D,20230125,000000,281.79,293.39,277.22,277.22,64016,0
NRGD.US,D,20230126,000000,265.29,275,249.7728,249.7728,139930,0
NRGD.US,D,20230127,000000,252.99,264.7001,246.4312,264.57,112053,0
NRGD.US,D,20230130,000000,270.04,287.035,269.5,285.95,95608,0
NRGD.US,D,20230131,000000,287.68,296.59,281.9377,286.03,47671,0
NRGD.US,D,20230201,000000,287.62,319.46,287.62,308.83,86909,0
NRGD.US,D,20230202,000000,315,340,314.3114,328.19,65065,0
NRGD.US,D,20230203,000000,321.7894,336.39,310.1,334.97,54794,0
NRGD.US,D,20230206,000000,332.35,356.3738,328.38,342.57,39895,0
NRGD.US,D,20230207,000000,334.848,340.97,301.85,302.69,60470,0
NRGD.US,D,20230208,000000,300.48,314.425,297.01,310.08,70594,0
NRGD.US,D,20230209,000000,311.4,318.86,307.548,318.2,40330,0
NRGD.US,D,20230210,000000,304.75,304.75,272.2,273.8,95430,0
NRGD.US,D,20230213,000000,279.88,287.34,273.9,276.24,39269,0
NRGD.US,D,20230214,000000,284.13,284.5,269.34,272.79,60642,0
NRGD.US,D,20230215,000000,286.23,307.3471,284.74,299.29,77038,0
NRGD.US,D,20230216,000000,300.6,314.31,297.13,313.28,44504,0
NRGD.US,D,20230217,000000,326.39,353.36,326.39,347.97,79928,0
NRGD.US,D,20230221,000000,348.34,350.88,341.17,346.98,42308,0
NRGD.US,D,20230222,000000,351.71,365,343.8011,357.14,46832,0
NRGD.US,D,20230223,000000,342.5,356.8459,335.7066,342.7777,30005,0
NRGD.US,D,20230224,000000,356.18,368.6,346.51,350.07,46506,0
NRGD.US,D,20230227,000000,344.65,351.95,339.5,342.54,29524,0
NRGD.US,D,20230228,000000,331.18,358.12,331.18,357.25,22726,0
NRGD.US,D,20230301,000000,356.156,356.156,323.03,324.9,46620,0
NRGD.US,D,20230302,000000,328.9,331.3,314.31,317.6444,36709,0
NRGD.US,D,20230303,000000,329.4,330,299.5,304,34233,0
NRGD.US,D,20230306,000000,307.8,316.52,305.42,306.39,38352,0
NRGD.US,D,20230307,000000,311.24,325.93,309.83,322.99,30186,0
NRGD.US,D,20230308,000000,324.25,342.9999,312.3308,332.36,53193,0
NRGD.US,D,20230309,000000,321.74,343.78,308.81,342.63,34759,0
NRGD.US,D,20230310,000000,342.63,358.05,326,353.93,58551,0
NRGD.US,D,20230313,000000,378.05,402.4,366.73,382.69,55366,0
NRGD.US,D,20230314,000000,379.8529,387,341.069,367.03,44230,0
NRGD.US,D,20230315,000000,405,444.62,400.73,429.89,122902,0
NRGD.US,D,20230316,000000,451.6,458.754,404.05,405.72,57528,0
NRGD.US,D,20230317,000000,407.11,432.255,403.68,420.43,44516,0
NRGD.US,D,20230320,000000,417.48,418.94,388,395.99,33057,0
NRGD.US,D,20230321,000000,376.02,376.02,358.6157,362.6,34675,0
NRGD.US,D,20230322,000000,358.01,381.57,355.72,381.57,29144,0
NRGD.US,D,20230323,000000,375,404.7501,364.5621,394.58,26273,0
NRGD.US,D,20230324,000000,414.63,425.2403,387.35,393.42,33624,0
NRGD.US,D,20230327,000000,376.03,390.65,359.61,364.72,32966,0
NRGD.US,D,20230328,000000,366.72,366.72,337.61,343.03,40133,0
NRGD.US,D,20230329,000000,330.01,336.3003,326.42,326.42,29687,0
NRGD.US,D,20230330,000000,320.5,330.01,318.11,325.32,21196,0
NRGD.US,D,20230331,000000,324.73,327.15,319,319.5961,16571,0
NRGD.US,D,20230403,000000,277.14,289.09,271.52,277.76,94883,0
NRGD.US,D,20230404,000000,275,306.3303,275,300.58,55427,0
NRGD.US,D,20230405,000000,299.36,303.299,282.27,282.27,44601,0
NRGD.US,D,20230406,000000,284.135,296.94,284.135,295.21,37326,0
NRGD.US,D,20230410,000000,285.16,285.6,273.03,283.28,39419,0
NRGD.US,D,20230411,000000,280.86,281.9401,270.8802,275.26,34839,0
NRGD.US,D,20230412,000000,271.83,276,268,274.74,33961,0
NRGD.US,D,20230413,000000,275.89,277,267.7999,270.48,21622,0
NRGD.US,D,20230414,000000,269,273.74,263.8,269.5148,25005,0
NRGD.US,D,20230417,000000,273.34,284.5299,272.53,283.06,27270,0
NRGD.US,D,20230418,000000,287.97,291.2,280.48,283.54,33487,0
NRGD.US,D,20230419,000000,291,301.3,289.69,289.69,39169,0
NRGD.US,D,20230420,000000,301.75,306.8,297.91,297.94,37023,0
NRGD.US,D,20230421,000000,295.74,309.13,295.74,304.64,36451,0
NRGD.US,D,20230424,000000,307.07,307.07,289.1025,292.88,32714,0
NRGD.US,D,20230425,000000,301.19,314.235,301.19,310.28,37908,0
NRGD.US,D,20230426,000000,311.57,322.87,305.8,316.98,39078,0
NRGD.US,D,20230427,000000,317.83,334,316.916,322.98,29715,0
NRGD.US,D,20230428,000000,327.43,327.43,302.37,309.58,45509,0
NRGD.US,D,20230501,000000,320.52,321.1,308.0801,315.24,34289,0
NRGD.US,D,20230502,000000,326,363,326,353.88,54979,0
NRGD.US,D,20230503,000000,366,376.51,358.421,373.12,36724,0
NRGD.US,D,20230504,000000,372.55,393.22,369.61,391.35,42905,0
NRGD.US,D,20230505,000000,360.01,362.91,346.1742,361.01,30319,0
NRGD.US,D,20230508,000000,344.01,359.98,340,359.89,24307,0
NRGD.US,D,20230509,000000,366.68,369.57,348.02,358.71,30172,0
NRGD.US,D,20230510,000000,360,373.8899,360,366.76,43193,0
NRGD.US,D,20230511,000000,380.98,384.64,371.5,375,33530,0
NRGD.US,D,20230512,000000,364.679,383.65,364.38,376.93,29939,0
NRGD.US,D,20230515,000000,368.16,378.5,363,368.92,24691,0
NRGD.US,D,20230516,000000,370.2801,395.3,370.2801,394.4134,18077,0
NRGD.US,D,20230517,000000,378.39,387.6137,362.2818,368.86,28629,0
NRGD.US,D,20230518,000000,374.16,383,363.52,364.26,26573,0
NRGD.US,D,20230519,000000,354.27,360,345,356.1,31974,0
NRGD.US,D,20230522,000000,356,357.31,344.401,355.4,31083,0
NRGD.US,D,20230523,000000,345.27,350.92,335.09,349.6,39172,0
NRGD.US,D,20230524,000000,339.73,352.568,338.0781,345.75,32292,0
NRGD.US,D,20230525,000000,360.2992,373.35,359.805,364.6,44969,0
NRGD.US,D,20230526,000000,354.4,371.39,354.4,365.06,21966,0
NRGD.US,D,20230530,000000,378.38,388.1829,375.8,377.48,30140,0
NRGD.US,D,20230531,000000,391.01,402.12,389.3585,399.73,39615,0
NRGD.US,D,20230601,000000,393.22,402.09,374.78,389.94,32428,0
NRGD.US,D,20230602,000000,370,370.8189,350.32,354.32,36486,0
NRGD.US,D,20230605,000000,340.07,366.59,340.07,364.25,18931,0
NRGD.US,D,20230606,000000,374.65,378.34,357.3214,357.35,20171,0
NRGD.US,D,20230607,000000,351.74,352.83,325,325.43,53073,0
NRGD.US,D,20230608,000000,324.38,345,322.84,331.2,41348,0
NRGD.US,D,20230609,000000,335,340.5801,328.72,333.65,35360,0
NRGD.US,D,20230612,000000,349.5,351,334.9449,345.54,37558,0
NRGD.US,D,20230613,000000,336.81,344.04,320.79,343.84,38188,0
NRGD.US,D,20230614,000000,333.2,362.33,333.2,355.06,57983,0
NRGD.US,D,20230615,000000,344.79,345.25,335.01,342.93,31473,0
NRGD.US,D,20230616,000000,338.28,345.2179,334.68,340.48,53137,0
NRGD.US,D,20230620,000000,345.79,372.2201,345.79,366.57,30572,0
NRGD.US,D,20230621,000000,371,372.6975,350.3868,359.79,26548,0
NRGD.US,D,20230622,000000,372.86,381,368.81,374.24,23085,0
NRGD.US,D,20230623,000000,388.83,390.16,378,381.58,29841,0
NRGD.US,D,20230626,000000,378.87,378.96,356.23,361.48,25680,0
NRGD.US,D,20230627,000000,362.86,368.78,357.46,361.99,19898,0
NRGD.US,D,20230628,000000,365.53,370.7455,349,351.0048,36432,0
NRGD.US,D,20230629,000000,348.08,350.7999,339.29,339.94,23097,0
NRGD.US,D,20230630,000000,333.67,340.9945,326.895,333.03,30676,0
NRGD.US,D,20230703,000000,329.98,330.14,321.929,327.9133,22769,0
NRGD.US,D,20230705,000000,326.93,337.755,326.72,334.6683,16936,0
NRGD.US,D,20230706,000000,345.57,365,338.84,359.2003,37138,0
NRGD.US,D,20230707,000000,361.6441,361.6441,323.06,333.12,47332,0
NRGD.US,D,20230710,000000,338.15,338.15,326,332,22063,0
NRGD.US,D,20230711,000000,327,327,306.9801,307.7,59787,0
NRGD.US,D,20230712,000000,300.17,303.57,294.22,299.74,54641,0
NRGD.US,D,20230713,000000,297.94,307.98,291.615,301.02,40634,0
NRGD.US,D,20230714,000000,308,326.24,307.5,325.15,53798,0
NRGD.US,D,20230717,000000,328.91,331,322.13,328.68,24402,0
NRGD.US,D,20230718,000000,327.56,327.56,304.44,313.63,28444,0
NRGD.US,D,20230719,000000,313.47,313.47,301.0101,306.32,23227,0
NRGD.US,D,20230720,000000,300.11,301.07,292.0052,293.9405,49406,0
NRGD.US,D,20230721,000000,289.96,292.74,282.1494,282.8,40051,0
NRGD.US,D,20230724,000000,279.52,279.52,259.52,267.81,66926,0
NRGD.US,D,20230725,000000,269.15,273.5453,257.3,262.3472,44886,0
NRGD.US,D,20230726,000000,268.8618,268.8618,256.36,259.18,34209,0
NRGD.US,D,20230727,000000,254.4,265,250,263.25,88543,0
NRGD.US,D,20230728,000000,266.59,269,256.59,256.59,32360,0
NRGD.US,D,20230731,000000,252.32,252.32,243.2011,245.68,49699,0
NRGD.US,D,20230801,000000,250,254.5,246.1201,247.06,39451,0
NRGD.US,D,20230802,000000,250,259.173,243.01,254.84,45181,0
NRGD.US,D,20230803,000000,257.23,260.36,242.68,249.54,59886,0
NRGD.US,D,20230804,000000,245,246.5,236.32,245.8,83516,0
NRGD.US,D,20230807,000000,243,246.47,240,244.64,46084,0
NRGD.US,D,20230808,000000,253.11,260.3,238.695,239.17,48081,0
NRGD.US,D,20230809,000000,234.08,235.3599,221.68,230.28,89900,0
NRGD.US,D,20230810,000000,228.5194,232.38,220.645,228.2672,59150,0
NRGD.US,D,20230811,000000,226,226,215.1934,216.36,64820,0
NRGD.US,D,20230814,000000,219.86,224.7,218.65,220.7264,39701,0
NRGD.US,D,20230815,000000,228.32,236.928,226.51,235.48,49527,0
NRGD.US,D,20230816,000000,233,240.94,225.94,240.94,43362,0
NRGD.US,D,20230817,000000,231.12,232.79,221.61,231.65,70860,0
NRGD.US,D,20230818,000000,234.82,235,225,225.93,44820,0
NRGD.US,D,20230821,000000,221.41,235.3,220.12,231.2,35897,0
NRGD.US,D,20230822,000000,229.65,236.36,228,235.04,24423,0
NRGD.US,D,20230823,000000,241.87,251.39,240.01,240.01,44150,0
NRGD.US,D,20230824,000000,244.13,246.8969,238,244.76,26262,0
NRGD.US,D,20230825,000000,240.02,247.2199,233.1,236.56,43174,0
NRGD.US,D,20230828,000000,234.36,238.26,228.5,234.48,20818,0
NRGD.US,D,20230829,000000,234.18,240,232.58,233.5277,31434,0
NRGD.US,D,20230830,000000,231,233,229.6012,230.54,38495,0
NRGD.US,D,20230831,000000,227.9,236.77,227.7,230.04,34930,0
NRGD.US,D,20230901,000000,222.09,222.09,214.207,215.35,76262,0
NRGD.US,D,20230905,000000,212.4,212.4,204,209.93,49434,0
NRGD.US,D,20230906,000000,211.98,214.88,205.6,210.18,28615,0
NRGD.US,D,20230907,000000,210.5,211.44,206.1732,209.56,32501,0
NRGD.US,D,20230908,000000,204.0101,207.41,195.45,199.61,86991,0
NRGD.US,D,20230911,000000,195.94,209.25,193.5,207.4,50705,0
NRGD.US,D,20230912,000000,201,202.3295,192.5961,194.1,60952,0
NRGD.US,D,20230913,000000,193.37,200.34,192,197.11,38903,0
NRGD.US,D,20230914,000000,192.71,192.7599,188.31,190.92,58117,0
NRGD.US,D,20230915,000000,194.99,199.64,191.19,199.64,60190,0
NRGD.US,D,20230918,000000,194.01,197.5,190.49,194.2,33503,0
NRGD.US,D,20230919,000000,189,205.6,189,202.44,94714,0
NRGD.US,D,20230920,000000,205.35,209.78,198.8,209.78,73555,0
NRGD.US,D,20230921,000000,204.71,217.43,199.9114,216.53,123818,0
NRGD.US,D,20230922,000000,211.78,218.848,208.061,218.15,75744,0
NRGD.US,D,20230925,000000,218,218,209.96,210.8,46959,0
NRGD.US,D,20230926,000000,215,217.04,210,214,106664,0
NRGD.US,D,20230927,000000,205.95,207.3999,195.7,198.65,136150,0
NRGD.US,D,20230928,000000,198.65,200.28,192.41,196.4,47555,0
NRGD.US,D,20230929,000000,195,210,195,209.14,126203,0
NRGD.US,D,20231002,000000,209.86,225.7512,208.9619,222.16,57433,0
NRGD.US,D,20231003,000000,225.15,233.5,225,226.55,79276,0
NRGD.US,D,20231004,000000,235.48,257.4,234.91,251.09,112682,0
NRGD.US,D,20231005,000000,260,260,248,256.2,46928,0
NRGD.US,D,20231006,000000,247.66,255.2,236.7,244.5,41136,0
NRGD.US,D,20231009,000000,223.25,232.6189,218.63,221.46,68407,0
NRGD.US,D,20231010,000000,221.93,224.5361,215.1599,219.3,35792,0
NRGD.US,D,20231011,000000,224,231.5,223.3132,223.3132,55379,0
NRGD.US,D,20231012,000000,219.07,227.69,218.2,225.15,27571,0
NRGD.US,D,20231013,000000,216.39,216.39,207.0101,211.77,49160,0
NRGD.US,D,20231016,000000,208.88,210.1902,203.89,206,36139,0
NRGD.US,D,20231017,000000,206.77,206.77,199,200.06,51665,0
NRGD.US,D,20231018,000000,198.04,198.05,189.61,191.61,56057,0
NRGD.US,D,20231019,000000,193.57,199.01,188.6531,192.6,40705,0
NRGD.US,D,20231020,000000,192.1,203,191.23,202.28,46557,0
NRGD.US,D,20231023,000000,207.54,215.48,206.45,212.5,70274,0
NRGD.US,D,20231024,000000,210.9,221.49,210.06,221.16,50480,0
NRGD.US,D,20231025,000000,220.75,225.23,217.66,223.63,50169,0
NRGD.US,D,20231026,000000,228.22,236.67,227.94,229.1995,45912,0
NRGD.US,D,20231027,000000,229.02,246.8,229.02,244.43,55199,0
NRGD.US,D,20231030,000000,242.01,249.32,236.58,241.14,23173,0
NRGD.US,D,20231031,000000,238.13,246.6667,236,236,16253,0
NRGD.US,D,20231101,000000,233.4,237.66,226.1711,237.66,38219,0
NRGD.US,D,20231102,000000,236.555,236.555,217.77,218.29,29828,0
NRGD.US,D,20231103,000000,220.82,230.64,218.6801,226.95,26849,0
NRGD.US,D,20231106,000000,224.28,235.82,222.38,234.04,12224,0
NRGD.US,D,20231107,000000,243.2,253.24,243.2,249.8,40718,0
NRGD.US,D,20231108,000000,249.92,257.89,246.29,257.41,28739,0
NRGD.US,D,20231109,000000,252.16,262.32,250,262.02,30133,0
NRGD.US,D,20231110,000000,253.95,260.285,250.58,251.38,18773,0
NRGD.US,D,20231113,000000,251.5,252,245.41,245.61,12041,0
NRGD.US,D,20231114,000000,243.24,244,237,239.12,21077,0
NRGD.US,D,20231115,000000,241,241.08,231.4195,240.43,25485,0
NRGD.US,D,20231116,000000,246.24,262.21,246,255.08,33372,0
NRGD.US,D,20231117,000000,249.48,249.48,232.96,238.74,28477,0
NRGD.US,D,20231120,000000,236.26,236.4,230.57,235.51,14457,0
NRGD.US,D,20231121,000000,239.8799,244.12,238.5,239.43,16177,0
NRGD.US,D,20231122,000000,251.83,257,238.81,239.42,41599,0
NRGD.US,D,20231124,000000,235.52,238.06,230.7899,237.15,13409,0
NRGD.US,D,20231127,000000,239.077,245,238.36,239.04,17475,0
NRGD.US,D,20231128,000000,237.43,238.71,232.02,238,20969,0
NRGD.US,D,20231129,000000,232.56,246.0799,232.56,244.22,28350,0
NRGD.US,D,20231130,000000,238.65,246.33,228.75,237.85,36899,0
NRGD.US,D,20231201,000000,233.63,235.01,225.5,235.01,50872,0
NRGD.US,D,20231204,000000,242.9,242.9,233.565,237.88,42365,0
NRGD.US,D,20231205,000000,239.19,248,237.39,247.76,38449,0
NRGD.US,D,20231206,000000,253.99,263.21,250.2901,261.99,69801,0
NRGD.US,D,20231207,000000,255.7926,269.08,253.5,267.48,37202,0
NRGD.US,D,20231208,000000,261,263.47,257.3,260.55,27121,0
NRGD.US,D,20231211,000000,260.0432,262.91,255,256.25,23067,0
NRGD.US,D,20231212,000000,263.3,270.5799,263.3,267.59,31049,0
NRGD.US,D,20231213,000000,268.42,269.02,253.595,254.14,33364,0
NRGD.US,D,20231214,000000,244.81,245.24,230.89,230.89,31398,0
NRGD.US,D,20231215,000000,234.44,239.08,233.251,233.251,15268,0
NRGD.US,D,20231218,000000,225.14,226.52,218.9,226.52,37592,0
NRGD.US,D,20231219,000000,223.79,226.72,216.5,217.52,26732,0
NRGD.US,D,20231220,000000,214.07,222.24,210,222.21,46972,0
NRGD.US,D,20231221,000000,220.35,226.72,219.4,221.8556,23740,0
NRGD.US,D,20231222,000000,215.36,221,213.5,220.2,25238,0
NRGD.US,D,20231226,000000,214.72,217,210.885,214.27,29844,0
NRGD.US,D,20231227,000000,216,219.15,213.67,217.48,29561,0
NRGD.US,D,20231228,000000,222.28,229.49,219.5,229.34,34987,0
NRGD.US,D,20231229,000000,229.84,232.02,226.03,229.81,27900,0
NRGD.US,D,20240102,000000,226.19,226.68,217.076,222.52,39032,0
NRGD.US,D,20240103,000000,220.93,224.397,207.56,210.57,37749,0
NRGD.US,D,20240104,000000,207.89,222.4802,205,222.2,34860,0
NRGD.US,D,20240105,000000,217.75,226.78,216.08,224.26,35853,0
NRGD.US,D,20240108,000000,235,242.95,229.29,229.74,43563,0
NRGD.US,D,20240109,000000,228.54,242.13,227.59,240,30253,0
NRGD.US,D,20240110,000000,239.45,251.3825,239.45,249.8351,37452,0
NRGD.US,D,20240111,000000,246.1317,248.37,242,244.92,17937,0
NRGD.US,D,20240112,000000,231.82,238.78,230,234.68,22808,0
NRGD.US,D,20240116,000000,234,251.95,233.65,251.28,32300,0
NRGD.US,D,20240117,000000,258.86,260.85,251.69,259.0022,34012,0
NRGD.US,D,20240118,000000,258.99,269.8,258.99,261.2,24922,0
NRGD.US,D,20240119,000000,262.68,264.69,258.06,258.06,25219,0
NRGD.US,D,20240122,000000,264.29,264.29,253.9,255.395,30619,0
NRGD.US,D,20240123,000000,256.26,256.33,248.7111,253.77,20524,0
NRGD.US,D,20240124,000000,250.05,250.77,242.5,242.6321,33467,0
NRGD.US,D,20240125,000000,237.78,239.48,224.93,224.93,31115,0
NRGD.US,D,20240126,000000,225,230.62,218.3601,218.58,25093,0
NRGD.US,D,20240129,000000,218.78,225.77,218.78,220.6,32659,0
NRGD.US,D,20240130,000000,225.03,225.03,207.05,207.28,51619,0
NRGD.US,D,20240131,000000,205.03,217.6,205,217.6,48942,0
NRGD.US,D,20240201,000000,214.69,225.28,209.67,218.27,54732,0
NRGD.US,D,20240202,000000,216.64,222.69,212,217.1,36292,0
NRGD.US,D,20240205,000000,221.31,225.2,212.28,215.17,34106,0
NRGD.US,D,20240206,000000,211.7,215.83,206.465,214.65,51444,0
NRGD.US,D,20240207,000000,212.29,217.78,210.4,212.051,31129,0
NRGD.US,D,20240208,000000,211.35,211.71,204.26,206.21,44731,0
NRGD.US,D,20240209,000000,206.21,215.96,203.48,214.81,34793,0
NRGD.US,D,20240212,000000,215.09,215.09,210.2,212.36,24830,0
NRGD.US,D,20240213,000000,211.84,221,211.43,216.38,47813,0
NRGD.US,D,20240214,000000,212.61,222,210.01,217.6,54253,0
NRGD.US,D,20240215,000000,217.53,217.53,200.3,202.1,82280,0
NRGD.US,D,20240216,000000,200.25,204.6101,199.27,204.4031,34779,0
NRGD.US,D,20240220,000000,206.86,213.8074,205.68,213.56,61270,0
NRGD.US,D,20240221,000000,212.96,212.96,201.65,201.76,55709,0
NRGD.US,D,20240222,000000,206.27,208.53,197.25,199.24,49896,0
NRGD.US,D,20240223,000000,205.98,208.5,200.49,202.1,37810,0
NRGD.US,D,20240226,000000,203.62,205,194,197.21,51115,0
NRGD.US,D,20240227,000000,196.04,203.89,195.33,202.08,21931,0
NRGD.US,D,20240228,000000,204,208,198.25,206.17,30307,0
NRGD.US,D,20240229,000000,204.8182,206.5,200.75,203.15,22333,0
NRGD.US,D,20240301,000000,198.66,198.66,192.9,194.36,44574,0
NRGD.US,D,20240304,000000,196,200.3,194.7601,199.67,39869,0
NRGD.US,D,20240305,000000,202.4,202.4,192.62,197.03,66230,0
NRGD.US,D,20240306,000000,191.699,196.8,189.54,196.09,47316,0
NRGD.US,D,20240307,000000,195.8,195.8,186.5,189.22,38828,0
NRGD.US,D,20240308,000000,190.5616,191,187.0592,187.5,28643,0
NRGD.US,D,20240311,000000,188.07,191.6,181.53,181.76,57141,0
NRGD.US,D,20240312,000000,181.9882,185.27,179.6013,183.64,49129,0
NRGD.US,D,20240313,000000,176.99,176.99,166.99,170.22,68442,0
NRGD.US,D,20240314,000000,167,169.71,164.5683,165.26,27781,0
NRGD.US,D,20240315,000000,164.0001,164.0001,158.84,161.28,40125,0
NRGD.US,D,20240318,000000,159.82,163.88,158.53,160.95,46734,0
NRGD.US,D,20240319,000000,161.16,161.16,155.53,155.64,45881,0
NRGD.US,D,20240320,000000,158.21,158.21,153.84,155.37,51799,0
NRGD.US,D,20240321,000000,156.0416,156.0416,152.28,153.58,20910,0
NRGD.US,D,20240322,000000,153,155.56,153,154.34,22398,0
NRGD.US,D,20240325,000000,149.3,150.95,147.08,150.72,34527,0
NRGD.US,D,20240326,000000,149.18,155.41,149.135,154.55,43376,0
NRGD.US,D,20240327,000000,156.19,156.19,151.22,151.22,13961,0
NRGD.US,D,20240328,000000,148.48,151.275,144.6,144.7,48538,0
NRGD.US,D,20240401,000000,145.02,148.51,139.66,140.48,44828,0
NRGD.US,D,20240402,000000,137.32,139,132.51,132.51,46133,0
NRGD.US,D,20240403,000000,130.71,132.08,127.57,128.8,57173,0
NRGD.US,D,20240404,000000,128.23,129.97,126.75,128.9201,46072,0
NRGD.US,D,20240405,000000,127,128.53,123,124.251,40339,0
NRGD.US,D,20240408,000000,125,128.15,124.67,128,38025,0
NRGD.US,D,20240409,000000,127.17,131.8,125.23,129.2,34605,0
NRGD.US,D,20240410,000000,130.145,131.25,126.01,127.78,43220,0
NRGD.US,D,20240411,000000,126.74,132.375,126.64,127.7,27825,0
NRGD.US,D,20240412,000000,124.5817,135.1025,123,133.21,64982,0
NRGD.US,D,20240415,000000,130.87,138.0888,130.5279,137.48,60168,0
NRGD.US,D,20240416,000000,138.4,144.84,137.0332,141.64,68274,0
NRGD.US,D,20240417,000000,142.7,146.5,138.97,143.1776,37127,0
NRGD.US,D,20240418,000000,143.54,149.37,143.37,147.44,42144,0
NRGD.US,D,20240419,000000,145.84,146.5,139,142.6801,46913,0
NRGD.US,D,20240422,000000,144.99,147.2646,136.08,138.34,67539,0
NRGD.US,D,20240423,000000,139.66,143.2,136.29,136.53,25358,0
NRGD.US,D,20240424,000000,138.06,140.2,135.64,136,13150,0
NRGD.US,D,20240425,000000,135.95,140,133.25,134.65,15874,0
NRGD.US,D,20240426,000000,139.36,142.12,136.96,138.4599,24784,0
NRGD.US,D,20240429,000000,139.23,139.23,134.56,135.72,20026,0
NRGD.US,D,20240430,000000,139.18,151.08,139.18,151.08,55413,0
NRGD.US,D,20240501,000000,153.11,161.1393,149.88,159.04,57183,0
NRGD.US,D,20240502,000000,154.71,157.24,152.274,153.77,25963,0
NRGD.US,D,20240503,000000,153,161.52,153,155.4,38640,0
NRGD.US,D,20240506,000000,152.4,152.62,147.9,152.31,47037,0
NRGD.US,D,20240507,000000,151.5,154.08,150,153.99,22220,0
NRGD.US,D,20240508,000000,156.26,156.26,152.9,154.6484,16939,0
NRGD.US,D,20240509,000000,152.75,154.68,150.35,150.6,12037,0
NRGD.US,D,20240510,000000,148.72,155.12,148.72,154.15,12469,0
NRGD.US,D,20240513,000000,152.73,157.731,152.08,156.5,13586,0
NRGD.US,D,20240514,000000,157.81,161.52,157.81,158.36,11896,0
NRGD.US,D,20240515,000000,158.51,165.5,157.27,158.32,25169,0
NRGD.US,D,20240516,000000,158.54,160.89,157.2,159.92,10773,0
NRGD.US,D,20240517,000000,158.0544,158.0544,151,151.09,11600,0
NRGD.US,D,20240520,000000,150.12,156.8192,149.841,155.52,17464,0
NRGD.US,D,20240521,000000,158,158,153.36,158,12271,0
NRGD.US,D,20240522,000000,161,166.8927,160.615,164.31,24429,0
NRGD.US,D,20240523,000000,163.07,168.45,161.265,167.537,18745,0
NRGD.US,D,20240524,000000,164,168.32,163,167.4697,12303,0
NRGD.US,D,20240528,000000,164.02,165.8352,161.25,161.79,24616,0
NRGD.US,D,20240529,000000,163.75,175.94,163.75,174.48,24339,0
NRGD.US,D,20240530,000000,175.5,175.6,171.2699,175.1911,13055,0
NRGD.US,D,20240531,000000,173.96,173.96,161.56,161.7,20750,0
NRGD.US,D,20240603,000000,165.12,178.5,165.12,175.09,27272,0
NRGD.US,D,20240604,000000,179.86,185.19,178.715,178.8836,25595,0
NRGD.US,D,20240605,000000,177.8,182,177.5,180.432,12742,0
NRGD.US,D,20240606,000000,181.47,181.47,176.24,176.3,10085,0
NRGD.US,D,20240607,000000,178.4,180.99,172.94,179.13,9384,0
NRGD.US,D,20240610,000000,177.84,178.59,172.965,175.2,13823,0
NRGD.US,D,20240611,000000,178,182.5,175.63,175.63,9339,0
NRGD.US,D,20240612,000000,171.53,186,171.36,183.69,15954,0
NRGD.US,D,20240613,000000,182.99,190.5497,182.99,186.56,9360,0
NRGD.US,D,20240614,000000,188.92,192,187.19,190.65,12700,0
NRGD.US,D,20240617,000000,192,193.6,186.6,188.12,7477,0
NRGD.US,D,20240618,000000,184.57,188.5,179,186.98,14898,0
NRGD.US,D,20240620,000000,184.115,184.115,172.7201,176.67,15627,0
NRGD.US,D,20240621,000000,174.25,181.6,174.25,180.92,13126,0
