<TICKER>,<PER>,<DATE>,<TIME>,<OPEN>,<HIGH>,<LOW>,<CLOSE>,<VOL>,<OPENINT>
NRGU.US,D,20200106,000000,1027.84,1027.84,1027.84,1027.84,3,0
NRGU.US,D,20200107,000000,1028.08,1028.08,1028.08,1028.08,11,0
NRGU.US,D,20200108,000000,984.04,1030,979.6,979.73,28,0
NRGU.US,D,20200109,000000,1005.2,1005.2,1005.2,1005.2,1,0
NRGU.US,D,20200110,000000,994.6,998,991.77,996.01,42,0
NRGU.US,D,20200113,000000,992.24,992.24,992.24,992.24,5,0
NRGU.US,D,20200114,000000,1001.87,1001.87,1001.87,1001.87,2,0
NRGU.US,D,20200115,000000,975.78,975.78,975.78,975.78,2,0
NRGU.US,D,20200116,000000,971.96,971.96,971.96,971.96,5,0
NRGU.US,D,20200117,000000,951.69,951.69,951.69,951.69,2,0
NRGU.US,D,20200121,000000,906.98,906.98,906.98,906.98,2,0
NRGU.US,D,20200122,000000,875.52,875.52,875.52,875.52,7,0
NRGU.US,D,20200123,000000,820,852.94,820,852.94,37,0
NRGU.US,D,20200124,000000,824.19,824.19,824.19,824.19,7,0
NRGU.US,D,20200127,000000,766,766,745.16,745.16,29,0
NRGU.US,D,20200128,000000,761.87,761.87,761.87,761.87,2,0
NRGU.US,D,20200129,000000,727.37,727.37,727.37,727.37,0,0
NRGU.US,D,20200130,000000,744.21,744.21,744.21,744.21,5,0
NRGU.US,D,20200131,000000,689.8,689.8,673.72,673.72,6,0
NRGU.US,D,20200203,000000,635.79,635.79,635.79,635.79,0,0
NRGU.US,D,20200204,000000,646.9,646.9,646.9,646.9,0,0
NRGU.US,D,20200205,000000,725,725,725,725,1,0
NRGU.US,D,20200206,000000,699.96,699.96,699.96,699.96,0,0
NRGU.US,D,20200207,000000,678.95,678.95,678.95,678.95,0,0
NRGU.US,D,20200210,000000,664,665.9,663.6,665.9,14,0
NRGU.US,D,20200211,000000,1010,1010,694.37,694.37,33,0
NRGU.US,D,20200212,000000,730.8,734.34,730.8,734.34,9,0
NRGU.US,D,20200213,000000,724.73,732.22,724.73,732.22,15,0
NRGU.US,D,20200214,000000,737.3,737.3,710.2,717.96,20,0
NRGU.US,D,20200218,000000,694.39,699.45,692,699.45,82,0
NRGU.US,D,20200219,000000,744.5,744.5,744.5,744.5,1,0
NRGU.US,D,20200220,000000,761.06,761.06,761.06,761.06,1,0
NRGU.US,D,20200221,000000,727.2,734.11,727.2,734.11,10,0
NRGU.US,D,20200224,000000,640,640,623.84,626.75,107,0
NRGU.US,D,20200225,000000,604.2,604.2,533.73,536.4,70,0
NRGU.US,D,20200226,000000,533.45,543.46,479.92,479.92,125,0
NRGU.US,D,20200227,000000,382.6,411,382.6,399.13,81,0
NRGU.US,D,20200228,000000,355.8,404.35,352.8,404.35,34,0
NRGU.US,D,20200302,000000,393.6,431.54,393,431.54,62,0
NRGU.US,D,20200303,000000,433.72,452.8,388.6,402.25,149,0
NRGU.US,D,20200304,000000,406.69,422.33,406.69,422.24,24,0
NRGU.US,D,20200305,000000,380.24,380.6,352.79,362.5,46,0
NRGU.US,D,20200306,000000,317.2,317.2,287,298.25,117,0
NRGU.US,D,20200309,000000,297,297,100.6,116.5,3505,0
NRGU.US,D,20200310,000000,132,132,88,110.82,2500,0
NRGU.US,D,20200311,000000,110.8,110.8,79,83.158,1326,0
NRGU.US,D,20200312,000000,70.2,70.2,48,49.232,5261,0
NRGU.US,D,20200313,000000,54.2,72.2,45.2,68,1635,0
NRGU.US,D,20200316,000000,66,67.76,46.2,61.732,2512,0
NRGU.US,D,20200317,000000,60.2,62.4,35.894,38.7,7808,0
NRGU.US,D,20200318,000000,38.8,40.6,21.966,40,9080,0
NRGU.US,D,20200319,000000,42,42,25,29,14692,0
NRGU.US,D,20200320,000000,40,45.8,29.054,35.428,8091,0
NRGU.US,D,20200323,000000,39,42,24,27.21,15525,0
NRGU.US,D,20200324,000000,36.4,37.2,29.978,35.8,15480,0
NRGU.US,D,20200325,000000,39.4,50,32,42.71,18052,0
NRGU.US,D,20200326,000000,45.2,56,43.248,49.63,21172,0
NRGU.US,D,20200327,000000,50,50,38.75,41.602,16381,0
NRGU.US,D,20200330,000000,42,43.6,34.002,41.6,21245,0
NRGU.US,D,20200331,000000,45.8,54,40,44.272,33246,0
NRGU.US,D,20200401,000000,43.6,43.6,34,37.2,28675,0
NRGU.US,D,20200402,000000,43.8,54,39,46,53043,0
NRGU.US,D,20200403,000000,52.2,55,39,43.4,64442,0
NRGU.US,D,20200406,000000,45.2,49.6,42,48.8,30619,0
NRGU.US,D,20200407,000000,57,63.3,51.2,52,52971,0
NRGU.US,D,20200408,000000,57.4,65.8,55.4,65.4,53612,0
NRGU.US,D,20200409,000000,77.8,79.4,54.896,62,122632,0
NRGU.US,D,20200413,000000,77,77,59,64,73939,0
NRGU.US,D,20200414,000000,64.2,64.6,59.2,60.998,40813,0
NRGU.US,D,20200415,000000,53.8,54,45.464,50.8,61741,0
NRGU.US,D,20200416,000000,51.2,51.2,40.2,40.4,74902,0
NRGU.US,D,20200417,000000,42.2,55.6,42.2,55.4,83517,0
NRGU.US,D,20200420,000000,45,55.4,42.6,50.4,157047,0
NRGU.US,D,20200421,000000,47.6,49,43,45.2,117984,0
NRGU.US,D,20200422,000000,55,55.8,51.4,54,96950,0
NRGU.US,D,20200423,000000,59,64.6,57.6,59.8,111033,0
NRGU.US,D,20200424,000000,65,65,56.2,59.598,100895,0
NRGU.US,D,20200427,000000,56.2,66,53.2,64.8,81051,0
NRGU.US,D,20200428,000000,70,73,65.8,72.2,77879,0
NRGU.US,D,20200429,000000,83.6,94,81.2,92.4,174812,0
NRGU.US,D,20200430,000000,97.6,97.6,83,89.2,213891,0
NRGU.US,D,20200501,000000,81,82.6,67.4,69,183222,0
NRGU.US,D,20200504,000000,64,78.6,63.6,78.4,147996,0
NRGU.US,D,20200505,000000,93,93,76.8,78.8,220477,0
NRGU.US,D,20200506,000000,83.6,83.6,70.8,71.4,164764,0
NRGU.US,D,20200507,000000,78,83,75.6,76.8,109883,0
NRGU.US,D,20200508,000000,82,89.6,80.6,89.6,173183,0
NRGU.US,D,20200511,000000,87,88.8,83.2,84.8,134184,0
NRGU.US,D,20200512,000000,88.8,88.8,78.4,78.8,159012,0
NRGU.US,D,20200513,000000,78,78,66.202,68,191213,0
NRGU.US,D,20200514,000000,63.2,72.6,58.598,69.4,195320,0
NRGU.US,D,20200515,000000,69.6,74.4,66.78,70.2,118468,0
NRGU.US,D,20200518,000000,81.2,90.6,81.2,89.2,248627,0
NRGU.US,D,20200519,000000,90.8,90.8,82,82.4,161336,0
NRGU.US,D,20200520,000000,89.2,93,87.2,92,162026,0
NRGU.US,D,20200521,000000,94.4,95.2,85.4,88,155398,0
NRGU.US,D,20200522,000000,84.8,86.6,80.6,86.4,150016,0
NRGU.US,D,20200526,000000,94.2,96.6,91.4,92.6,179533,0
NRGU.US,D,20200527,000000,95.4,97,87.2,95.6,155851,0
NRGU.US,D,20200528,000000,95.6,95.6,86,87.6,131947,0
NRGU.US,D,20200529,000000,86.6,87,80,83.8,199042,0
NRGU.US,D,20200601,000000,83,90.6,80.2,89.4,148098,0
NRGU.US,D,20200602,000000,92.2,99.2,92.2,99.2,240528,0
NRGU.US,D,20200603,000000,106.6,108.8,102.4,108,256538,0
NRGU.US,D,20200604,000000,105,109.6,100,107.6,201072,0
NRGU.US,D,20200605,000000,128,140.6,127.2,139.2,318854,0
NRGU.US,D,20200608,000000,160.8,162,144,159.8,549733,0
NRGU.US,D,20200609,000000,140.2,144,128.6,139.8,349247,0
NRGU.US,D,20200610,000000,131.4,133.8,117.6,118.2,338705,0
NRGU.US,D,20200611,000000,90,102.6,82,82.8,456650,0
NRGU.US,D,20200612,000000,96.8,97.9,83,90,415281,0
NRGU.US,D,20200615,000000,78.6,93,74.2,90.6,333173,0
NRGU.US,D,20200616,000000,105.8,105.8,90.4,100,357000,0
NRGU.US,D,20200617,000000,98.2,98.6,88,88.2,256331,0
NRGU.US,D,20200618,000000,85,96,84,93.6,199034,0
NRGU.US,D,20200619,000000,103,103.8,90.4,90.6,259161,0
NRGU.US,D,20200622,000000,90,92.6,84.4,91.4,190608,0
NRGU.US,D,20200623,000000,94.4,96.6,91.4,92.2,153997,0
NRGU.US,D,20200624,000000,88,88,74.2,76.4,437546,0
NRGU.US,D,20200625,000000,73.8,81.2,72,80.2,230380,0
NRGU.US,D,20200626,000000,77.2,78,70.6,72.2,280193,0
NRGU.US,D,20200629,000000,73.2,76.6,71.2,74.4,199889,0
NRGU.US,D,20200630,000000,73.4,82.6,71,81.6,203151,0
NRGU.US,D,20200701,000000,82.4,85.6,73.4,73.4,301228,0
NRGU.US,D,20200702,000000,78,81.6,75.6,77,197898,0
NRGU.US,D,20200706,000000,80,81.2,73.5,76,219583,0
NRGU.US,D,20200707,000000,73.6,73.768,67.8,68.2,278502,0
NRGU.US,D,20200708,000000,68.8,70.9,66,68.2,191477,0
NRGU.US,D,20200709,000000,68,68,56.2,56.4,486296,0
NRGU.US,D,20200710,000000,55,62,55,61.6,281084,0
NRGU.US,D,20200713,000000,63.6,64.2,58.2,60.2,310182,0
NRGU.US,D,20200714,000000,58.6,66.96,58,66.6,263104,0
NRGU.US,D,20200715,000000,73,73,67.8,71.6,349603,0
NRGU.US,D,20200716,000000,70,73.9,67,71,209311,0
NRGU.US,D,20200717,000000,70.6,74.8,66.8,67.6,190734,0
NRGU.US,D,20200720,000000,67.6,69.9,64.4,64.8,165047,0
NRGU.US,D,20200721,000000,68.8,79.1,68.4,77.2,380473,0
NRGU.US,D,20200722,000000,74,75.8,70.684,75,216439,0
NRGU.US,D,20200723,000000,73.6,75.6,71.3,73.2,157637,0
NRGU.US,D,20200724,000000,74.4,77.224,71.8,72.8,185312,0
NRGU.US,D,20200727,000000,72.6,73.9,69.2,71.6,157208,0
NRGU.US,D,20200728,000000,69,72.798,67,67.6,154673,0
NRGU.US,D,20200729,000000,68.8,73.4,68,73.4,205761,0
NRGU.US,D,20200730,000000,68.4,68.4,60.6,63.6,474941,0
NRGU.US,D,20200731,000000,61.4,63.2,59.402,63,296222,0
NRGU.US,D,20200803,000000,62.8,63.6,60.8,62,177011,0
NRGU.US,D,20200804,000000,61,66.4,60.6,64.6,207142,0
NRGU.US,D,20200805,000000,68.4,69.54,65.272,67.4,233474,0
NRGU.US,D,20200806,000000,66,68.798,65,65.6,184794,0
NRGU.US,D,20200807,000000,64,67.2,60.8,66.2,242650,0
NRGU.US,D,20200810,000000,68.4,73.398,67.6,73,284596,0
NRGU.US,D,20200811,000000,78,79.8,68.8,69.8,316662,0
NRGU.US,D,20200812,000000,74.2,75,71,72.8,139093,0
NRGU.US,D,20200813,000000,72.6,73.28,68,68.4,148976,0
NRGU.US,D,20200814,000000,67.8,70.8,66.2,70.6,126840,0
NRGU.US,D,20200817,000000,70.6,70.6,66.8,68.4,187870,0
NRGU.US,D,20200818,000000,67.4,69.4,64.8,65.2,175853,0
NRGU.US,D,20200819,000000,65.4,65.6,62.2,62.8,175307,0
NRGU.US,D,20200820,000000,60.8,60.8,58.4,58.6,393596,0
NRGU.US,D,20200821,000000,58.4,58.732,55.4,57,299415,0
NRGU.US,D,20200824,000000,58.6,63.2,57.034,62,242965,0
NRGU.US,D,20200825,000000,64,64,59.1,60.6,189948,0
NRGU.US,D,20200826,000000,60.2,60.3,55.662,56,286508,0
NRGU.US,D,20200827,000000,57,57.2,54.2,56.8,230866,0
NRGU.US,D,20200828,000000,57.2,60,56.402,59.8,179374,0
NRGU.US,D,20200831,000000,60,60,55.3,55.6,266632,0
NRGU.US,D,20200901,000000,55.2,55.2,52,53.8,239752,0
NRGU.US,D,20200902,000000,53,54.8,51.6,52.6,198586,0
NRGU.US,D,20200903,000000,51.2,55.6,50.4,51,303306,0
NRGU.US,D,20200904,000000,53,54,48.8,50.6,247995,0
NRGU.US,D,20200908,000000,47.4,47.8,43.002,43.8,282414,0
NRGU.US,D,20200909,000000,45.8,45.8,43.8,44.4,200136,0
NRGU.US,D,20200910,000000,44.8,44.9,37.7,37.8,450335,0
NRGU.US,D,20200911,000000,38.6,39.8,37,38.8,233929,0
NRGU.US,D,20200914,000000,39.6,41.4,38.4,40.2,207934,0
NRGU.US,D,20200915,000000,41.2,42.2,39,39.2,168700,0
NRGU.US,D,20200916,000000,41,46.6,39.5,44.2,366748,0
NRGU.US,D,20200917,000000,42,45.2,41.2,45,201713,0
NRGU.US,D,20200918,000000,45,45.4,42.2,43.8,164964,0
NRGU.US,D,20200921,000000,40,40.906,36.8,39,292267,0
NRGU.US,D,20200922,000000,39,40.78,37.4,38,162660,0
NRGU.US,D,20200923,000000,39,39,32.2,32.4,402690,0
NRGU.US,D,20200924,000000,31.6,34.2,29.8,32.4,373378,0
NRGU.US,D,20200925,000000,32.2,33.126,30.8,32.4,228974,0
NRGU.US,D,20200928,000000,33.6,35.4,32.6,34,233976,0
NRGU.US,D,20200929,000000,34.4,34.4,30.2,31.6,305715,0
NRGU.US,D,20200930,000000,31.4,33.4,31,31.4,206830,0
NRGU.US,D,20201001,000000,30.8,30.8,27.6,28.4,451335,0
NRGU.US,D,20201002,000000,25.6,29.6,25.2,29,405047,0
NRGU.US,D,20201005,000000,30,32,29.8,32,268098,0
NRGU.US,D,20201006,000000,33.4,34.4,29.9,30.4,421164,0
NRGU.US,D,20201007,000000,31.6,31.6,29.6,31.4,201125,0
NRGU.US,D,20201008,000000,32.4,34.8,31.418,34.8,266135,0
NRGU.US,D,20201009,000000,35.4,36.326,33,33.2,252784,0
NRGU.US,D,20201012,000000,32.01,34.0352,31.43,33.97,275874,0
NRGU.US,D,20201013,000000,33.45,34.69,31.8832,32.09,174748,0
NRGU.US,D,20201014,000000,31.5,34.679,31.5,32.02,292841,0
NRGU.US,D,20201015,000000,30.69,33.5,29.3,33.41,243190,0
NRGU.US,D,20201016,000000,33.41,33.41,30.5,30.85,256593,0
NRGU.US,D,20201019,000000,31.26,31.26,27.77,27.8,317841,0
NRGU.US,D,20201020,000000,28.2,29.55,27.3421,28.99,246321,0
NRGU.US,D,20201021,000000,28.09,28.7,26.49,26.71,264790,0
NRGU.US,D,20201022,000000,27.17,29.93,25.625,29.68,351085,0
NRGU.US,D,20201023,000000,30.05,31.5,29.05,30.22,249306,0
NRGU.US,D,20201026,000000,28.21,28.76,25.3301,26.16,398142,0
NRGU.US,D,20201027,000000,26.47,26.47,24.95,25.18,260692,0
NRGU.US,D,20201028,000000,22.78,23.88,21.275,21.89,510796,0
NRGU.US,D,20201029,000000,20.89,24,20.0301,23.98,353380,0
NRGU.US,D,20201030,000000,22.9,24.29,22.3412,24.07,257846,0
NRGU.US,D,20201102,000000,24.65,28.04,23.7557,26.94,316290,0
NRGU.US,D,20201103,000000,28.41,28.7,25.58,26.43,255270,0
NRGU.US,D,20201104,000000,26.65,28.78,24.48,27.08,248378,0
NRGU.US,D,20201105,000000,27.08,28.75,26.5912,27.03,163891,0
NRGU.US,D,20201106,000000,26.76,28.2,24.83,25.27,199993,0
NRGU.US,D,20201109,000000,32.68,40.4068,32.68,39,861173,0
NRGU.US,D,20201110,000000,40.55,42.16,37.7383,42.11,370720,0
NRGU.US,D,20201111,000000,44.69,44.69,39.6402,40.9,369411,0
NRGU.US,D,20201112,000000,38,40.13,34.35,35.22,422331,0
NRGU.US,D,20201113,000000,36.43,41.185,35.987,40.8,246384,0
NRGU.US,D,20201116,000000,46,49.8,44.51,49.74,505510,0
NRGU.US,D,20201117,000000,46.31,51.41,44.6903,51.29,524116,0
NRGU.US,D,20201118,000000,52.13,53.89,46.92,46.96,435566,0
NRGU.US,D,20201119,000000,45,49.2267,44,48.6,284504,0
NRGU.US,D,20201120,000000,47.97,49.24,47.24,48.16,138316,0
NRGU.US,D,20201123,000000,50.73,61.01,50.73,60.64,556421,0
NRGU.US,D,20201124,000000,69.23,71.98,66.06,70.95,795196,0
NRGU.US,D,20201125,000000,68.99,69.64,64.7,66.4,434015,0
NRGU.US,D,20201127,000000,64.93,67.15,62.5,64.06,243934,0
NRGU.US,D,20201130,000000,62.29,62.3,50.76,51.47,566521,0
NRGU.US,D,20201201,000000,55.83,56.74,50.91,51.4,462520,0
NRGU.US,D,20201202,000000,50,59.45,49.87,56.5,565041,0
NRGU.US,D,20201203,000000,58.36,61.93,55.4278,59.43,528469,0
NRGU.US,D,20201204,000000,64.1,72.1,63.39,71.92,668276,0
NRGU.US,D,20201207,000000,68.07,69.75,63.68,66.37,562706,0
NRGU.US,D,20201208,000000,62.9,71.4701,62.9,69.28,470416,0
NRGU.US,D,20201209,000000,73.03,76.2,67.3,71.15,1033661,0
NRGU.US,D,20201210,000000,71.92,82.3999,70.78,79.9,983968,0
NRGU.US,D,20201211,000000,78.28,78.5925,72.79,76.04,648312,0
NRGU.US,D,20201214,000000,81.64,81.64,65.88,66.7,992716,0
NRGU.US,D,20201215,000000,67.11,72,65,71.2,675645,0
NRGU.US,D,20201216,000000,71.38,73,68.33,69.67,391643,0
NRGU.US,D,20201217,000000,71.5,71.89,66.8801,67.91,338961,0
NRGU.US,D,20201218,000000,67.97,68.6416,63.05,65.17,512299,0
NRGU.US,D,20201221,000000,57,62.52,54.6,60.23,606456,0
NRGU.US,D,20201222,000000,59.63,60.71,56.56,56.8,334937,0
NRGU.US,D,20201223,000000,58.28,64.78,58.28,62.47,532557,0
NRGU.US,D,20201224,000000,62.3,62.5,59.09,60.91,241177,0
NRGU.US,D,20201228,000000,62.76,64.6999,59.22,59.83,364705,0
NRGU.US,D,20201229,000000,61.35,61.57,57.85,58.97,219516,0
NRGU.US,D,20201230,000000,58.61,63.93,58.5,63.63,313246,0
NRGU.US,D,20201231,000000,62.84,63.3,60.82,61.17,163533,0
NRGU.US,D,20210104,000000,63.12,64.66,58.65,60.98,308428,0
NRGU.US,D,20210105,000000,62.05,75.35,62.05,70.32,790312,0
NRGU.US,D,20210106,000000,74,78.6299,70.76,76.95,516503,0
NRGU.US,D,20210107,000000,79.55,84.49,77.11,82.6,437068,0
NRGU.US,D,20210108,000000,85.25,85.6341,78.72,80.12,425837,0
NRGU.US,D,20210111,000000,74.81,83.9999,72.5,83.07,249135,0
NRGU.US,D,20210112,000000,85.74,94.9152,85.1,93.55,388700,0
NRGU.US,D,20210113,000000,94.41,94.41,86.71,88.83,365564,0
NRGU.US,D,20210114,000000,89.99,100.5,89.91,97.8,374508,0
NRGU.US,D,20210115,000000,92,92.08,82.6164,84.62,526142,0
NRGU.US,D,20210119,000000,89.44,93.9814,86.81,91.75,276631,0
NRGU.US,D,20210120,000000,94.5,95.1241,89.31,92.68,320419,0
NRGU.US,D,20210121,000000,91.55,92.24,79.7,82.21,528879,0
NRGU.US,D,20210122,000000,75.73,81.78,74.07,81.14,364334,0
NRGU.US,D,20210125,000000,78.6,80.195,74.43,80,436498,0
NRGU.US,D,20210126,000000,82,85.5425,73.82,73.87,357433,0
NRGU.US,D,20210127,000000,69.85,78.25,66.67,71.31,526194,0
NRGU.US,D,20210128,000000,74.24,76.14,69.465,73.5,292548,0
NRGU.US,D,20210129,000000,70,73.72,64.6489,66,532602,0
NRGU.US,D,20210201,000000,69.12,69.12,62.8221,66.41,368693,0
NRGU.US,D,20210202,000000,72.05,74.15,68.87,68.87,480185,0
NRGU.US,D,20210203,000000,71.18,80.2418,69.54,79.96,508950,0
NRGU.US,D,20210204,000000,82.13,82.8251,76.5,82,323975,0
NRGU.US,D,20210205,000000,85.81,86.8768,82.65,83.35,286306,0
NRGU.US,D,20210208,000000,87.55,98,87.25,97.26,604291,0
NRGU.US,D,20210209,000000,93,94.55,89.16,92.54,439541,0
NRGU.US,D,20210210,000000,94.16,99.7399,92.26,98.5,447877,0
NRGU.US,D,20210211,000000,97.01,97.435,87.8821,94.92,369012,0
NRGU.US,D,20210212,000000,91.98,99.19,91.97,98.42,316289,0
NRGU.US,D,20210216,000000,106.54,111.59,104.84,108.64,361854,0
NRGU.US,D,20210217,000000,109.99,114.165,105.5,112.06,314897,0
NRGU.US,D,20210218,000000,108.16,111,103.44,104.69,262823,0
NRGU.US,D,20210219,000000,106,113.52,105.21,112.72,299211,0
NRGU.US,D,20210222,000000,116.48,130.6399,114.9,125.45,489569,0
NRGU.US,D,20210223,000000,129,134,114.01,132.86,435143,0
NRGU.US,D,20210224,000000,135.45,150.01,130.92,147.78,441242,0
NRGU.US,D,20210225,000000,148.94,150.53,134.615,138.2,459167,0
NRGU.US,D,20210226,000000,131.02,134.5077,114.01,128.41,509481,0
NRGU.US,D,20210301,000000,137.99,140,132.46,135.06,213818,0
NRGU.US,D,20210302,000000,135,139.93,132.0473,132.25,247644,0
NRGU.US,D,20210303,000000,136.58,150.2899,136.58,141.6,347317,0
NRGU.US,D,20210304,000000,146.88,160.1099,141.5,152.48,619935,0
NRGU.US,D,20210305,000000,171.32,173.5542,154.15,170.88,786163,0
NRGU.US,D,20210308,000000,176.2801,179.3399,163.1715,169.32,523189,0
NRGU.US,D,20210309,000000,166.16,175.06,153.63,155.75,404637,0
NRGU.US,D,20210310,000000,158.06,170.12,153.8558,168.5,365168,0
NRGU.US,D,20210311,000000,172.78,182.31,169.6948,174.9,308240,0
NRGU.US,D,20210312,000000,174.9,178.89,170.6,174.4,176010,0
NRGU.US,D,20210315,000000,172.02,172.49,159.73,167.16,342631,0
NRGU.US,D,20210316,000000,157,158.6699,149,152.31,386530,0
NRGU.US,D,20210317,000000,150,158.99,146.28,158.7,264089,0
NRGU.US,D,20210318,000000,153,154.8981,131.175,132.85,416839,0
NRGU.US,D,20210319,000000,134.8,142.269,127.79,136.87,274863,0
NRGU.US,D,20210322,000000,134,136.1548,129.66,130.4,175897,0
NRGU.US,D,20210323,000000,120,133.33,118.69,124.29,265961,0
NRGU.US,D,20210324,000000,132.27,139.85,131.7,135.13,266809,0
NRGU.US,D,20210325,000000,128.8,137.2,120.665,135.36,302523,0
NRGU.US,D,20210326,000000,144.5,146.7501,138.79,146.69,218184,0
NRGU.US,D,20210329,000000,141,143.22,133.08,139.9,164801,0
NRGU.US,D,20210330,000000,133.34,141.595,132.53,138.12,94825,0
NRGU.US,D,20210331,000000,137.01,138.96,133,134.13,171061,0
NRGU.US,D,20210401,000000,136.14,146.8,134.5,146.8,268956,0
NRGU.US,D,20210405,000000,143.51,143.51,127.4936,130.94,341953,0
NRGU.US,D,20210406,000000,133.6,139.707,129.15,130.21,202307,0
NRGU.US,D,20210407,000000,130.5,133.76,128.7301,132.3,129394,0
NRGU.US,D,20210408,000000,129.38,129.38,121.49,126.39,228673,0
NRGU.US,D,20210409,000000,125,130.24,122.15,123.55,150413,0
NRGU.US,D,20210412,000000,127.61,130.16,118.7395,119.57,226381,0
NRGU.US,D,20210413,000000,118.05,121.1,115.93,119,196638,0
NRGU.US,D,20210414,000000,123.27,135.63,122.87,131.34,278803,0
NRGU.US,D,20210415,000000,132.26,132.26,124.61,126.3,249599,0
NRGU.US,D,20210416,000000,128.37,130.61,121.52,122.93,161036,0
NRGU.US,D,20210419,000000,122.93,127.18,118,121.39,166488,0
NRGU.US,D,20210420,000000,119.93,120.15,106.16,110.45,375829,0
NRGU.US,D,20210421,000000,105,117,104.53,116.92,204011,0
NRGU.US,D,20210422,000000,117.23,117.23,109.91,111.14,149198,0
NRGU.US,D,20210423,000000,110.65,116.2465,109.015,115.14,103130,0
NRGU.US,D,20210426,000000,113.7,119.5,113.7,117.68,96993,0
NRGU.US,D,20210427,000000,119.89,124.88,118.25,123.75,123075,0
NRGU.US,D,20210428,000000,125.56,139.621,125.56,137.5,340071,0
NRGU.US,D,20210429,000000,144.85,148.32,137.1606,141.99,275603,0
NRGU.US,D,20210430,000000,134.32,143.68,131,131.69,185590,0
NRGU.US,D,20210503,000000,136.57,145.04,135.89,144.79,210512,0
NRGU.US,D,20210504,000000,144.25,147.985,137.51,143.95,234525,0
NRGU.US,D,20210505,000000,150,159.91,150,158.9,188297,0
NRGU.US,D,20210506,000000,159.7,159.89,147.42,159.67,229054,0
NRGU.US,D,20210507,000000,155,170.25,153,169.71,344130,0
NRGU.US,D,20210510,000000,174.8,183,167.6,167.6,382412,0
NRGU.US,D,20210511,000000,155,160.08,146.25,151.45,427229,0
NRGU.US,D,20210512,000000,158,168.5226,152,154.54,407811,0
NRGU.US,D,20210513,000000,149.61,157.47,139.6689,145.6,238378,0
NRGU.US,D,20210514,000000,151,164.26,150.98,162.7,252307,0
NRGU.US,D,20210517,000000,160.67,173.6899,159.52,173.27,204070,0
NRGU.US,D,20210518,000000,172.33,176.3315,161.77,163.14,256790,0
NRGU.US,D,20210519,000000,150.7,156.785,143.81,150.68,361556,0
NRGU.US,D,20210520,000000,151.7185,151.7185,143.15,148.8,314090,0
NRGU.US,D,20210521,000000,155.08,157.39,148.96,149.45,183786,0
NRGU.US,D,20210524,000000,153.64,155.5,147.3681,155,180547,0
NRGU.US,D,20210525,000000,153.06,154.98,144.705,145.64,248790,0
NRGU.US,D,20210526,000000,144.52,152.5,144.4,151.41,144762,0
NRGU.US,D,20210527,000000,151.74,156.7999,151.565,155.66,180053,0
NRGU.US,D,20210528,000000,158.46,158.46,152.82,155.01,139776,0
NRGU.US,D,20210601,000000,164.26,175.17,164.26,174.8,522590,0
NRGU.US,D,20210602,000000,177.93,186.64,170,184.15,325817,0
NRGU.US,D,20210603,000000,182.14,189.76,178.5501,185.45,248917,0
NRGU.US,D,20210604,000000,189.83,192.005,181.08,189.61,206699,0
NRGU.US,D,20210607,000000,189.67,193.1899,187.19,188.61,119081,0
NRGU.US,D,20210608,000000,186.47,193.8299,177.81,191.36,244646,0
NRGU.US,D,20210609,000000,193.01,196.16,185.87,186.03,243790,0
NRGU.US,D,20210610,000000,192,196.44,178.68,184.82,333149,0
NRGU.US,D,20210611,000000,187.59,190.27,182,182.66,111740,0
NRGU.US,D,20210614,000000,186.5,189.8484,177.88,182.33,136695,0
NRGU.US,D,20210615,000000,185.18,193.51,184.55,189.98,197611,0
NRGU.US,D,20210616,000000,189.96,194.3,181.5,189.2,330724,0
NRGU.US,D,20210617,000000,186.28,190.8178,160.4212,167.16,611145,0
NRGU.US,D,20210618,000000,159.87,164.74,154.68,154.85,324982,0
NRGU.US,D,20210621,000000,159.65,177.0999,158.95,176.73,323916,0
NRGU.US,D,20210622,000000,173.78,182.3,169,180.04,302238,0
NRGU.US,D,20210623,000000,185.7,193.58,182.86,183.08,309179,0
NRGU.US,D,20210624,000000,183.55,188.5,179.7,187.77,209429,0
NRGU.US,D,20210625,000000,190,193.31,186.2312,192.19,290771,0
NRGU.US,D,20210628,000000,189.93,189.93,168.41,170.7,597245,0
NRGU.US,D,20210629,000000,174,177.13,166.81,168.04,266599,0
NRGU.US,D,20210630,000000,171.5,176.4746,170,174.21,222828,0
NRGU.US,D,20210701,000000,186,188.98,180.7,185.08,373345,0
NRGU.US,D,20210702,000000,183.01,186.2099,177,183.76,253836,0
NRGU.US,D,20210706,000000,184.44,184.44,162.7301,164.22,677607,0
NRGU.US,D,20210707,000000,163.8,166.81,148,152.71,464061,0
NRGU.US,D,20210708,000000,143.99,153.72,142,149.07,288933,0
NRGU.US,D,20210709,000000,156.03,158.15,149,157.35,196836,0
NRGU.US,D,20210712,000000,152,160.16,148.55,156.81,178713,0
NRGU.US,D,20210713,000000,153.48,157.32,149.9401,153.7,171863,0
NRGU.US,D,20210714,000000,155.5,160.11,134.44,136.37,429241,0
NRGU.US,D,20210715,000000,131.1,136.05,127.4,129.05,331466,0
NRGU.US,D,20210716,000000,132.9,133,116,117.03,468437,0
NRGU.US,D,20210719,000000,104.17,108.1699,98.24,103.21,669868,0
NRGU.US,D,20210720,000000,103.08,110.71,100.3565,107.5,507670,0
NRGU.US,D,20210721,000000,113.3401,122.8954,113.0706,120.56,480963,0
NRGU.US,D,20210722,000000,120.23,120.23,112.4,116.17,402842,0
NRGU.US,D,20210723,000000,117.29,117.8,110.2,113.76,262986,0
NRGU.US,D,20210726,000000,113.76,123.33,112.82,121.51,269729,0
NRGU.US,D,20210727,000000,118.34,118.96,113.16,117.7,277616,0
NRGU.US,D,20210728,000000,118.98,125.89,116.35,123.32,170142,0
NRGU.US,D,20210729,000000,128.48,129.68,123.73,125.43,209750,0
NRGU.US,D,20210730,000000,123.09,125.0799,117.35,119.78,235284,0
NRGU.US,D,20210802,000000,120.8,129.14,115.25,115.51,323089,0
NRGU.US,D,20210803,000000,113.5,125.56,112.2,125.56,365487,0
NRGU.US,D,20210804,000000,118.42,121.68,112.34,112.72,643573,0
NRGU.US,D,20210805,000000,114.9,122.4001,114,118.18,320074,0
NRGU.US,D,20210806,000000,121.59,124.4,118.63,120.64,219089,0
NRGU.US,D,20210809,000000,113.78,117.85,112.4442,114.76,343335,0
NRGU.US,D,20210810,000000,117.3199,121,116.2,120.11,272161,0
NRGU.US,D,20210811,000000,119,123.8,116.79,123.58,270301,0
NRGU.US,D,20210812,000000,123.08,125,118.77,123.73,244255,0
NRGU.US,D,20210813,000000,122.12,123.27,116.78,117,260187,0
NRGU.US,D,20210816,000000,112.59,112.59,106.88,108.68,321621,0
NRGU.US,D,20210817,000000,105.55,110.31,102.665,104.95,238181,0
NRGU.US,D,20210818,000000,105.12,108.01,98,98.38,356383,0
NRGU.US,D,20210819,000000,92.36,95.55,85.89,90.25,1176378,0
NRGU.US,D,20210820,000000,87.38,92.599,86.5,90.84,445126,0
NRGU.US,D,20210823,000000,98.37,102.77,98.37,102.23,556840,0
NRGU.US,D,20210824,000000,105.59,109.805,104.12,108.63,473977,0
NRGU.US,D,20210825,000000,108.55,114,105.77,112.07,242542,0
NRGU.US,D,20210826,000000,109.86,111.47,105.42,106.14,340172,0
NRGU.US,D,20210827,000000,110.3,118.8199,110.2247,116.41,406381,0
NRGU.US,D,20210830,000000,118,119.03,111.1,111.57,296357,0
NRGU.US,D,20210831,000000,109.98,114.07,107.92,110.67,235037,0
NRGU.US,D,20210901,000000,110.58,111.99,102.75,104.35,492660,0
NRGU.US,D,20210902,000000,107.9,116.3473,107.75,112.56,382949,0
NRGU.US,D,20210903,000000,112.34,114.855,108.36,110.17,254781,0
NRGU.US,D,20210907,000000,107.82,113.9499,107.1891,109,269323,0
NRGU.US,D,20210908,000000,111.39,112.8,103.15,103.35,413297,0
NRGU.US,D,20210909,000000,101.44,109.5,99.3,104.79,369613,0
NRGU.US,D,20210910,000000,109.51,109.9,102.72,103.61,330762,0
NRGU.US,D,20210913,000000,108,115.599,108,114.85,789553,0
NRGU.US,D,20210914,000000,118.36,119.1457,107.29,108.97,477165,0
NRGU.US,D,20210915,000000,114,122.23,114,122.23,636365,0
NRGU.US,D,20210916,000000,121,122,116.1231,118.26,222002,0
NRGU.US,D,20210917,000000,116,121.9508,115.11,116.91,368932,0
NRGU.US,D,20210920,000000,107.44,108.9242,98.0507,104,958095,0
NRGU.US,D,20210921,000000,108.32,109.6673,101.5,105.49,401913,0
NRGU.US,D,20210922,000000,110.5,120.755,110.5,117.26,728123,0
NRGU.US,D,20210923,000000,119.03,130.14,116.8,129.37,561039,0
NRGU.US,D,20210924,000000,126.32,134.93,125.621,132.85,418825,0
NRGU.US,D,20210927,000000,141.42,149.629,141.42,148.34,503903,0
NRGU.US,D,20210928,000000,154.11,157.6822,147.501,149.63,579723,0
NRGU.US,D,20210929,000000,147.7,151.315,142.25,148.76,322491,0
NRGU.US,D,20210930,000000,147.44,151,141.61,144.04,525897,0
NRGU.US,D,20211001,000000,148.22,161.36,147.58,161.23,650650,0
NRGU.US,D,20211004,000000,167.29,174.89,164.12,170.17,695845,0
NRGU.US,D,20211005,000000,177.14,184.0499,168.09,174.8,637772,0
NRGU.US,D,20211006,000000,166.06,173.4,161,172.53,446206,0
NRGU.US,D,20211007,000000,172.9899,178.5,170.33,175.33,375318,0
NRGU.US,D,20211008,000000,181,197.83,180.655,196.63,698446,0
NRGU.US,D,20211011,000000,205.41,207.59,192.43,193.63,557306,0
NRGU.US,D,20211012,000000,193.07,200.51,189.42,192.75,346121,0
NRGU.US,D,20211013,000000,187,194.05,180.24,190.82,346947,0
NRGU.US,D,20211014,000000,198.08,200.68,189.81,195,183864,0
NRGU.US,D,20211015,000000,200,203.5,193.465,194,214439,0
NRGU.US,D,20211018,000000,200.03,204,190.75,194.42,286103,0
NRGU.US,D,20211019,000000,197.28,203.98,193.92,201.29,244305,0
NRGU.US,D,20211020,000000,195.51,208.1143,194.24,207.95,299163,0
NRGU.US,D,20211021,000000,204.05,208.2315,194.06,199.65,435236,0
NRGU.US,D,20211022,000000,202.11,207,195.245,205.21,498981,0
NRGU.US,D,20211025,000000,212.88,220,210.96,214.82,332583,0
NRGU.US,D,20211026,000000,216.68,220.22,212.009,216.49,244654,0
NRGU.US,D,20211027,000000,208.24,211.59,192.11,193.75,494500,0
NRGU.US,D,20211028,000000,191.05,197.1101,189.71,196.12,224072,0
NRGU.US,D,20211029,000000,197.75,198.8,187.05,190.43,259382,0
NRGU.US,D,20211101,000000,195.7,201.69,194.4,200,244135,0
NRGU.US,D,20211102,000000,198.35,202,190.14,191.08,331297,0
NRGU.US,D,20211103,000000,182.85,192.35,180.5,187.23,355847,0
NRGU.US,D,20211104,000000,195.5,197.39,180.51,186,435505,0
NRGU.US,D,20211105,000000,193,196.59,187.06,194.05,264181,0
NRGU.US,D,20211108,000000,200,207.7839,198.37,200.76,349746,0
NRGU.US,D,20211109,000000,200.21,204,193.31,203.79,224990,0
NRGU.US,D,20211110,000000,200.5,202.0535,182.3,185.1,450464,0
NRGU.US,D,20211111,000000,186.9,192.4163,186.5199,186.88,141044,0
NRGU.US,D,20211112,000000,183.12,188.2,181.8,185.6,101671,0
NRGU.US,D,20211115,000000,184.71,193,179.5,188.87,299654,0
NRGU.US,D,20211116,000000,190,192.4,184.3,187,154979,0
NRGU.US,D,20211117,000000,182,188.8569,173.3,175.84,324656,0
NRGU.US,D,20211118,000000,174.7,179.5,166.23,173.13,280140,0
NRGU.US,D,20211119,000000,161.54,162.9022,149.71,151.17,603626,0
NRGU.US,D,20211122,000000,151.78,168.99,151.426,161.75,442567,0
NRGU.US,D,20211123,000000,167.7105,181.6,167.7105,179.75,462778,0
NRGU.US,D,20211124,000000,175.06,187.45,175.06,183.71,241748,0
NRGU.US,D,20211126,000000,155,157.12,140.0001,155.32,770966,0
NRGU.US,D,20211129,000000,167.45,172.39,156.05,158.27,511864,0
NRGU.US,D,20211130,000000,147.85,157.36,145.14,149.26,477600,0
NRGU.US,D,20211201,000000,161.25,165.5,144,144.3,442144,0
NRGU.US,D,20211202,000000,141.57,160,137.945,157.89,363450,0
NRGU.US,D,20211203,000000,166.06,168.16,148.5,152.78,471001,0
NRGU.US,D,20211206,000000,160.55,166,153.5,160,306544,0
NRGU.US,D,20211207,000000,167,180.1539,167,172.94,235802,0
NRGU.US,D,20211208,000000,175,177.15,169.59,170.81,106498,0
NRGU.US,D,20211209,000000,167.82,169.43,162.4701,165.86,156338,0
NRGU.US,D,20211210,000000,171.89,171.89,159.5041,169.52,152052,0
NRGU.US,D,20211213,000000,164.38,165,151.05,154.17,257077,0
NRGU.US,D,20211214,000000,151,160.2499,149.6506,153.29,149491,0
NRGU.US,D,20211215,000000,151.01,153.37,139,150.67,420783,0
NRGU.US,D,20211216,000000,154.22,164.1794,153.4243,154.03,309637,0
NRGU.US,D,20211217,000000,149.99,152,140.6525,144.99,320443,0
NRGU.US,D,20211220,000000,134,139.77,127.5,139.57,423758,0
NRGU.US,D,20211221,000000,146.42,155,145,154.36,249289,0
NRGU.US,D,20211222,000000,154,160.27,149.0012,155.67,196378,0
NRGU.US,D,20211223,000000,159.6,163.7492,155.82,156.01,141343,0
NRGU.US,D,20211227,000000,154.55,167.21,149.5,166.68,202090,0
NRGU.US,D,20211228,000000,169.42,173,164.5,167.174,160481,0
NRGU.US,D,20211229,000000,166.58,169.74,162,164.7,126969,0
NRGU.US,D,20211230,000000,164.52,169.075,160.45,160.8,90979,0
NRGU.US,D,20211231,000000,159.3,165.19,158.72,162.38,94191,0
NRGU.US,D,20220103,000000,162.915,178.91,162.915,178.15,237283,0
NRGU.US,D,20220104,000000,184.27,201.5,183.645,199.23,607888,0
NRGU.US,D,20220105,000000,204.7,210.76,194.6,195.3,473530,0
NRGU.US,D,20220106,000000,210,215.02,202.84,212.33,344897,0
NRGU.US,D,20220107,000000,213.14,222.66,211.15,221.99,363652,0
NRGU.US,D,20220110,000000,220,224.1412,210.04,220,219912,0
NRGU.US,D,20220111,000000,226.34,246.85,221.22,245.7297,327295,0
NRGU.US,D,20220112,000000,248.08,253.0099,241.146,248.635,221277,0
NRGU.US,D,20220113,000000,248.82,255.02,242.27,245.93,308105,0
NRGU.US,D,20220114,000000,247,265.49,246.14,265.25,333908,0
NRGU.US,D,20220118,000000,277.98,279.359,255,269.2,389387,0
NRGU.US,D,20220119,000000,275.88,277.4808,255.8,266,413399,0
NRGU.US,D,20220120,000000,256.84,275.59,248.37,249.4,374504,0
NRGU.US,D,20220121,000000,239.64,243.17,223.09,232.14,393422,0
NRGU.US,D,20220124,000000,212.42,236.5708,198.58,232.68,412452,0
NRGU.US,D,20220125,000000,230.49,264.2428,217.7224,258.48,454466,0
NRGU.US,D,20220126,000000,272.89,276.942,249.16,255.5,361504,0
NRGU.US,D,20220127,000000,272.38,281,252.67,268.42,485662,0
NRGU.US,D,20220128,000000,265.66,277.4,248.3179,265.85,363681,0
NRGU.US,D,20220131,000000,267.39,275.42,250,272.06,311030,0
NRGU.US,D,20220201,000000,265.39,300.5595,263.55,299.56,463871,0
NRGU.US,D,20220202,000000,299.15,307.32,284,306.1,318858,0
NRGU.US,D,20220203,000000,300.16,305.61,286.4,297.79,303231,0
NRGU.US,D,20220204,000000,307.64,330.8522,307.29,314.06,302249,0
NRGU.US,D,20220207,000000,309.37,335,301.6737,326.98,253493,0
NRGU.US,D,20220208,000000,322.84,323.01,297.03,305.7,302604,0
NRGU.US,D,20220209,000000,307.45,322.67,306.26,311.72,178333,0
NRGU.US,D,20220210,000000,310.46,328.9299,304.08,309.48,311052,0
NRGU.US,D,20220211,000000,313.76,343,313.066,341.93,366508,0
NRGU.US,D,20220214,000000,334.56,334.56,305,316.94,471899,0
NRGU.US,D,20220215,000000,291.5101,303.56,281.11,300.78,412413,0
NRGU.US,D,20220216,000000,310.81,321.07,295.7,302.8,323586,0
NRGU.US,D,20220217,000000,301.78,310.07,293.13,301.41,172906,0
NRGU.US,D,20220218,000000,290,305.87,289.75,299.12,129102,0
NRGU.US,D,20220222,000000,324.18,325,269.35,282.96,254685,0
NRGU.US,D,20220223,000000,289,297.11,282.11,288.92,136585,0
NRGU.US,D,20220224,000000,308,308,262.01,284.47,332838,0
NRGU.US,D,20220225,000000,282.71,301.7797,282.71,299.5,149769,0
NRGU.US,D,20220228,000000,298.76,330.79,292.55,330,282668,0
NRGU.US,D,20220301,000000,340.55,356,327,337.99,259308,0
NRGU.US,D,20220302,000000,354.34,366.73,341.5,356.64,210154,0
NRGU.US,D,20220303,000000,350,365.43,343,353.1,169037,0
NRGU.US,D,20220304,000000,357.11,392.49,353.54,392.49,258045,0
NRGU.US,D,20220307,000000,410.97,413,357.6201,384,375059,0
NRGU.US,D,20220308,000000,406.78,438.8,360.0006,396.89,534988,0
NRGU.US,D,20220309,000000,353.14,395.05,335.74,370.92,352015,0
NRGU.US,D,20220310,000000,384.93,407.4599,372.22,400.21,285400,0
NRGU.US,D,20220311,000000,385.01,410.8046,385.01,395.81,181827,0
NRGU.US,D,20220314,000000,380,381.9658,346.21,370,210128,0
NRGU.US,D,20220315,000000,329.05,344.8797,314,333.09,216504,0
NRGU.US,D,20220316,000000,340,347,326.63,331.04,116504,0
NRGU.US,D,20220317,000000,355.23,376.51,351.12,373.49,154099,0
NRGU.US,D,20220318,000000,373.74,379.98,364.65,373.74,86690,0
NRGU.US,D,20220321,000000,394.04,425,394.04,422,214086,0
NRGU.US,D,20220322,000000,414.98,421.172,392,409.4,128892,0
NRGU.US,D,20220323,000000,432.1,444,426.77,428.88,137861,0
NRGU.US,D,20220324,000000,427.13,434,418,423.08,76922,0
NRGU.US,D,20220325,000000,417.11,452.7,414.02,448.81,119985,0
NRGU.US,D,20220328,000000,421.79,427,410.76,419,168526,0
NRGU.US,D,20220329,000000,392.42,419.15,378.98,418.5,267415,0
NRGU.US,D,20220330,000000,434,448.42,430.03,439.51,127806,0
NRGU.US,D,20220331,000000,427.43,458.7999,425,428.54,145335,0
NRGU.US,D,20220401,000000,425.79,444.42,422.09,434,101688,0
NRGU.US,D,20220404,000000,443.11,445.85,420.95,436.98,76121,0
NRGU.US,D,20220405,000000,436,455.75,411.12,413.82,125181,0
NRGU.US,D,20220406,000000,428.94,436.26,409.1516,416.83,122009,0
NRGU.US,D,20220407,000000,428.2,435.4,395,433.5,119767,0
NRGU.US,D,20220408,000000,437,473,437,471.81,170965,0
NRGU.US,D,20220411,000000,452,452,418.62,422.34,182492,0
NRGU.US,D,20220412,000000,445.16,466.96,438.69,442.96,139327,0
NRGU.US,D,20220413,000000,459,465,436.62,460.87,103953,0
NRGU.US,D,20220414,000000,456,472,454.01,459.7,84035,0
NRGU.US,D,20220418,000000,471.5,497.07,465,495.35,100343,0
NRGU.US,D,20220419,000000,479.92,500,472.32,478.96,91021,0
NRGU.US,D,20220420,000000,487.76,496.9101,478.9358,493.75,86971,0
NRGU.US,D,20220421,000000,499.39,510.9253,435.1501,444.33,195026,0
NRGU.US,D,20220422,000000,441.6,450.86,401.72,401.72,160274,0
NRGU.US,D,20220425,000000,363.54,370.86,318.02,364,254361,0
NRGU.US,D,20220426,000000,372.93,399,365.7937,370,107853,0
NRGU.US,D,20220427,000000,375,402.52,354.94,394.69,84047,0
NRGU.US,D,20220428,000000,400,443.5922,376.7301,437.5,98636,0
NRGU.US,D,20220429,000000,440.71,445.445,400,406.69,74673,0
NRGU.US,D,20220502,000000,393.43,431,392,431,135982,0
NRGU.US,D,20220503,000000,433,478.41,433,476.94,152374,0
NRGU.US,D,20220504,000000,500,540.99,485.68,540.96,196483,0
NRGU.US,D,20220505,000000,551.85,559.9399,490,525,177647,0
NRGU.US,D,20220506,000000,550.75,582,514.96,582,196725,0
NRGU.US,D,20220509,000000,537.46,545.08,422.8375,432.5,298976,0
NRGU.US,D,20220510,000000,453.66,482.89,417,448.66,229406,0
NRGU.US,D,20220511,000000,470.82,506.55,458.17,460.04,173984,0
NRGU.US,D,20220512,000000,460.76,469.1223,422,465,151518,0
NRGU.US,D,20220513,000000,491.86,526,486.77,520,184284,0
NRGU.US,D,20220516,000000,543.33,577.8799,524.66,566.37,155147,0
NRGU.US,D,20220517,000000,587.53,591,567.6,583,129444,0
NRGU.US,D,20220518,000000,590.8,595.95,515,533,137164,0
NRGU.US,D,20220519,000000,495.75,553.3784,495.4,526.4665,148576,0
NRGU.US,D,20220520,000000,545.1,561.08,495,526.24,156715,0
NRGU.US,D,20220523,000000,545.87,568.62,532.531,563.38,130385,0
NRGU.US,D,20220524,000000,540,575,528.18,566.54,135292,0
NRGU.US,D,20220525,000000,571.43,608.08,571.43,604.85,121110,0
NRGU.US,D,20220526,000000,619.87,638.27,616.16,627.98,118779,0
NRGU.US,D,20220527,000000,623.34,667,616.19,663.64,75668,0
NRGU.US,D,20220531,000000,700.38,722.5776,637.0453,647.1,156453,0
NRGU.US,D,20220601,000000,673.44,692.99,644.99,678.04,115953,0
NRGU.US,D,20220602,000000,659.39,688.6742,649.147,673.91,111987,0
NRGU.US,D,20220603,000000,660.3,706.91,660.3,699.33,90912,0
NRGU.US,D,20220606,000000,708.2,720.7099,690.1605,707.02,92614,0
NRGU.US,D,20220607,000000,700,776.91,700,773.73,100622,0
NRGU.US,D,20220608,000000,784.51,797,757.021,774.53,128771,0
NRGU.US,D,20220609,000000,749.78,770,720.29,727.85,75178,0
NRGU.US,D,20220610,000000,701.64,730.36,656.39,685,179030,0
NRGU.US,D,20220613,000000,618.94,619.83,532.59,578.36,292963,0
NRGU.US,D,20220614,000000,615.03,647.44,568.015,589.02,150862,0
NRGU.US,D,20220615,000000,586.95,593.8554,513.15,550.58,150826,0
NRGU.US,D,20220616,000000,499.86,511.7958,431.31,443.56,237227,0
NRGU.US,D,20220617,000000,433.87,444.855,348.19,359.94,515554,0
NRGU.US,D,20220621,000000,398.12,426.32,396.36,416.96,282601,0
NRGU.US,D,20220622,000000,350.25,389.57,350,363.97,226748,0
NRGU.US,D,20220623,000000,380,383.43,305.0001,321.55,314452,0
NRGU.US,D,20220624,000000,339,356.21,322.2191,329.01,286237,0
NRGU.US,D,20220627,000000,347.77,373.5,344.47,367.33,326372,0
NRGU.US,D,20220628,000000,395.88,418.25,377.28,397.84,392799,0
NRGU.US,D,20220629,000000,411.09,420.17,341.27,347.16,288389,0
NRGU.US,D,20220630,000000,320.27,349.67,310.4501,326,259260,0
NRGU.US,D,20220701,000000,335.44,344.0808,304.2901,337,189933,0
NRGU.US,D,20220705,000000,316.7,321.8,272.89,295.02,317908,0
NRGU.US,D,20220706,000000,285.54,301.98,252,282,302485,0
NRGU.US,D,20220707,000000,306.76,319,304.88,311,227898,0
NRGU.US,D,20220708,000000,329.48,329.48,298.2203,312.19,152783,0
NRGU.US,D,20220711,000000,296.68,311,290,302.94,147888,0
NRGU.US,D,20220712,000000,279.04,290.532,265.83,283.98,118784,0
NRGU.US,D,20220713,000000,273,301.53,273,282.2,129365,0
NRGU.US,D,20220714,000000,257.6,265,239.17,263.48,262050,0
NRGU.US,D,20220715,000000,280,285.13,267.99,282.46,139648,0
NRGU.US,D,20220718,000000,307.01,316.99,296.92,300.03,185970,0
NRGU.US,D,20220719,000000,300,333.85,297.77,333.85,145138,0
NRGU.US,D,20220720,000000,319.07,349.06,316.32,347.47,139428,0
NRGU.US,D,20220721,000000,316,323.03,291.706,323.03,214265,0
NRGU.US,D,20220722,000000,319.79,333.4021,305.95,312.85,156300,0
NRGU.US,D,20220725,000000,324.5,350.85,314.01,350.85,128228,0
NRGU.US,D,20220726,000000,366,368.71,326.48,335.91,137674,0
NRGU.US,D,20220727,000000,347.6,368.58,334.6699,361.85,120490,0
NRGU.US,D,20220728,000000,377,385.51,347.5,368.01,148748,0
NRGU.US,D,20220729,000000,385,408.92,379.7021,406,136380,0
NRGU.US,D,20220801,000000,384,390.3861,364.031,384,139972,0
NRGU.US,D,20220802,000000,380.12,393.7891,371.42,382.89,93915,0
NRGU.US,D,20220803,000000,394.04,394.04,337.2907,345.98,186179,0
NRGU.US,D,20220804,000000,339.06,340.01,304.7,307.89,168125,0
NRGU.US,D,20220805,000000,293.34,336.5,293.34,328.01,173780,0
NRGU.US,D,20220808,000000,328.61,344.51,326.13,335.76,131896,0
NRGU.US,D,20220809,000000,348.02,368.81,348.02,357.33,162463,0
NRGU.US,D,20220810,000000,358.16,372,336.32,364.32,144931,0
NRGU.US,D,20220811,000000,385.95,414.7699,383.02,406.59,184997,0
NRGU.US,D,20220812,000000,398.16,421.09,395.8,420.68,82149,0
NRGU.US,D,20220815,000000,373.96,400.41,361.73,396.65,157596,0
NRGU.US,D,20220816,000000,404,415,384.1691,394.83,126444,0
NRGU.US,D,20220817,000000,390.22,425,390.07,410.26,146288,0
NRGU.US,D,20220818,000000,427.7,445.64,425,445.64,135494,0
NRGU.US,D,20220819,000000,438.9,462,435.4221,456.57,126962,0
NRGU.US,D,20220822,000000,444.12,461.0799,417,454.46,204591,0
NRGU.US,D,20220823,000000,474.92,512.98,474.92,501.5,224587,0
NRGU.US,D,20220824,000000,507.44,522.435,496.94,518.83,191392,0
NRGU.US,D,20220825,000000,531.61,543.6,521,538.14,145922,0
NRGU.US,D,20220826,000000,532.01,553.865,513.11,518,199143,0
NRGU.US,D,20220829,000000,518.55,564.6,512.595,542.38,126666,0
NRGU.US,D,20220830,000000,514.91,514.91,472.13,485.81,317720,0
NRGU.US,D,20220831,000000,453.51,496.8,443.511,472.72,169612,0
NRGU.US,D,20220901,000000,449.93,453.79,411.495,429.36,221002,0
NRGU.US,D,20220902,000000,466.9549,473.12,448.33,456.12,164907,0
NRGU.US,D,20220906,000000,474.82,474.82,435.065,440.42,140431,0
NRGU.US,D,20220907,000000,409.6,428.9942,398.19,422.92,126878,0
NRGU.US,D,20220908,000000,427.03,434.32,413.87,425.38,135531,0
NRGU.US,D,20220909,000000,448,462,438.61,455.94,117744,0
NRGU.US,D,20220912,000000,476.15,497.31,466.53,483,157541,0
NRGU.US,D,20220913,000000,465,483.3499,439.33,446.69,248705,0
NRGU.US,D,20220914,000000,459.88,492.43,459.88,479.08,239420,0
NRGU.US,D,20220915,000000,451.35,452.28,429,435.42,222909,0
NRGU.US,D,20220916,000000,430.1,430.13,390,412.8469,179316,0
NRGU.US,D,20220919,000000,378.34,412.33,375.58,410.6765,119833,0
NRGU.US,D,20220920,000000,402.84,417.2257,392.65,409.68,147920,0
NRGU.US,D,20220921,000000,429.98,435.99,390,390.16,127820,0
NRGU.US,D,20220922,000000,410.18,415.27,388.42,389.77,138572,0
NRGU.US,D,20220923,000000,345.01,345.01,300.3101,308.67,336916,0
NRGU.US,D,20220926,000000,304.0001,316.16,285.26,285.26,222522,0
NRGU.US,D,20220927,000000,303.46,314.7999,293.28,299.83,239411,0
NRGU.US,D,20220928,000000,308,353.925,304.305,351.22,268996,0
NRGU.US,D,20220929,000000,342.01,353.52,324,352.196,207323,0
NRGU.US,D,20220930,000000,340.02,359.57,330.86,345.27,193933,0
NRGU.US,D,20221003,000000,384.96,410.37,381.82,403.68,276321,0
NRGU.US,D,20221004,000000,430.5,461.97,420,459.71,222574,0
NRGU.US,D,20221005,000000,462,494.63,443.3338,485,354262,0
NRGU.US,D,20221006,000000,472,512.245,471.66,507.59,199200,0
NRGU.US,D,20221007,000000,515.23,530,483.28,496.16,253465,0
NRGU.US,D,20221010,000000,494.22,513.36,454,458.06,199115,0
NRGU.US,D,20221011,000000,430.15,463.65,420,441.33,215436,0
NRGU.US,D,20221012,000000,436.64,468.85,422,458.7,189433,0
NRGU.US,D,20221013,000000,438.42,525,438.42,514.9,280409,0
NRGU.US,D,20221014,000000,505,524.47,450.2057,455.53,238365,0
NRGU.US,D,20221017,000000,478.27,496.375,465.35,469.18,152154,0
NRGU.US,D,20221018,000000,483.64,494.5075,454.62,483.68,151300,0
NRGU.US,D,20221019,000000,482.48,528.43,480.84,523.17,184125,0
NRGU.US,D,20221020,000000,536.99,557.46,522,530.73,184189,0
NRGU.US,D,20221021,000000,541.91,574.3,535,573.37,202932,0
NRGU.US,D,20221024,000000,575.17,592.685,565.01,582.14,106204,0
NRGU.US,D,20221025,000000,570.61,583.9899,556.03,570.13,99988,0
NRGU.US,D,20221026,000000,585.14,609.43,575,592.99,140998,0
NRGU.US,D,20221027,000000,624.11,634,596.66,601.6,137275,0
NRGU.US,D,20221028,000000,618.14,632.205,570.12,597.28,147762,0
NRGU.US,D,20221031,000000,576.34,633.75,576.34,604.61,130547,0
NRGU.US,D,20221101,000000,633,640,616.95,630,98853,0
NRGU.US,D,20221102,000000,619.46,621.45,561.77,563.29,187055,0
NRGU.US,D,20221103,000000,559.91,616.5,552.6,608.9,113186,0
NRGU.US,D,20221104,000000,653.5,673.0767,599.35,618.99,175884,0
NRGU.US,D,20221107,000000,628.04,657,620,650.42,97509,0
NRGU.US,D,20221108,000000,650,660,627.26,651.15,93926,0
NRGU.US,D,20221109,000000,626.82,627.47,548.4568,550.105,128260,0
NRGU.US,D,20221110,000000,586.88,593.5,552.0288,590.4956,103074,0
NRGU.US,D,20221111,000000,625.2,659.4399,620.01,654.23,166711,0
NRGU.US,D,20221114,000000,648.63,689.41,645.92,650,157051,0
NRGU.US,D,20221115,000000,663.97,677,645.51,675.291,187403,0
NRGU.US,D,20221116,000000,650,667,619.03,629.2,125051,0
NRGU.US,D,20221117,000000,598.04,640,591,639.75,100264,0
NRGU.US,D,20221118,000000,605.64,624.225,577.52,619.81,118684,0
NRGU.US,D,20221121,000000,575.49,601.82,534.41,589.48,222503,0
NRGU.US,D,20221122,000000,608.79,655.25,608.79,652.84,108230,0
NRGU.US,D,20221123,000000,623.59,641,606.581,628.99,111600,0
NRGU.US,D,20221125,000000,631.57,646.7,622.6318,624.616,58612,0
NRGU.US,D,20221128,000000,574.15,600.52,565.9,569.8526,91718,0
NRGU.US,D,20221129,000000,590,603.335,578.5,588.69,92253,0
NRGU.US,D,20221130,000000,608.02,612.7,563.35,585.74,124415,0
NRGU.US,D,20221201,000000,601.36,607.33,575.1228,579.58,68057,0
NRGU.US,D,20221202,000000,570,590.49,551,559.28,91588,0
NRGU.US,D,20221205,000000,578.49,584.9896,493.33,504.513,119792,0
NRGU.US,D,20221206,000000,490.42,513.46,451.37,461.52,115435,0
NRGU.US,D,20221207,000000,465.21,480.0527,449.0334,462.87,85086,0
NRGU.US,D,20221208,000000,488.34,494.115,438.9044,446.35,102647,0
NRGU.US,D,20221209,000000,442.06,453,412.2,413.96,194403,0
NRGU.US,D,20221212,000000,419.92,448.69,413.99,446.52,142950,0
NRGU.US,D,20221213,000000,478,480,453.99,463.01,120405,0
NRGU.US,D,20221214,000000,472.95,481.18,445.3,456.84,75229,0
NRGU.US,D,20221215,000000,439.12,452.4499,425.47,450.8,80873,0
NRGU.US,D,20221216,000000,421.82,439,414.3801,436.84,104917,0
NRGU.US,D,20221219,000000,448.15,453.8336,425.25,434.79,85503,0
NRGU.US,D,20221220,000000,431.23,460.88,431.23,451.31,86584,0
NRGU.US,D,20221221,000000,475.74,482.5,457.37,476.6375,78859,0
NRGU.US,D,20221222,000000,476.96,478,414.46,441.7091,96529,0
NRGU.US,D,20221223,000000,453.11,490,453.11,490,102664,0
NRGU.US,D,20221227,000000,498.93,509.4,489.92,504.4118,104529,0
NRGU.US,D,20221228,000000,500.96,500.96,462.53,467.5,76121,0
NRGU.US,D,20221229,000000,458.16,485.3,458.16,479.63,50159,0
NRGU.US,D,20221230,000000,471.39,491.49,471.39,491.49,62449,0
NRGU.US,D,20230103,000000,477.23,485.035,419.76,427.85,122403,0
NRGU.US,D,20230104,000000,411,438.205,407.8827,431.83,120035,0
NRGU.US,D,20230105,000000,433.4,467.18,430.81,464.35,74340,0
NRGU.US,D,20230106,000000,483.92,507.99,478.94,488.8,98333,0
NRGU.US,D,20230109,000000,510.63,513.73,475.75,478.93,69779,0
NRGU.US,D,20230110,000000,490.68,493.04,467.52,487.94,54900,0
NRGU.US,D,20230111,000000,501.8,507.9499,479.79,492.59,81306,0
NRGU.US,D,20230112,000000,501.36,532.28,500.19,522.86,95618,0
NRGU.US,D,20230113,000000,525.62,529,508.02,524.59,50340,0
NRGU.US,D,20230117,000000,535.48,546.23,518.3,523.66,69210,0
NRGU.US,D,20230118,000000,532.83,561.41,504.1,504.82,100954,0
NRGU.US,D,20230119,000000,500.01,534,493.98,528.94,69462,0
NRGU.US,D,20230120,000000,536,556.52,520.662,556,63157,0
NRGU.US,D,20230123,000000,562.35,580.64,554.96,558.42,59942,0
NRGU.US,D,20230124,000000,559.48,559.48,512.01,550.76,58539,0
NRGU.US,D,20230125,000000,540.08,549.95,518.26,549.95,50197,0
NRGU.US,D,20230126,000000,573.94,604.95,556.71,603.94,75306,0
NRGU.US,D,20230127,000000,603.37,612.698,568.41,569.64,75790,0
NRGU.US,D,20230130,000000,554.67,557.96,522.19,525,51756,0
NRGU.US,D,20230131,000000,520.55,528.5999,505,524.03,48206,0
NRGU.US,D,20230201,000000,520.36,520.939,462.47,483.06,97396,0
NRGU.US,D,20230202,000000,472.81,473.8299,434.06,451.96,84278,0
NRGU.US,D,20230203,000000,458.55,476.7599,440.285,442.44,79747,0
NRGU.US,D,20230206,000000,441.9,451,414,431.93,71878,0
NRGU.US,D,20230207,000000,441.23,483.5,433.92,482.26,106427,0
NRGU.US,D,20230208,000000,483.33,491.79,462.0901,471.74,84531,0
NRGU.US,D,20230209,000000,470.5,475.18,456.8666,457.7842,64336,0
NRGU.US,D,20230210,000000,481,524.83,480.36,522.64,102352,0
NRGU.US,D,20230213,000000,514.45,522.23,498.21,518.44,50585,0
NRGU.US,D,20230214,000000,507.03,530.79,502,526.68,57676,0
NRGU.US,D,20230215,000000,499,499,458.1411,473.17,105564,0
NRGU.US,D,20230216,000000,465,475.99,450.03,451.99,48112,0
NRGU.US,D,20230217,000000,431.78,431.78,394,403.01,171362,0
NRGU.US,D,20230221,000000,400.64,409.48,398.2,401,75120,0
NRGU.US,D,20230222,000000,402.68,409.475,382.2938,392.77,96752,0
NRGU.US,D,20230223,000000,407.93,414.95,391.9147,406.29,77367,0
NRGU.US,D,20230224,000000,390.2,402.46,377.5,398,111175,0
NRGU.US,D,20230227,000000,405.66,410.15,392.62,406.44,73960,0
NRGU.US,D,20230228,000000,417.01,417.48,388.17,388.81,65867,0
NRGU.US,D,20230301,000000,389,426,386.58,423.0001,106669,0
NRGU.US,D,20230302,000000,420,438.35,417.88,434.04,59837,0
NRGU.US,D,20230303,000000,418.23,458.675,417.52,452.82,90991,0
NRGU.US,D,20230306,000000,442.82,450.15,434.49,449.72,67055,0
NRGU.US,D,20230307,000000,447.12,447.12,419.98,427.69,72672,0
NRGU.US,D,20230308,000000,426.04,438.88,398.7,411.55,106283,0
NRGU.US,D,20230309,000000,417.996,441,398.001,399.13,75592,0
NRGU.US,D,20230310,000000,401.1,419,382.3,387.09,119927,0
NRGU.US,D,20230313,000000,356.05,375.38,333.15,355.35,156713,0
NRGU.US,D,20230314,000000,360.32,393.989,354.5,367.9,127004,0
NRGU.US,D,20230315,000000,331.57,336.03,291.9876,307.4,438411,0
NRGU.US,D,20230316,000000,293.53,326,286,323.49,219516,0
NRGU.US,D,20230317,000000,322.17,327.5528,302.67,312.08,166729,0
NRGU.US,D,20230320,000000,311.4,336.32,311.4,330.91,121606,0
NRGU.US,D,20230321,000000,347.94,362.374,345.99,358.69,118154,0
NRGU.US,D,20230322,000000,361.93,368,339.45,339.49,121393,0
NRGU.US,D,20230323,000000,347.98,355,317.74,326.73,109663,0
NRGU.US,D,20230324,000000,311.21,332.865,302.995,329.81,132543,0
NRGU.US,D,20230327,000000,342.84,358,331,351.05,102076,0
NRGU.US,D,20230328,000000,352.22,379.05,350.2,374.88,97249,0
NRGU.US,D,20230329,000000,386.27,392.5799,381,391.9,92315,0
NRGU.US,D,20230330,000000,401.23,401.84,385.9798,393.89,73866,0
NRGU.US,D,20230331,000000,398.06,402.12,391.71,400.74,44617,0
NRGU.US,D,20230403,000000,454.96,461.53,438.41,452.67,117380,0
NRGU.US,D,20230404,000000,456.08,456.08,404,415.49,131128,0
NRGU.US,D,20230405,000000,412.02,441.65,412,441.65,94118,0
NRGU.US,D,20230406,000000,436.25,436.99,417.72,420.81,60853,0
NRGU.US,D,20230410,000000,432.62,453,432.62,438.34,83421,0
NRGU.US,D,20230411,000000,445.12,456.8199,439.342,449.905,57840,0
NRGU.US,D,20230412,000000,457.26,463.54,447.771,453.97,77671,0
NRGU.US,D,20230413,000000,455.11,463.5,445.8967,458.67,41680,0
NRGU.US,D,20230414,000000,456.59,469,451.99,460.53,43889,0
NRGU.US,D,20230417,000000,452.81,454.69,435.1,436.88,37002,0
NRGU.US,D,20230418,000000,430.78,439.56,424.48,435.01,44990,0
NRGU.US,D,20230419,000000,426.29,426.29,409.1224,425.733,53925,0
NRGU.US,D,20230420,000000,409.65,414.97,401.36,414.02,67700,0
NRGU.US,D,20230421,000000,420,420,399.1007,404.96,57984,0
NRGU.US,D,20230424,000000,399.4,426.785,399.4,421.2,46594,0
NRGU.US,D,20230425,000000,410,410,389.99,394.6269,81795,0
NRGU.US,D,20230426,000000,393.63,401.68,378.9656,386.41,78280,0
NRGU.US,D,20230427,000000,386.06,386.91,366,379.6,73351,0
NRGU.US,D,20230428,000000,377,404,371.97,395.66,60267,0
NRGU.US,D,20230501,000000,381.65,398.0022,380.62,388.1372,34624,0
NRGU.US,D,20230502,000000,376,376.67,328.48,340.8,180710,0
NRGU.US,D,20230503,000000,330,337.81,318.03,321.8553,140511,0
NRGU.US,D,20230504,000000,322.82,329.65,305,305.89,170932,0
NRGU.US,D,20230505,000000,332,342.23,327.84,330.8,109722,0
NRGU.US,D,20230508,000000,344,350,331.035,331.2,85933,0
NRGU.US,D,20230509,000000,324.55,342,322.3761,333.82,68315,0
NRGU.US,D,20230510,000000,339.5,339.5,318.88,324.81,76706,0
NRGU.US,D,20230511,000000,313.29,321.43,309.02,317.37,92191,0
NRGU.US,D,20230512,000000,322.21,327,310.05,315.68,84803,0
NRGU.US,D,20230515,000000,321,328.905,313.2653,324.55,57876,0
NRGU.US,D,20230516,000000,321.3566,321.3566,299.36,299.72,119303,0
NRGU.US,D,20230517,000000,312,324.7796,305.58,320.95,132936,0
NRGU.US,D,20230518,000000,315.21,324.27,307.6669,323.27,83759,0
NRGU.US,D,20230519,000000,332.04,340.8661,327.5,331.69,103593,0
NRGU.US,D,20230522,000000,331.13,341.94,330,332.29,52766,0
NRGU.US,D,20230523,000000,340.29,351.062,335.35,337.78,89100,0
NRGU.US,D,20230524,000000,345,348,333.4919,341.57,91256,0
NRGU.US,D,20230525,000000,329.79,329.79,312.1612,323.04,112189,0
NRGU.US,D,20230526,000000,329.9,331.075,316,321.6,87509,0
NRGU.US,D,20230530,000000,310,311.59,300,310.66,108256,0
NRGU.US,D,20230531,000000,300.29,302.56,290.5,293.29,129244,0
NRGU.US,D,20230601,000000,297,310.87,289.33,299.84,103526,0
NRGU.US,D,20230602,000000,314.6,330.11,310.17,326.9,128746,0
NRGU.US,D,20230605,000000,340.5,340.5,316,319,84248,0
NRGU.US,D,20230606,000000,308,324.5,305.75,324,68411,0
NRGU.US,D,20230607,000000,326.27,353.14,326.27,353,155480,0
NRGU.US,D,20230608,000000,353.69,356.22,331.04,347.05,81620,0
NRGU.US,D,20230609,000000,348.16,350.165,337.4,344.2,50594,0
NRGU.US,D,20230612,000000,329.42,341.63,325.56,332.9,64428,0
NRGU.US,D,20230613,000000,340,355.9994,332.97,333.98,99447,0
NRGU.US,D,20230614,000000,343.98,347,315.5601,323.74,104911,0
NRGU.US,D,20230615,000000,324,341.2,324,333.89,71951,0
NRGU.US,D,20230616,000000,338.6855,342.16,331.5,336.18,76119,0
NRGU.US,D,20230620,000000,330.76,330.76,304.885,310.79,122984,0
NRGU.US,D,20230621,000000,307.3136,324.26,305.91,316.28,82486,0
NRGU.US,D,20230622,000000,308.94,308.94,297.77,304.06,94023,0
NRGU.US,D,20230623,000000,296,300.67,290.6858,298,86225,0
NRGU.US,D,20230626,000000,298.75,317.68,298.75,312.82,113524,0
NRGU.US,D,20230627,000000,314.35,318.24,307.3803,313,53428,0
NRGU.US,D,20230628,000000,310.22,324.5,305,322.61,74188,0
NRGU.US,D,20230629,000000,326.28,333.61,323.28,332.58,61584,0
NRGU.US,D,20230630,000000,339.17,346,331.997,339,67652,0
NRGU.US,D,20230703,000000,343.33,351.24,341.3856,344.5733,39805,0
NRGU.US,D,20230705,000000,347,347.975,332.75,338.12,62399,0
NRGU.US,D,20230706,000000,327.83,333,306.5,312.18,98482,0
NRGU.US,D,20230707,000000,310,344.49,309.48,335.4,106375,0
NRGU.US,D,20230710,000000,335.08,343,331.79,336.64,47623,0
NRGU.US,D,20230711,000000,342.49,363,341,363,114659,0
NRGU.US,D,20230712,000000,371.48,377.6809,365.4531,370.2,72581,0
NRGU.US,D,20230713,000000,369.42,381.4,360.84,369.7,68230,0
NRGU.US,D,20230714,000000,366.2,366.2,338.08,340.16,98813,0
NRGU.US,D,20230717,000000,334.68,343.68,334.13,336.87,62227,0
NRGU.US,D,20230718,000000,336.98,361.5699,334.65,352.21,88332,0
NRGU.US,D,20230719,000000,355.98,366.5721,352.54,359,71754,0
NRGU.US,D,20230720,000000,365.04,377.45,365.04,376.38,80632,0
NRGU.US,D,20230721,000000,380.88,389.5505,374.5663,387.79,72992,0
NRGU.US,D,20230724,000000,393.38,421.4689,393.38,409.98,115047,0
NRGU.US,D,20230725,000000,406.41,426.13,400.5501,417.86,75372,0
NRGU.US,D,20230726,000000,411,427.88,409.87,424,49399,0
NRGU.US,D,20230727,000000,431.44,438.495,412.96,417.21,78756,0
NRGU.US,D,20230728,000000,416.65,426.99,407.8313,426.02,69739,0
NRGU.US,D,20230731,000000,436.29,448.8418,436.28,445.89,64413,0
NRGU.US,D,20230801,000000,435.61,444.63,428.62,442.83,48880,0
NRGU.US,D,20230802,000000,437.08,449.8955,421.0404,429.06,67816,0
NRGU.US,D,20230803,000000,429.42,449.5,418.83,437.18,60771,0
NRGU.US,D,20230804,000000,446.49,461.1309,443.64,443.78,102281,0
NRGU.US,D,20230807,000000,445.49,454.172,443.4,445.7,48451,0
NRGU.US,D,20230808,000000,428.47,457.425,417.17,455.96,48182,0
NRGU.US,D,20230809,000000,466.21,489.455,464.5738,473.2937,129406,0
NRGU.US,D,20230810,000000,479.94,492.9312,467.3001,476.12,77519,0
NRGU.US,D,20230811,000000,475,504.9899,475,503,103230,0
NRGU.US,D,20230814,000000,496.03,498.92,484.52,491.91,46975,0
NRGU.US,D,20230815,000000,476,476.79,457.5837,458.29,69047,0
NRGU.US,D,20230816,000000,460.9,477.39,448.41,449,56584,0
NRGU.US,D,20230817,000000,468.99,484.8552,464.02,465,72703,0
NRGU.US,D,20230818,000000,463.4,480.35,453.6117,478.09,39232,0
NRGU.US,D,20230821,000000,486.52,490.3204,457.41,465.54,56950,0
NRGU.US,D,20230822,000000,465.6,473.5,457.8,458.05,24349,0
NRGU.US,D,20230823,000000,447.74,449.98,426.8602,447.55,55290,0
NRGU.US,D,20230824,000000,435.39,452.28,435.39,438.52,34302,0
NRGU.US,D,20230825,000000,450,461.89,436.66,453.34,47482,0
NRGU.US,D,20230828,000000,457.83,470.345,452.48,460,29564,0
NRGU.US,D,20230829,000000,462.65,463,449.89,463,32542,0
NRGU.US,D,20230830,000000,467.98,469.1003,464,466.41,31436,0
NRGU.US,D,20230831,000000,471.96,471.96,455.2,467.85,45310,0
NRGU.US,D,20230901,000000,481.68,501.19,481.68,499,75013,0
NRGU.US,D,20230905,000000,510,525,507.9319,511.85,64320,0
NRGU.US,D,20230906,000000,507.8,521.0357,499.217,510,43908,0
NRGU.US,D,20230907,000000,507.98,519.2,507.98,511.0601,33997,0
NRGU.US,D,20230908,000000,522.17,546.82,520.8,534.86,54475,0
NRGU.US,D,20230911,000000,546.13,553.35,509.2,514.78,64275,0
NRGU.US,D,20230912,000000,528.1,551.2032,527.54,546.15,76306,0
NRGU.US,D,20230913,000000,550.78,555.13,530.0673,537.58,42467,0
NRGU.US,D,20230914,000000,558.85,563.1,554.9161,556.52,48495,0
NRGU.US,D,20230915,000000,548,555,532.315,535.41,44092,0
NRGU.US,D,20230918,000000,548.09,556.12,535.31,545.7233,46785,0
NRGU.US,D,20230919,000000,561.67,561.67,514.07,524.67,58919,0
NRGU.US,D,20230920,000000,514.71,532,503.24,504,38587,0
NRGU.US,D,20230921,000000,515.44,526,486.185,486.29,53549,0
NRGU.US,D,20230922,000000,499.28,508.555,484,484,46841,0
NRGU.US,D,20230925,000000,480,504.3899,480,499.3,35298,0
NRGU.US,D,20230926,000000,486.28,502.21,485.8478,493,38772,0
NRGU.US,D,20230927,000000,513,535.6499,510.04,529.16,84619,0
NRGU.US,D,20230928,000000,525.73,545,523.93,533.52,43414,0
NRGU.US,D,20230929,000000,532.28,532.28,496,499.75,70620,0
NRGU.US,D,20231002,000000,499,499,458.66,468.96,85434,0
NRGU.US,D,20231003,000000,461.34,463.395,444.0801,458.03,50943,0
NRGU.US,D,20231004,000000,442.68,442.68,397.22,409.19,146654,0
NRGU.US,D,20231005,000000,393.25,414,393.25,400.34,56073,0
NRGU.US,D,20231006,000000,414.5,432.36,402.4,420.03,72818,0
NRGU.US,D,20231009,000000,456.64,464.75,441.1,459.99,117389,0
NRGU.US,D,20231010,000000,458.9,473.06,451,462.01,53026,0
NRGU.US,D,20231011,000000,453,455.05,437.59,452.73,57151,0
NRGU.US,D,20231012,000000,465.06,465.06,446,451.15,47014,0
NRGU.US,D,20231013,000000,470.99,488.97,469.2401,478.87,81657,0
NRGU.US,D,20231016,000000,486.5,497,480,493.13,54296,0
NRGU.US,D,20231017,000000,489.37,508.9337,489.37,505.51,44110,0
NRGU.US,D,20231018,000000,513.49,532.54,511.11,525.2888,62231,0
NRGU.US,D,20231019,000000,515.66,534.7015,508,522.5,51058,0
NRGU.US,D,20231020,000000,525,525,496,499.99,48974,0
NRGU.US,D,20231023,000000,486.52,486.52,466.7,471.46,61805,0
NRGU.US,D,20231024,000000,475.1,477.84,453.38,453.38,46100,0
NRGU.US,D,20231025,000000,453.86,460.92,444,448.41,44267,0
NRGU.US,D,20231026,000000,437,440.398,421,438.04,32396,0
NRGU.US,D,20231027,000000,436.4,436.4,403.4095,408.85,87913,0
NRGU.US,D,20231030,000000,413.6,422,400,413.61,68487,0
NRGU.US,D,20231031,000000,419.72,424.34,401.47,422.83,48682,0
NRGU.US,D,20231101,000000,429.23,441.02,419,419.69,64542,0
NRGU.US,D,20231102,000000,423.23,456,421.82,456,49975,0
NRGU.US,D,20231103,000000,455.56,455.56,428,436.36,77074,0
NRGU.US,D,20231106,000000,442.83,445.485,418.97,423.28,45742,0
NRGU.US,D,20231107,000000,406.16,406.16,388,394.58,101072,0
NRGU.US,D,20231108,000000,394.02,400.21,381.62,381.62,66960,0
NRGU.US,D,20231109,000000,390.23,393.04,375.72,376.08,45736,0
NRGU.US,D,20231110,000000,386.73,392,378.02,391,38299,0
NRGU.US,D,20231113,000000,393.88,401.01,389.8775,400.32,45011,0
NRGU.US,D,20231114,000000,404.12,413.78,403.02,410.8,48072,0
NRGU.US,D,20231115,000000,405.72,424.58,405.72,408.3321,52303,0
NRGU.US,D,20231116,000000,393.93,399.65,371.76,384.77,80240,0
NRGU.US,D,20231117,000000,391.5,417.3,391.5,408.31,53556,0
NRGU.US,D,20231120,000000,415,422.32,411.655,413.96,43942,0
NRGU.US,D,20231121,000000,408.8,410,397.01,406.52,39391,0
NRGU.US,D,20231122,000000,385.11,408.33,375.411,406.3,60095,0
NRGU.US,D,20231124,000000,406.38,421.29,406.38,411.16,29688,0
NRGU.US,D,20231127,000000,405.53,408.55,396.78,407.4501,37689,0
NRGU.US,D,20231128,000000,410.71,419.73,406.8174,409.87,40563,0
NRGU.US,D,20231129,000000,424.03,424.03,395.6,399.22,66272,0
NRGU.US,D,20231130,000000,408.63,425,394.56,409.68,98504,0
NRGU.US,D,20231201,000000,408.78,430.88,406.4,413.51,70632,0
NRGU.US,D,20231204,000000,405.76,417.325,400.2257,408.6,57423,0
NRGU.US,D,20231205,000000,408.907,412.0045,391.8348,392.15,58999,0
NRGU.US,D,20231206,000000,383.98,388.89,367.81,371.23,106723,0
NRGU.US,D,20231207,000000,378.35,382.28,360,362.98,67117,0
NRGU.US,D,20231208,000000,370.59,376,366.85,372.99,41085,0
NRGU.US,D,20231211,000000,369.285,380,369.285,377.87,50060,0
NRGU.US,D,20231212,000000,368.02,368.05,357.06,363.38,63070,0
NRGU.US,D,20231213,000000,361.03,380.32,358.88,379.5,49883,0
NRGU.US,D,20231214,000000,391.14,413.7819,391.14,412.34,105582,0
NRGU.US,D,20231215,000000,406.8,411.15,398.94,409.97,84361,0
NRGU.US,D,20231218,000000,424.85,435.4787,421.6,421.75,77361,0
NRGU.US,D,20231219,000000,424.71,440.4337,422.22,440,55113,0
NRGU.US,D,20231220,000000,445,454,429.46,432.04,81045,0
NRGU.US,D,20231221,000000,431.13,435.5896,420.22,431.24,50770,0
NRGU.US,D,20231222,000000,440.12,446.5,432,432.55,39267,0
NRGU.US,D,20231226,000000,444.31,451.9828,440.43,446.34,42590,0
NRGU.US,D,20231227,000000,441,447.2512,435,437.5489,36409,0
NRGU.US,D,20231228,000000,430.99,434.98,414.142,414.9601,54367,0
NRGU.US,D,20231229,000000,418.85,421.7399,409.93,414.25,38513,0
NRGU.US,D,20240102,000000,419.21,436.66,419.21,427.25,63199,0
NRGU.US,D,20240103,000000,427,455.6784,423.44,451,67868,0
NRGU.US,D,20240104,000000,460,466.96,424.7,424.8,54522,0
NRGU.US,D,20240105,000000,435.72,436.79,416,421,49124,0
NRGU.US,D,20240108,000000,401,411.58,386,411.42,79541,0
NRGU.US,D,20240109,000000,413.06,413.06,389.02,392.12,66710,0
NRGU.US,D,20240110,000000,393.86,393.86,373.504,378.02,81426,0
NRGU.US,D,20240111,000000,383.01,387.75,379.44,383.16,42235,0
NRGU.US,D,20240112,000000,401.96,407,393.2971,399.5,55690,0
NRGU.US,D,20240116,000000,399.86,403.35,370.78,371.6,72737,0
NRGU.US,D,20240117,000000,359.84,371.3621,357.58,360.71,68712,0
NRGU.US,D,20240118,000000,362.96,362.96,345.4101,357.76,58616,0
NRGU.US,D,20240119,000000,356.64,361.54,352.66,361.54,43998,0
NRGU.US,D,20240122,000000,362.02,367.21,352.002,364.71,62346,0
NRGU.US,D,20240123,000000,362.23,375,362.23,368.14,49390,0
NRGU.US,D,20240124,000000,372.97,384.44,370.4,384.44,66641,0
NRGU.US,D,20240125,000000,394.46,411.5583,389.5752,411.1577,81577,0
NRGU.US,D,20240126,000000,410.02,423.8215,400.665,422.27,89200,0
NRGU.US,D,20240129,000000,419.82,419.82,408.58,419.66,66746,0
NRGU.US,D,20240130,000000,416.94,446.2362,411.6,445.07,101761,0
NRGU.US,D,20240131,000000,445.7,450.3187,423.02,423.02,73502,0
NRGU.US,D,20240201,000000,428.01,437.86,408.0478,422.17,72375,0
NRGU.US,D,20240202,000000,425.81,433.11,413.1201,423.25,57358,0
NRGU.US,D,20240205,000000,417.78,434,408.3,427.75,58574,0
NRGU.US,D,20240206,000000,428.83,445.16,426.3,427.392,50197,0
NRGU.US,D,20240207,000000,431.18,436.35,422,434.26,39835,0
NRGU.US,D,20240208,000000,435.61,450,435,445,38063,0
NRGU.US,D,20240209,000000,445.96,452.27,425,427.77,48880,0
NRGU.US,D,20240212,000000,426.96,436.56,426.96,432,28807,0
NRGU.US,D,20240213,000000,433.34,436.5,414.9181,424.23,53321,0
NRGU.US,D,20240214,000000,430.08,437.02,412.1254,424,65515,0
NRGU.US,D,20240215,000000,419,455.32,419,452.88,62508,0
NRGU.US,D,20240216,000000,452.94,458.5905,445.28,445.28,29665,0
NRGU.US,D,20240220,000000,446.16,446.16,427,427.4063,47506,0
NRGU.US,D,20240221,000000,432.36,451.02,429.911,449.75,45428,0
NRGU.US,D,20240222,000000,444.47,461.2,435,456.17,25408,0
NRGU.US,D,20240223,000000,440.96,452.79,435,449.01,38232,0
NRGU.US,D,20240226,000000,446.21,468.25,442.11,460.931,34798,0
NRGU.US,D,20240227,000000,459.01,463.73,445,449.56,31360,0
NRGU.US,D,20240228,000000,450,458.8,437.02,440.95,40270,0
NRGU.US,D,20240229,000000,440,451.75,438.33,446.61,30081,0
NRGU.US,D,20240301,000000,459.95,470,457.4107,465.11,32315,0
NRGU.US,D,20240304,000000,465.05,465.65,452.52,452.52,29952,0
NRGU.US,D,20240305,000000,447.5,470,447.5,461.28,37455,0
NRGU.US,D,20240306,000000,469.86,476.855,460,461.4695,46869,0
NRGU.US,D,20240307,000000,467,485,467,477.89,24664,0
NRGU.US,D,20240308,000000,477.42,482.95,473.99,482.95,16245,0
NRGU.US,D,20240311,000000,488.7803,498,471.56,497.22,37800,0
NRGU.US,D,20240312,000000,493.93,503.26,491,494.94,21866,0
NRGU.US,D,20240313,000000,510,538,510,530.82,45016,0
NRGU.US,D,20240314,000000,536,546,530.96,546,27163,0
NRGU.US,D,20240315,000000,544.08,564.66,544.08,556.84,28630,0
NRGU.US,D,20240318,000000,564.13,566.17,548.08,561.54,28882,0
NRGU.US,D,20240319,000000,558.17,578.28,558.17,577.35,26625,0
NRGU.US,D,20240320,000000,569.92,583.71,566,576.78,31536,0
NRGU.US,D,20240321,000000,576.75,588.85,573.34,585.18,24686,0
NRGU.US,D,20240322,000000,588.58,588.58,577.48,583.98,12839,0
NRGU.US,D,20240325,000000,585.41,609.4201,585.41,594.7651,26132,0
NRGU.US,D,20240326,000000,598,602,578.16,579.9,21781,0
NRGU.US,D,20240327,000000,576.72,594.99,576.72,594.99,14234,0
NRGU.US,D,20240328,000000,600.12,619,592.79,615.77,31371,0
NRGU.US,D,20240401,000000,620.36,640.25,602.63,636.8,47603,0
NRGU.US,D,20240402,000000,647.86,674.95,641.19,674.95,39820,0
NRGU.US,D,20240403,000000,682.87,697.2751,675.5465,691.07,35504,0
NRGU.US,D,20240404,000000,693.01,704,686.248,689.01,38464,0
NRGU.US,D,20240405,000000,704.02,723.66,693.52,713.89,54387,0
NRGU.US,D,20240408,000000,714.13,716.87,694.72,698.4304,31943,0
NRGU.US,D,20240409,000000,700,711.02,676.22,688.71,46448,0
NRGU.US,D,20240410,000000,681.93,704.38,676.13,697.64,54160,0
NRGU.US,D,20240411,000000,701.99,702,668.2,694.1514,34061,0
NRGU.US,D,20240412,000000,710.04,722.63,654.76,663.683,65285,0
NRGU.US,D,20240415,000000,674.92,680,642.5,643.5,41224,0
NRGU.US,D,20240416,000000,640.56,643.15,610.36,624.94,31568,0
NRGU.US,D,20240417,000000,618.98,637.2,604,616.46,35193,0
NRGU.US,D,20240418,000000,618.28,621.2401,594.7695,600.7084,26121,0
NRGU.US,D,20240419,000000,607.15,636.78,607.15,619.08,23820,0
NRGU.US,D,20240422,000000,613.6,649.23,602.02,635.01,29040,0
NRGU.US,D,20240423,000000,631.26,649.2499,629.6333,648.64,10560,0
NRGU.US,D,20240424,000000,636.17,651.6132,630.27,651.6132,8592,0
NRGU.US,D,20240425,000000,647.06,655.5517,634.46,655.5517,8026,0
NRGU.US,D,20240426,000000,640.86,645.85,620,640.01,20210,0
NRGU.US,D,20240429,000000,635.17,656.09,632.611,650.4731,12826,0
NRGU.US,D,20240430,000000,642.65,642.65,577.08,577.08,26190,0
NRGU.US,D,20240501,000000,574.25,582.67,537.89,550.32,25761,0
NRGU.US,D,20240502,000000,562,571.1599,554,564.23,20829,0
NRGU.US,D,20240503,000000,570.87,570.87,534.36,558.01,35263,0
NRGU.US,D,20240506,000000,570.68,586.35,567.51,569.26,42596,0
NRGU.US,D,20240507,000000,575.88,575.88,565,565.19,18197,0
NRGU.US,D,20240508,000000,554.455,569.1562,554.455,562.5286,9028,0
NRGU.US,D,20240509,000000,564.09,577.1355,564.09,576.34,12466,0
NRGU.US,D,20240510,000000,581.55,581.55,560.42,564.889,13520,0
NRGU.US,D,20240513,000000,567.09,567.09,549,553.6778,14496,0
NRGU.US,D,20240514,000000,550.94,550.94,536.87,548.6384,18204,0
NRGU.US,D,20240515,000000,538,551.09,518.45,548.04,23823,0
NRGU.US,D,20240516,000000,542.8869,552.57,538,543.26,15724,0
NRGU.US,D,20240517,000000,549.92,575.57,549.89,572.75,18809,0
NRGU.US,D,20240520,000000,574.215,574.215,553.7,557.3173,21531,0
NRGU.US,D,20240521,000000,554.27,564.46,548.8286,548.8286,11267,0
NRGU.US,D,20240522,000000,537.83,537.83,517,525,30920,0
NRGU.US,D,20240523,000000,535,535,512.3,515.5917,14187,0
NRGU.US,D,20240524,000000,524.92,529,514.1,517.4299,13806,0
NRGU.US,D,20240528,000000,527.32,536.05,522,533.62,23511,0
NRGU.US,D,20240529,000000,515,515,487.91,491.32,38298,0
NRGU.US,D,20240530,000000,491.34,500.74,486.99,489.8862,16450,0
NRGU.US,D,20240531,000000,494.44,527.78,494.44,527.78,27028,0
NRGU.US,D,20240603,000000,522.5,522.5,472.79,482.961,40705,0
NRGU.US,D,20240604,000000,471.94,475,456,473.9712,28717,0
NRGU.US,D,20240605,000000,477.66,477.66,466.35,472.8,21350,0
NRGU.US,D,20240606,000000,474.72,480.2,472.01,480.2,14099,0
NRGU.US,D,20240607,000000,480.14,489,467,471.4475,16806,0
NRGU.US,D,20240610,000000,475.46,489.3799,472,482,17163,0
NRGU.US,D,20240611,000000,478.87,480.79,463.12,480.79,12178,0
NRGU.US,D,20240612,000000,492.69,492.69,453.92,459.86,46609,0
NRGU.US,D,20240613,000000,456.57,462.1,443.1601,453,26504,0
NRGU.US,D,20240614,000000,453.99,453.99,438.6,444.13,16951,0
NRGU.US,D,20240617,000000,442.79,453,437,449.04,17527,0
NRGU.US,D,20240618,000000,455.09,470.74,448,451.515,33083,0
NRGU.US,D,20240620,000000,458.13,485.58,458.13,479.45,26122,0
NRGU.US,D,20240621,000000,484.4,484.4,464.17,465.64,15688,0
