<TICKER>,<PER>,<DATE>,<TIME>,<OPEN>,<HIGH>,<LOW>,<CLOSE>,<VOL>,<OPENINT>
NRSH.US,D,20231204,000000,20.94,21.03,20.93,20.9777,9347,0
NRSH.US,D,20231205,000000,20.51,20.58,20.47,20.512,8812,0
NRSH.US,D,20231206,000000,20.568,20.61,20.4119,20.4119,4739,0
NRSH.US,D,20231207,000000,20.54,20.57,20.45,20.4706,24787,0
NRSH.US,D,20231208,000000,20.5,20.5,20.385,20.3865,4367,0
NRSH.US,D,20231211,000000,20.505,20.5315,20.505,20.5315,254,0
NRSH.US,D,20231212,000000,20.504,20.504,20.504,20.504,23,0
NRSH.US,D,20231213,000000,20.4,20.8033,20.39,20.8033,2676,0
NRSH.US,D,20231214,000000,21.67,21.8099,21.1701,21.3135,13751,0
NRSH.US,D,20231215,000000,21.3714,21.45,21.3714,21.38,3774,0
NRSH.US,D,20231218,000000,21.445,21.445,21.3685,21.3685,1704,0
NRSH.US,D,20231219,000000,21.555,21.7153,21.555,21.7153,1102,0
NRSH.US,D,20231220,000000,21.845,21.845,21.4522,21.4522,1002,0
NRSH.US,D,20231221,000000,21.78,21.8101,21.77,21.8101,602,0
NRSH.US,D,20231222,000000,22.105,22.1057,22.105,22.1057,550,0
NRSH.US,D,20231226,000000,22.15,22.1809,22.15,22.1809,759,0
NRSH.US,D,20231227,000000,22.2089,22.2089,22.2089,22.2089,47,0
NRSH.US,D,20231228,000000,22.1918,22.1918,22.1918,22.1918,52,0
NRSH.US,D,20231229,000000,22.0553,22.0553,22.0553,22.0553,3,0
NRSH.US,D,20240102,000000,22,22,21.92,21.9518,204,0
NRSH.US,D,20240103,000000,21.75,21.75,21.7,21.7159,1092,0
NRSH.US,D,20240104,000000,21.7121,21.7121,21.7121,21.7121,2,0
NRSH.US,D,20240105,000000,21.6845,21.6845,21.6845,21.6845,3,0
NRSH.US,D,20240108,000000,21.69,21.84,21.605,21.8281,3920,0
NRSH.US,D,20240109,000000,21.6688,21.6688,21.56,21.5615,2379,0
NRSH.US,D,20240110,000000,21.5421,21.5723,21.53,21.5723,1050,0
NRSH.US,D,20240111,000000,21.36,21.519,21.36,21.5136,632,0
NRSH.US,D,20240112,000000,21.55,21.59,21.55,21.5634,1546,0
NRSH.US,D,20240116,000000,21.5,21.53,21.3355,21.3355,7623,0
NRSH.US,D,20240117,000000,21.023,21.023,21.023,21.023,7,0
NRSH.US,D,20240118,000000,21.25,21.25,21.1871,21.1871,136,0
NRSH.US,D,20240119,000000,21.48,21.48,21.4325,21.4325,230,0
NRSH.US,D,20240122,000000,21.8045,21.849,21.7524,21.7524,3335,0
NRSH.US,D,20240123,000000,21.74,21.74,21.6512,21.6512,364,0
NRSH.US,D,20240124,000000,21.63,21.63,21.3603,21.3603,102,0
NRSH.US,D,20240125,000000,21.47,21.5129,21.47,21.5129,292,0
NRSH.US,D,20240126,000000,21.4861,21.4861,21.4861,21.4861,2,0
NRSH.US,D,20240129,000000,21.48,21.56,21.48,21.512,1286,0
NRSH.US,D,20240130,000000,21.4824,21.49,21.4803,21.4803,210,0
NRSH.US,D,20240131,000000,21.461,21.461,21.2136,21.2136,2402,0
NRSH.US,D,20240201,000000,21.0899,21.2042,21.0899,21.2042,216,0
NRSH.US,D,20240202,000000,21.3715,21.3715,21.3715,21.3715,7,0
NRSH.US,D,20240205,000000,21.28,21.29,21.2002,21.2002,547,0
NRSH.US,D,20240206,000000,21.5848,21.5848,21.5848,21.5848,3,0
NRSH.US,D,20240207,000000,21.78,21.81,21.7364,21.7364,10123,0
NRSH.US,D,20240208,000000,21.8,21.8,21.7317,21.7317,3111,0
NRSH.US,D,20240209,000000,21.74,21.8379,21.74,21.8379,294,0
NRSH.US,D,20240212,000000,22,22,21.9753,21.9753,147,0
NRSH.US,D,20240213,000000,21.49,21.49,21.485,21.485,503,0
NRSH.US,D,20240214,000000,21.72,21.82,21.72,21.7432,664,0
NRSH.US,D,20240215,000000,21.84,21.9263,21.84,21.9263,849,0
NRSH.US,D,20240216,000000,21.54,21.92,21.54,21.6765,1164,0
NRSH.US,D,20240220,000000,21.3875,21.3875,21.3875,21.3875,36,0
NRSH.US,D,20240221,000000,21.53,21.53,21.4488,21.4488,508,0
NRSH.US,D,20240222,000000,21.668,21.71,21.668,21.6822,14073,0
NRSH.US,D,20240223,000000,21.78,21.8019,21.78,21.8019,168,0
NRSH.US,D,20240226,000000,21.83,21.83,21.6628,21.6628,102,0
NRSH.US,D,20240227,000000,21.6736,21.6858,21.6736,21.6858,354,0
NRSH.US,D,20240228,000000,21.3953,21.3953,21.3953,21.3953,30,0
NRSH.US,D,20240229,000000,21.63,21.63,21.5794,21.5794,408,0
NRSH.US,D,20240301,000000,21.49,21.5122,21.49,21.5122,137,0
NRSH.US,D,20240304,000000,21.4282,21.4282,21.4282,21.4282,92,0
NRSH.US,D,20240305,000000,21.44,21.44,21.2404,21.2404,284,0
NRSH.US,D,20240306,000000,21.5,21.59,21.3983,21.3983,3415,0
NRSH.US,D,20240307,000000,21.56,21.63,21.5101,21.5884,1483,0
NRSH.US,D,20240308,000000,21.86,21.86,21.4146,21.4146,1299,0
NRSH.US,D,20240311,000000,21.33,21.4441,21.33,21.4441,2300,0
NRSH.US,D,20240312,000000,21.5523,21.5523,21.4565,21.4905,2483,0
NRSH.US,D,20240313,000000,21.405,21.53,21.405,21.4527,834,0
NRSH.US,D,20240314,000000,21.0908,21.0908,21.0908,21.0908,200,0
NRSH.US,D,20240315,000000,21.15,21.15,21.0187,21.0187,552,0
NRSH.US,D,20240318,000000,20.8149,20.8149,20.8149,20.8149,1187,0
NRSH.US,D,20240319,000000,20.9002,20.9002,20.9002,20.9002,131,0
NRSH.US,D,20240320,000000,20.9,21.1863,20.9,21.1863,399,0
NRSH.US,D,20240321,000000,21.348,21.57,21.348,21.5147,5140,0
NRSH.US,D,20240322,000000,21.51,21.51,21.444,21.444,973,0
NRSH.US,D,20240325,000000,21.35,21.41,21.35,21.41,2611,0
NRSH.US,D,20240326,000000,21.47,21.47,21.3338,21.3338,141,0
NRSH.US,D,20240327,000000,21.604,21.7089,21.5,21.7089,290,0
NRSH.US,D,20240328,000000,21.99,21.99,21.9845,21.9845,198,0
NRSH.US,D,20240401,000000,21.77,21.77,21.59,21.5904,3248,0
NRSH.US,D,20240402,000000,21.44,21.44,21.31,21.31,276,0
NRSH.US,D,20240403,000000,21.54,21.54,21.4216,21.4216,539,0
NRSH.US,D,20240404,000000,21.77,21.77,21.348,21.348,246,0
NRSH.US,D,20240405,000000,21.5519,21.5519,21.5519,21.5519,40,0
NRSH.US,D,20240408,000000,21.81,21.81,21.7388,21.7388,278,0
NRSH.US,D,20240409,000000,21.8192,21.8192,21.8192,21.8192,415,0
NRSH.US,D,20240410,000000,21.405,21.405,21.3135,21.3135,593,0
NRSH.US,D,20240411,000000,21.3111,21.3111,21.3111,21.3111,181,0
NRSH.US,D,20240412,000000,21,21,20.9591,20.9591,924,0
NRSH.US,D,20240415,000000,20.7307,20.7307,20.7307,20.7307,135,0
NRSH.US,D,20240416,000000,20.5734,20.5734,20.5734,20.5734,466,0
NRSH.US,D,20240417,000000,20.2,20.2,20.0501,20.0639,746,0
NRSH.US,D,20240418,000000,20.01,20.01,19.9816,19.9816,666,0
NRSH.US,D,20240419,000000,20.24,20.24,20.2,20.2,259,0
NRSH.US,D,20240422,000000,20.43,20.43,20.4293,20.4293,137,0
NRSH.US,D,20240423,000000,20.5908,20.6971,20.5908,20.6971,2009,0
NRSH.US,D,20240424,000000,20.2987,20.2987,20.2987,20.2987,69,0
NRSH.US,D,20240425,000000,20.5881,20.5881,20.5881,20.5881,188,0
NRSH.US,D,20240426,000000,20.65,20.65,20.5015,20.5015,235,0
NRSH.US,D,20240429,000000,20.4974,20.4974,20.4974,20.4974,19,0
NRSH.US,D,20240430,000000,20.0464,20.0464,20.0464,20.0464,17,0
NRSH.US,D,20240501,000000,20.27,20.27,20.0357,20.0357,104,0
NRSH.US,D,20240502,000000,20.4713,20.4713,20.4713,20.4713,71,0
NRSH.US,D,20240503,000000,20.71,20.7314,20.71,20.7314,125,0
NRSH.US,D,20240506,000000,20.7174,20.7174,20.7174,20.7174,25,0
NRSH.US,D,20240507,000000,20.83,20.83,20.71,20.71,445,0
NRSH.US,D,20240508,000000,20.76,20.8375,20.76,20.8375,494,0
NRSH.US,D,20240509,000000,20.54,20.7825,20.54,20.7825,396,0
NRSH.US,D,20240510,000000,20.735,20.8398,20.735,20.8398,214,0
NRSH.US,D,20240513,000000,20.905,20.905,20.82,20.82,732,0
NRSH.US,D,20240514,000000,20.73,20.73,20.73,20.73,401,0
NRSH.US,D,20240515,000000,20.83,20.83,20.78,20.78,338,0
NRSH.US,D,20240516,000000,20.805,20.9061,20.75,20.9061,809,0
NRSH.US,D,20240517,000000,20.79,20.79,20.79,20.79,602,0
NRSH.US,D,20240520,000000,20.88,20.88,20.75,20.75,510,0
NRSH.US,D,20240521,000000,20.47,20.47,20.42,20.42,2780,0
NRSH.US,D,20240522,000000,20.39,20.62,20.39,20.6007,314,0
NRSH.US,D,20240523,000000,20.3673,20.3673,20.3673,20.3673,4,0
NRSH.US,D,20240524,000000,20.51,20.51,20.46,20.46,504,0
NRSH.US,D,20240528,000000,20.515,20.515,20.37,20.37,739,0
NRSH.US,D,20240529,000000,20.1297,20.1297,20.1297,20.1297,155,0
NRSH.US,D,20240530,000000,20.27,20.4455,20.27,20.4455,472,0
NRSH.US,D,20240531,000000,20.44,20.7738,20.44,20.7738,202,0
NRSH.US,D,20240603,000000,20.5,20.5,20.5,20.5,613,0
NRSH.US,D,20240604,000000,20.5,20.595,20.5,20.5151,7305,0
NRSH.US,D,20240605,000000,20.76,20.76,20.7488,20.7488,118,0
NRSH.US,D,20240606,000000,20.7036,20.7036,20.7036,20.7036,1,0
NRSH.US,D,20240607,000000,20.68,20.68,20.57,20.57,393,0
NRSH.US,D,20240610,000000,20.7001,20.76,20.68,20.76,2871,0
NRSH.US,D,20240611,000000,20.51,20.51,20.51,20.51,287,0
NRSH.US,D,20240612,000000,20.84,20.84,20.5734,20.5734,192,0
NRSH.US,D,20240613,000000,20.3,20.3,20.3,20.3,252,0
NRSH.US,D,20240614,000000,20.13,20.13,20.13,20.13,257,0
NRSH.US,D,20240617,000000,20.214,20.35,20.214,20.32,883,0
NRSH.US,D,20240618,000000,20.39,20.39,20.29,20.29,750,0
NRSH.US,D,20240620,000000,20.44,20.44,20.44,20.44,291,0
NRSH.US,D,20240621,000000,20.486,20.486,20.43,20.43,789,0
