<TICKER>,<PER>,<DATE>,<TIME>,<OPEN>,<HIGH>,<LOW>,<CLOSE>,<VOL>,<OPENINT>
NVDQ.US,D,20231020,000000,29.9615,30.7819,29.2648,30.7024,5027.955167612,0
NVDQ.US,D,20231023,000000,30.949,31.0374,27.9621,28.2837,22746.91701234,0
NVDQ.US,D,20231024,000000,28.4927,28.4927,27.3456,27.3456,3797.4292976438,0
NVDQ.US,D,20231025,000000,27.6281,29.9206,27.6281,29.7259,2980.1321317344,0
NVDQ.US,D,20231026,000000,29.711,32.0788,29.1117,31.7834,18616.665581132,0
NVDQ.US,D,20231027,000000,30.5658,32.0494,30.5658,31.5931,5826.931849105,0
NVDQ.US,D,20231030,000000,30.4184,31.2634,29.8191,30.4378,5309.8870666866,0
NVDQ.US,D,20231031,000000,31.735,33.2775,30.9784,31.0923,38632.812610739,0
NVDQ.US,D,20231101,000000,30.7033,30.7033,28.7162,28.7162,17153.062437199,0
NVDQ.US,D,20231102,000000,27.4905,28.0506,26.9109,27.1461,19671.111239765,0
NVDQ.US,D,20231103,000000,26.6849,26.6849,25.0441,25.3487,16590.21644374,0
NVDQ.US,D,20231106,000000,24.4055,25.0537,24.4055,24.5193,11165.317447106,0
NVDQ.US,D,20231107,000000,24.6314,24.6707,24.0616,24.2865,11568.368104267,0
NVDQ.US,D,20231108,000000,23.957,23.9633,23.3708,23.6494,6073.2405840366,0
NVDQ.US,D,20231109,000000,22.4522,23.4131,22.1644,23.2544,25325.016291604,0
NVDQ.US,D,20231110,000000,22.7843,22.8433,21.8195,21.8706,18012.089595391,0
NVDQ.US,D,20231113,000000,21.9492,22.018,21.2123,21.6446,19221.241566873,0
NVDQ.US,D,20231114,000000,20.9372,21.2025,20.6916,20.7052,24031.386530868,0
NVDQ.US,D,20231115,000000,20.7674,21.8117,20.6081,21.4256,39037.898877279,0
NVDQ.US,D,20231116,000000,21.4815,21.6201,20.839,20.8783,14467.075860817,0
NVDQ.US,D,20231117,000000,20.9372,21.1141,20.7014,21.008,8077.2980182528,0
NVDQ.US,D,20231120,000000,20.7014,21.1632,19.9547,20.0791,24877.182228092,0
NVDQ.US,D,20231121,000000,20.1414,20.8291,20.1414,20.4263,29698.523043674,0
NVDQ.US,D,20231122,000000,20.5737,22.1889,20.162,21.3803,63882.511355297,0
NVDQ.US,D,20231124,000000,21.3204,22.1359,21.3204,22.1175,14987.174057305,0
NVDQ.US,D,20231127,000000,22.3127,22.3717,21.6947,21.8593,8876.2746997458,0
NVDQ.US,D,20231128,000000,22.0681,22.5191,21.9787,22.3011,27483.780038669,0
NVDQ.US,D,20231129,000000,21.8215,22.0868,21.3695,21.9446,4178.088251629,0
NVDQ.US,D,20231130,000000,22.184,23.4426,22.184,23.1938,13899.140843909,0
NVDQ.US,D,20231201,000000,23.7668,23.7668,22.7843,23.2149,9577.542131018,0
NVDQ.US,D,20231204,000000,23.983,24.9262,23.983,24.4742,33569.234278984,0
NVDQ.US,D,20231205,000000,24.3662,24.376,23.3444,23.3819,28625.756900625,0
NVDQ.US,D,20231206,000000,22.6839,24.4939,22.5191,24.4939,22829.359192214,0
NVDQ.US,D,20231207,000000,24.4349,24.4349,23.236,23.236,25096.010236399,0
NVDQ.US,D,20231208,000000,22.5485,22.5682,22.1555,22.3331,14652.316314361,0
NVDQ.US,D,20231211,000000,22.2636,23.8356,22.2636,23.2101,14685.903869124,0
NVDQ.US,D,20231212,000000,23.3837,23.3837,22.2008,22.2008,10257.435663804,0
NVDQ.US,D,20231213,000000,21.3204,21.8272,21.2934,21.8272,12426.377457768,0
NVDQ.US,D,20231214,000000,21.5365,22.2538,21.5081,21.5768,13474.716288262,0
NVDQ.US,D,20231215,000000,21.3793,21.3793,20.6818,21.006,8462.0281909972,0
NVDQ.US,D,20231218,000000,20.2603,20.3477,19.7386,19.9335,43129.473730275,0
NVDQ.US,D,20231219,000000,20.5344,20.947,20.4165,20.4361,3567.405437749,0
NVDQ.US,D,20231220,000000,20.387,21.5857,20.1414,21.5394,9214.1858567594,0
NVDQ.US,D,20231221,000000,20.8881,21.2605,20.8863,20.8863,8065.0843619752,0
NVDQ.US,D,20231222,000000,20.7122,21.3204,20.6916,21.0018,8990.2688250034,0
NVDQ.US,D,20231226,000000,18.8485,18.897,18.59,18.897,21747,0
NVDQ.US,D,20231227,000000,18.81,19.03,18.77,18.8,9538,0
NVDQ.US,D,20231228,000000,18.789,18.8021,18.45,18.74,25089,0
NVDQ.US,D,20231229,000000,18.48,19.28,18.42,18.7432,14202,0
NVDQ.US,D,20240102,000000,18.89,20.141,18.89,19.849,12187,0
NVDQ.US,D,20240103,000000,20.159,20.36,19.77,20.2419,14257,0
NVDQ.US,D,20240104,000000,19.92,20.0099,19.5167,19.899,6686,0
NVDQ.US,D,20240105,000000,19.5375,19.54,18.6899,19.0252,11455,0
NVDQ.US,D,20240108,000000,18.68,18.68,16.609,16.609,37416,0
NVDQ.US,D,20240109,000000,16.49,16.84,15.301,16.0227,52925,0
NVDQ.US,D,20240110,000000,15.73,15.73,15.19,15.29,36705,0
NVDQ.US,D,20240111,000000,14.95,15.68,14.781,15.05,98114,0
NVDQ.US,D,20240112,000000,15.229,15.29,14.98,15.0814,61277,0
NVDQ.US,D,20240116,000000,14.97,14.97,13.971,14.21,125494,0
NVDQ.US,D,20240117,000000,14.21,14.915,14.21,14.3602,28754,0
NVDQ.US,D,20240118,000000,13.78,14.265,13.5899,13.8363,70300,0
NVDQ.US,D,20240119,000000,13.44,13.68,12.6522,12.6522,127390,0
NVDQ.US,D,20240122,000000,12.45,12.76,12.3397,12.58,74495,0
NVDQ.US,D,20240123,000000,13,13,12.4873,12.4873,16684,0
NVDQ.US,D,20240124,000000,12.45,12.45,11.289,11.85,87990,0
NVDQ.US,D,20240125,000000,11.54,12.0497,11.41,11.7983,45189,0
NVDQ.US,D,20240126,000000,12.06,12.1776,11.78,11.99,121574,0
NVDQ.US,D,20240129,000000,11.94,12.02,11.473,11.473,126903,0
NVDQ.US,D,20240130,000000,11.29,11.5,11.08,11.36,196442,0
NVDQ.US,D,20240131,000000,11.82,12.06,11.57,11.7911,172767,0
NVDQ.US,D,20240201,000000,11.55,11.78,11.2,11.25,149268,0
NVDQ.US,D,20240202,000000,10.9,10.94,9.99,10.1097,131969,0
NVDQ.US,D,20240205,000000,9.5,9.78,9.13,9.17,755419,0
NVDQ.US,D,20240206,000000,9.08,9.9357,9.04,9.431,1300924,0
NVDQ.US,D,20240207,000000,9.45,9.59,8.895,8.92,410649,0
NVDQ.US,D,20240208,000000,8.95,9.07,8.78,9.03,372002,0
NVDQ.US,D,20240209,000000,8.83,8.89,8.38,8.39,424060,0
NVDQ.US,D,20240212,000000,8.3,8.61,7.84,8.38,1131838,0
NVDQ.US,D,20240213,000000,8.82,8.99,8.11,8.38,1681600,0
NVDQ.US,D,20240214,000000,8.14,8.44,7.92,7.99,694911,0
NVDQ.US,D,20240215,000000,8.01,8.32,7.99,8.265,698791,0
NVDQ.US,D,20240216,000000,7.94,8.31,7.871,8.26,1304559,0
NVDQ.US,D,20240220,000000,8.47,9.37,8.46,8.8,3030204,0
NVDQ.US,D,20240221,000000,9.4,9.8399,9.151,9.53,3412522,0
NVDQ.US,D,20240222,000000,7.38,7.61,6.4,6.4,2877346,0
NVDQ.US,D,20240223,000000,6.04,6.56,5.77,6.33,4093888,0
NVDQ.US,D,20240226,000000,6.24,6.41,6.07,6.29,3600868,0
NVDQ.US,D,20240227,000000,6.27,6.61,6.2559,6.36,3983387,0
NVDQ.US,D,20240228,000000,6.56,6.62,6.345,6.54,2132103,0
NVDQ.US,D,20240229,000000,6.3,6.43,6.155,6.31,1843733,0
NVDQ.US,D,20240301,000000,6.16,6.24,5.81,5.82,1292922,0
NVDQ.US,D,20240304,000000,5.56,5.6001,5.08,5.42,1580555,0
NVDQ.US,D,20240305,000000,5.4,5.63,5.3,5.31,1512540,0
NVDQ.US,D,20240306,000000,5.06,5.17,4.845,4.96,1679599,0
NVDQ.US,D,20240307,000000,4.8,4.86,4.52,4.53,2112328,0
NVDQ.US,D,20240308,000000,4.29,5.125,4.07,5.02,8192632,0
NVDQ.US,D,20240311,000000,5.19,5.41,4.89,5.225,6118095,0
NVDQ.US,D,20240312,000000,4.95,5.18,4.48,4.485,4022236,0
NVDQ.US,D,20240313,000000,4.56,4.82,4.53,4.58,2784117,0
NVDQ.US,D,20240314,000000,4.72,5.025,4.615,4.87,3158725,0
NVDQ.US,D,20240315,000000,5,5.075,4.71,4.895,2444067,0
NVDQ.US,D,20240318,000000,4.64,4.98,4.3984,4.84,2983589,0
NVDQ.US,D,20240319,000000,5.03,5.21,4.61,4.74,3506659,0
NVDQ.US,D,20240320,000000,4.69,4.855,4.62,4.63,2304321,0
NVDQ.US,D,20240321,000000,4.43,4.62,4.39,4.52,5411702,0
NVDQ.US,D,20240322,000000,4.56,4.57,4.195,4.25,3739053,0
NVDQ.US,D,20240325,000000,4.26,4.31,4.0285,4.175,4125675,0
NVDQ.US,D,20240326,000000,4.1,4.39,4.055,4.39,3913506,0
NVDQ.US,D,20240327,000000,4.35,4.71,4.33,4.61,4434965,0
NVDQ.US,D,20240328,000000,4.645,4.72,4.51,4.62,2655748,0
NVDQ.US,D,20240401,000000,4.61,4.72,4.42,4.62,2501384,0
NVDQ.US,D,20240402,000000,4.81,4.885,4.63,4.7,2715449,0
NVDQ.US,D,20240403,000000,4.81,4.81,4.6,4.75,1940749,0
NVDQ.US,D,20240404,000000,4.59,5.09,4.57,5.09,3489954,0
NVDQ.US,D,20240405,000000,4.96,5.07,4.785,4.835,2941380,0
NVDQ.US,D,20240408,000000,4.76,4.9799,4.75,4.935,2074903,0
NVDQ.US,D,20240409,000000,4.89,5.4,4.87,5.135,4470850,0
NVDQ.US,D,20240410,000000,5.32,5.33,4.89,4.935,4937697,0
NVDQ.US,D,20240411,000000,4.88,4.94,4.51,4.53,3689022,0
NVDQ.US,D,20240412,000000,4.62,4.8385,4.58,4.765,3711399,0
NVDQ.US,D,20240415,000000,4.67,5.01,4.51,5.01,3607395,0
NVDQ.US,D,20240416,000000,4.96,5,4.76,4.85,3525789,0
NVDQ.US,D,20240417,000000,4.75,5.22,4.7,5.21,3480900,0
NVDQ.US,D,20240418,000000,5.12,5.41,4.96,5.15,3109235,0
NVDQ.US,D,20240419,000000,5.36,6.25,5.18,6.17,8333937,0
NVDQ.US,D,20240422,000000,5.88,6.15,5.56,5.64,5963174,0
NVDQ.US,D,20240423,000000,5.47,5.532,5.17,5.21,3726272,0
NVDQ.US,D,20240424,000000,5.02,5.63,5.01,5.58,5810446,0
NVDQ.US,D,20240425,000000,5.7,5.78,5.07,5.17,8583802,0
NVDQ.US,D,20240426,000000,5.02,5.07,4.4597,4.51,5945127,0
NVDQ.US,D,20240429,000000,4.54,4.78,4.5076,4.53,3995971,0
NVDQ.US,D,20240430,000000,4.58,4.6701,4.42,4.665,5441705,0
NVDQ.US,D,20240501,000000,4.8,5.22,4.7199,5.035,12132523,0
NVDQ.US,D,20240502,000000,4.865,5.01,4.65,4.7,4409820,0
NVDQ.US,D,20240503,000000,4.48,4.55,4.32,4.37,5891052,0
NVDQ.US,D,20240506,000000,4.32,4.34,4.0385,4.045,4650557,0
NVDQ.US,D,20240507,000000,4.15,4.32,4.08,4.185,6864594,0
NVDQ.US,D,20240508,000000,4.27,4.285,4.1201,4.2,4625630,0
NVDQ.US,D,20240509,000000,4.18,4.4,4.14,4.36,5430725,0
NVDQ.US,D,20240510,000000,4.2,4.3099,4.0901,4.24,4953832,0
NVDQ.US,D,20240513,000000,4.185,4.37,4.1381,4.19,5496066,0
NVDQ.US,D,20240514,000000,4.27,4.33,4.08,4.12,4446387,0
NVDQ.US,D,20240515,000000,4.005,4.08,3.7901,3.81,6368528,0
NVDQ.US,D,20240516,000000,3.795,3.855,3.7201,3.83,4210142,0
NVDQ.US,D,20240517,000000,3.84,4.045,3.815,3.99,3710049,0
NVDQ.US,D,20240520,000000,3.89,3.91,3.76,3.795,3611299,0
NVDQ.US,D,20240521,000000,3.89,3.923,3.75,3.75,3398829,0
NVDQ.US,D,20240522,000000,3.74,3.9118,3.7,3.785,8796486,0
NVDQ.US,D,20240523,000000,3.23,3.25,2.89,3.085,16733253,0
NVDQ.US,D,20240524,000000,3.04,3.1299,2.92,2.92,7177976,0
NVDQ.US,D,20240528,000000,2.71,2.74,2.47,2.49,13094654,0
NVDQ.US,D,20240529,000000,2.56,2.64,2.44,2.47,11404515,0
NVDQ.US,D,20240530,000000,2.475,2.69,2.43,2.655,13000230,0
NVDQ.US,D,20240531,000000,2.56,2.825,2.55,2.69,17688937,0
NVDQ.US,D,20240603,000000,2.5,2.585,2.43,2.44,11070428,0
NVDQ.US,D,20240604,000000,2.42,2.4799,2.37,2.375,10064520,0
NVDQ.US,D,20240605,000000,2.295,2.33,2.13,2.14,13450727,0
NVDQ.US,D,20240606,000000,2.09,2.2799,2.0227,2.18,23223851,0
NVDQ.US,D,20240607,000000,2.225,2.29,2.16,2.19,12525037,0
NVDQ.US,D,20240610,000000,2.21,2.33,2.11,2.155,18704208,0
NVDQ.US,D,20240611,000000,2.16,2.26,2.12,2.18,12926917,0
NVDQ.US,D,20240612,000000,2.105,2.12,1.97,2.02,16850382,0
NVDQ.US,D,20240613,000000,1.9,1.97,1.88,1.89,13765133,0
NVDQ.US,D,20240614,000000,1.87,1.93,1.79,1.81,17877005,0
NVDQ.US,D,20240617,000000,1.8,1.89,1.77,1.84,11901255,0
NVDQ.US,D,20240618,000000,1.84,1.85,1.7,1.72,19468099,0
NVDQ.US,D,20240620,000000,1.62,1.875,1.59,1.84,50449622,0
NVDQ.US,D,20240621,000000,1.96,2.02,1.84,1.95,48166259,0
