<TICKER>,<PER>,<DATE>,<TIME>,<OPEN>,<HIGH>,<LOW>,<CLOSE>,<VOL>,<OPENINT>
NVQ.US,D,20201204,000000,25.0476,25.3409,25.0337,25.2714,6089.1391746445,0
NVQ.US,D,20201207,000000,27.0321,27.0321,25.1252,25.16,5393.1226056234,0
NVQ.US,D,20201208,000000,25.2912,25.2952,25.2912,25.2952,672.88307033981,0
NVQ.US,D,20201209,000000,25.3409,25.3409,25.0864,25.0943,759.3822393222,0
NVQ.US,D,20201210,000000,25.0774,25.0864,24.9989,25.0864,635.66831159156,0
NVQ.US,D,20201211,000000,25.0476,25.0476,24.8378,24.8378,1446.3465697289,0
NVQ.US,D,20201214,000000,25.1252,25.1252,25.0148,25.0148,872.03231985742,0
NVQ.US,D,20201215,000000,25.2624,25.5099,25.1938,25.5099,432.49584491198,0
NVQ.US,D,20201216,000000,25.507,25.507,25.4483,25.4781,411.37395481163,0
NVQ.US,D,20201217,000000,25.5905,25.7058,25.5905,25.7058,123.71392773064,0
NVQ.US,D,20201218,000000,25.7028,25.7127,25.6064,25.6064,337.95024160564,0
NVQ.US,D,20201221,000000,25.4184,25.4731,25.4184,25.4731,571.29683700001,0
NVQ.US,D,20201222,000000,25.4871,25.5855,25.4871,25.5736,1272.3424274736,0
NVQ.US,D,20201223,000000,25.84,25.84,25.7704,25.7704,606.49998716727,0
NVQ.US,D,20201224,000000,25.7008,25.7008,25.7008,25.7008,41.237975910212,0
NVQ.US,D,20201228,000000,25.845,25.845,25.7426,25.7426,217.25372674648,0
NVQ.US,D,20201229,000000,25.7813,25.84,25.4771,25.501,2444.1044258979,0
NVQ.US,D,20201230,000000,25.8072,25.8072,25.8072,25.8072,186.0737937412,0
NVQ.US,D,20201231,000000,25.6839,25.9763,25.6839,25.9484,1021.8971591409,0
NVQ.US,D,20210104,000000,26.0647,26.0647,25.7247,25.7247,2172.5372674648,0
NVQ.US,D,20210105,000000,26.1204,26.1204,26.1204,26.1204,174.00414225529,0
NVQ.US,D,20210106,000000,26.9645,26.9785,26.9645,26.9785,161.93449076937,0
NVQ.US,D,20210107,000000,27.5809,27.5809,27.5809,27.5809,43.249584491198,0
NVQ.US,D,20210108,000000,27.5581,27.5581,27.5581,27.5581,707.08041621657,0
NVQ.US,D,20210111,000000,27.394,27.7052,27.394,27.7052,674.89467892079,0
NVQ.US,D,20210112,000000,27.923,28.0591,27.923,28.0591,213.23050958451,0
NVQ.US,D,20210113,000000,28.0014,28.0014,27.9031,27.9031,591.41292280987,0
NVQ.US,D,20210114,000000,28.1974,28.1974,28.1974,28.1974,92.533994725354,0
NVQ.US,D,20210115,000000,28.0213,28.0213,27.8593,27.8593,692.99915614966,0
NVQ.US,D,20210119,000000,28.3325,28.3365,28.3325,28.3365,521.00662247536,0
NVQ.US,D,20210120,000000,28.4896,28.4896,28.4896,28.4896,209.20729242254,0
NVQ.US,D,20210121,000000,28.4906,28.4906,28.4857,28.4857,380.19402180635,0
NVQ.US,D,20210122,000000,28.3335,28.4111,28.2749,28.4111,1591.1823875599,0
NVQ.US,D,20210125,000000,28.1874,28.2968,28.1874,28.2968,318.83996008628,0
NVQ.US,D,20210126,000000,28.0701,28.0701,28.0173,28.0173,211.21890100353,0
NVQ.US,D,20210127,000000,27.2678,27.3056,27.2389,27.3056,451.60612643135,0
NVQ.US,D,20210128,000000,27.5213,27.6177,27.5213,27.6177,266.53813698064,0
NVQ.US,D,20210129,000000,27.4168,27.4168,27.2439,27.2439,1082.2454165704,0
NVQ.US,D,20210201,000000,27.2389,27.568,27.2389,27.568,167.96931651233,0
NVQ.US,D,20210202,000000,27.9448,27.9448,27.9448,27.9448,29.168324424296,0
NVQ.US,D,20210203,000000,28.1596,28.1596,28.1596,28.1596,150.87064357395,0
NVQ.US,D,20210204,000000,28.2948,28.431,28.2948,28.4041,743.28937067431,0
NVQ.US,D,20210205,000000,28.4996,28.769,28.4707,28.769,1062.1293307606,0
NVQ.US,D,20210208,000000,29.3019,29.3317,29.1846,29.2771,3010.3722414455,0
NVQ.US,D,20210209,000000,29.3118,29.6032,29.3118,29.6032,1169.7503898433,0
NVQ.US,D,20210210,000000,29.6548,29.7135,29.3367,29.3367,934.39218586798,0
NVQ.US,D,20210211,000000,29.3596,29.5286,29.292,29.5286,533.07627396128,0
NVQ.US,D,20210212,000000,29.811,29.8498,29.801,29.812,1050.0596792747,0
NVQ.US,D,20210216,000000,30.0247,30.0247,29.6349,29.6349,2920.8556595916,0
NVQ.US,D,20210217,000000,29.4192,29.4192,29.2532,29.3486,2127.2760743927,0
NVQ.US,D,20210218,000000,29.1747,29.1747,28.961,29.0235,948.47344593488,0
NVQ.US,D,20210219,000000,29.3914,29.3914,29.3914,29.3914,77.44693036796,0
NVQ.US,D,20210222,000000,29.2721,29.2721,29.115,29.115,747.31258783629,0
NVQ.US,D,20210223,000000,28.3812,28.8844,28.1675,28.8844,666.84824459685,0
NVQ.US,D,20210224,000000,29.0862,29.6251,29.0862,29.6191,4156.9891326075,0
NVQ.US,D,20210225,000000,29.7314,29.7314,28.6974,28.6974,984.68240039263,0
NVQ.US,D,20210226,000000,29.0673,29.0673,28.8625,28.8625,177.02155512676,0
NVQ.US,D,20210301,000000,29.5664,29.6538,29.5664,29.6538,387.2346518398,0
NVQ.US,D,20210302,000000,29.6251,29.6251,29.3039,29.3039,1000.7752690405,0
NVQ.US,D,20210303,000000,29.1448,29.1448,29.0663,29.0663,255.47428978522,0
NVQ.US,D,20210304,000000,28.951,28.951,28.2113,28.2113,606.49998716727,0
NVQ.US,D,20210305,000000,29.2483,29.2483,28.2749,28.956,633.65670301058,0
NVQ.US,D,20210308,000000,29.1846,29.4391,29.1249,29.1249,1755.1284869103,0
NVQ.US,D,20210309,000000,29.3417,29.5167,29.3417,29.3725,1055.0887007271,0
NVQ.US,D,20210310,000000,29.5018,29.5018,29.5018,29.5018,17.098672938381,0
NVQ.US,D,20210311,000000,29.7811,29.8617,29.7811,29.8617,653.77278882044,0
NVQ.US,D,20210312,000000,30.1729,30.1729,30.1729,30.1729,299.72967856691,0
NVQ.US,D,20210315,000000,30.5746,30.5746,30.5467,30.5467,507.93116669896,0
NVQ.US,D,20210316,000000,30.5447,30.5447,30.4045,30.4045,294.70065711444,0
NVQ.US,D,20210317,000000,30.3777,30.7067,30.3777,30.7067,527.04144821832,0
NVQ.US,D,20210318,000000,30.495,30.5746,30.1331,30.1411,1837.6044387307,0
NVQ.US,D,20210319,000000,30.3299,30.5149,30.2753,30.2753,1258.2611674067,0
NVQ.US,D,20210322,000000,30.1629,30.3478,30.1331,30.316,1637.4493849226,0
NVQ.US,D,20210323,000000,30.2604,30.2703,29.2851,29.2851,2753.8921473698,0
NVQ.US,D,20210324,000000,29.4391,29.4391,29.0464,29.0464,972.61274890671,0
NVQ.US,D,20210325,000000,29.5117,29.5117,29.5117,29.5117,275.59037559508,0
NVQ.US,D,20210326,000000,29.7424,30.1629,29.7424,30.1629,582.36068419544,0
NVQ.US,D,20210329,000000,29.8697,30.0366,29.8697,29.8746,482.78605943663,0
NVQ.US,D,20210330,000000,29.8607,30.0207,29.8607,30.0207,746.30678354579,0
NVQ.US,D,20210331,000000,30.2723,30.2723,30.155,30.2117,658.8018102729,0
NVQ.US,D,20210401,000000,30.4105,30.5676,30.4105,30.5676,3447.8971078099,0
NVQ.US,D,20210405,000000,30.8907,31.002,30.8907,31.002,603.48257429579,0
NVQ.US,D,20210406,000000,30.9881,30.9881,30.9355,30.9355,767.42867364615,0
NVQ.US,D,20210407,000000,30.7246,30.7246,30.7246,30.7246,109.63266766374,0
NVQ.US,D,20210408,000000,30.9881,30.9881,30.8092,30.8092,157.9112736074,0
NVQ.US,D,20210409,000000,30.7525,30.9236,30.7525,30.9236,1163.7155641004,0
NVQ.US,D,20210412,000000,30.851,30.9524,30.851,30.9524,2882.6350965529,0
NVQ.US,D,20210413,000000,30.7326,30.7624,30.661,30.7604,1959.3067578803,0
NVQ.US,D,20210414,000000,31.0667,31.1462,30.8529,30.8529,2887.6641180054,0
NVQ.US,D,20210415,000000,30.9881,30.9881,30.8022,30.9395,10737.966605303,0
NVQ.US,D,20210416,000000,30.9494,31.008,30.9395,30.9632,3304.0670942694,0
NVQ.US,D,20210419,000000,30.9583,30.9583,30.5079,30.5109,3501.2047352061,0
NVQ.US,D,20210420,000000,30.0466,30.1401,30.0068,30.1401,3109.9468662043,0
NVQ.US,D,20210421,000000,30.322,30.7207,30.322,30.7207,925.33994725354,0
NVQ.US,D,20210422,000000,30.7823,30.7823,30.3926,30.3926,981.66498752115,0
NVQ.US,D,20210423,000000,30.7425,30.9831,30.7425,30.9136,540.11690399473,0
NVQ.US,D,20210426,000000,31.1164,31.1164,31.0388,31.0388,455.62934359332,0
NVQ.US,D,20210427,000000,31.1989,31.346,31.1989,31.346,2077.9916641585,0
NVQ.US,D,20210428,000000,31.3619,31.3619,31.3281,31.3281,364.10115315846,0
NVQ.US,D,20210429,000000,31.4206,31.4385,31.1363,31.344,1651.5306449895,0
NVQ.US,D,20210430,000000,31.0577,31.0577,31.014,31.014,426.46101916902,0
NVQ.US,D,20210503,000000,31.3848,31.4495,31.3848,31.4326,969.59533603523,0
NVQ.US,D,20210504,000000,31.352,31.352,31.0965,31.3232,583.36648848593,0
NVQ.US,D,20210505,000000,31.5996,31.5996,31.5996,31.5996,4.0232171619719,0
NVQ.US,D,20210506,000000,31.5966,31.7328,31.3033,31.7328,1020.8913548504,0
NVQ.US,D,20210507,000000,32.3054,32.3054,32.3054,32.3054,403.32752048769,0
NVQ.US,D,20210510,000000,32.4497,32.4795,31.9575,31.9575,1501.665805706,0
NVQ.US,D,20210511,000000,31.342,31.6174,31.342,31.532,918.29931722009,0
NVQ.US,D,20210512,000000,31.352,31.352,30.666,30.666,489.82668947008,0
NVQ.US,D,20210513,000000,31.2835,31.3321,30.9682,31.1641,1772.2271598486,0
NVQ.US,D,20210514,000000,31.9843,31.9893,31.9505,31.9505,599.45935713382,0
NVQ.US,D,20210517,000000,31.9495,32.2747,31.8134,32.2747,2049.8291440247,0
NVQ.US,D,20210518,000000,32.7648,32.7648,32.1365,32.1952,11709.573549919,0
NVQ.US,D,20210519,000000,33.3424,33.3424,31.1462,31.539,4854.0115059191,0
NVQ.US,D,20210520,000000,31.342,31.538,31.342,31.4863,1238.1450815969,0
NVQ.US,D,20210521,000000,31.8134,31.8134,31.6145,31.6145,786.53895516551,0
NVQ.US,D,20210524,000000,31.8422,32.0291,31.8422,31.8502,651.76118023945,0
NVQ.US,D,20210525,000000,31.6851,31.7238,31.5678,31.5927,2087.0439027729,0
NVQ.US,D,20210526,000000,31.9108,32.0778,31.9088,32.0758,1838.6102430212,0
NVQ.US,D,20210527,000000,32.4009,32.568,32.4009,32.563,3316.1367457554,0
NVQ.US,D,20210528,000000,32.3413,32.5581,32.2935,32.3671,3877.3755398504,0
NVQ.US,D,20210601,000000,32.7748,32.7748,32.6365,32.727,1533.8515430018,0
NVQ.US,D,20210602,000000,32.6465,32.7966,32.6465,32.7966,4029.2519877149,0
NVQ.US,D,20210603,000000,32.5292,32.8026,32.5292,32.571,3918.6135157607,0
NVQ.US,D,20210604,000000,32.4298,32.5939,32.4208,32.5939,5574.1673779121,0
NVQ.US,D,20210607,000000,32.6266,32.6763,32.5869,32.6763,1595.2056047219,0
NVQ.US,D,20210608,000000,32.912,32.9309,32.8822,32.911,1629.4029505986,0
NVQ.US,D,20210609,000000,32.6564,32.735,32.5133,32.5133,1805.4187014349,0
NVQ.US,D,20210610,000000,32.381,32.381,32.1415,32.1415,2820.2752305423,0
NVQ.US,D,20210611,000000,32.1464,32.4805,32.1464,32.4805,828.78273536622,0
NVQ.US,D,20210614,000000,32.0589,32.1255,32.0589,32.1255,1117.4485667377,0
NVQ.US,D,20210615,000000,31.9307,32.1773,31.9307,32.1773,470.71640795072,0
NVQ.US,D,20210616,000000,31.871,32.0778,31.871,31.9943,900.19483999122,0
NVQ.US,D,20210617,000000,31.9307,31.9307,31.2933,31.3967,1952.2661278469,0
NVQ.US,D,20210618,000000,30.9861,30.9861,30.848,30.848,1242.1682987588,0
NVQ.US,D,20210621,000000,31.6552,31.6552,31.35,31.4107,1132.5356310951,0
NVQ.US,D,20210622,000000,31.4485,31.5917,31.4485,31.5469,1539.8863687448,0
NVQ.US,D,20210623,000000,31.7238,31.7636,31.6165,31.6473,2651.3001097395,0
NVQ.US,D,20210624,000000,31.6264,31.8601,31.6264,31.8601,1140.582065419,0
NVQ.US,D,20210625,000000,32.049,32.0589,32.0072,32.0072,324.87478582923,0
NVQ.US,D,20210628,000000,31.9495,31.9495,31.6552,31.7348,770.44608651762,0
NVQ.US,D,20210629,000000,31.7139,31.7935,31.6333,31.6333,4312.8887976339,0
NVQ.US,D,20210630,000000,31.8382,31.8382,31.8382,31.8382,68.394691753523,0
NVQ.US,D,20210701,000000,31.8621,31.8621,31.8621,31.8621,316.82835150529,0
NVQ.US,D,20210702,000000,31.7785,31.7785,31.693,31.693,341.97345876761,0
NVQ.US,D,20210706,000000,31.4783,31.4783,31.0269,31.2228,3195.4402308962,0
NVQ.US,D,20210707,000000,31.0567,31.0567,31.0468,31.0468,413.38556339262,0
NVQ.US,D,20210708,000000,30.5656,30.839,30.2813,30.6341,4002.0952718716,0
NVQ.US,D,20210709,000000,30.8897,31.2855,30.8897,31.2855,504.91375382748,0
NVQ.US,D,20210712,000000,31.351,31.3888,31.3222,31.3659,739.26615351234,0
NVQ.US,D,20210713,000000,31.3808,31.3808,30.9484,30.998,2584.917026567,0
NVQ.US,D,20210714,000000,31.1542,31.1542,30.7813,30.8669,647.73796307748,0
NVQ.US,D,20210715,000000,30.7813,30.7813,30.6481,30.6481,406.34493335916,0
NVQ.US,D,20210716,000000,30.1808,30.1808,30.1808,30.1808,71.412104625002,0
NVQ.US,D,20210719,000000,29.9572,29.9572,29.4162,29.6281,2627.1608067677,0
NVQ.US,D,20210720,000000,30.3627,30.3627,30.3627,30.3627,172.99833796479,0
NVQ.US,D,20210721,000000,30.7972,30.7972,30.7972,30.7972,140.81260066902,0
NVQ.US,D,20210722,000000,30.5497,30.5497,30.5497,30.5497,163.94609935036,0
NVQ.US,D,20210723,000000,30.3985,30.5278,30.3786,30.5278,1124.4891967712,0
NVQ.US,D,20210726,000000,30.654,30.7714,30.654,30.7714,302.74709143839,0
NVQ.US,D,20210727,000000,30.6441,30.6898,30.4761,30.6898,2006.5795595335,0
NVQ.US,D,20210728,000000,30.6044,30.7177,30.6044,30.7177,245.41624688029,0
NVQ.US,D,20210729,000000,31.1641,31.1641,31.0279,31.0279,1219.0348000775,0
NVQ.US,D,20210730,000000,30.9285,30.9285,30.9186,30.9196,1266.3076017307,0
NVQ.US,D,20210802,000000,30.9007,30.9007,30.9007,30.9007,24.139302971832,0
NVQ.US,D,20210803,000000,30.9186,31.2248,30.9007,31.2248,1808.4361143064,0
NVQ.US,D,20210804,000000,30.9573,30.9573,30.6789,30.6789,1282.4004703786,0
NVQ.US,D,20210805,000000,30.664,30.6849,30.6272,30.6272,445.57130068839,0
NVQ.US,D,20210806,000000,30.8897,30.9096,30.8738,30.8738,310.79352576233,0
NVQ.US,D,20210809,000000,30.7813,30.8619,30.7813,30.8619,193.11442377465,0
NVQ.US,D,20210810,000000,31.2308,31.2308,31.2308,31.2308,32.185737295775,0
NVQ.US,D,20210811,000000,31.5081,31.5081,31.5081,31.5081,19.110281519367,0
NVQ.US,D,20210812,000000,31.4485,31.4485,31.4196,31.4246,433.50164920248,0
NVQ.US,D,20210813,000000,31.4196,31.4196,31.3013,31.3013,273.57876701409,0
NVQ.US,D,20210816,000000,31.184,31.2855,31.184,31.2855,247.42785546127,0
NVQ.US,D,20210817,000000,31.0667,31.0667,30.9385,30.9652,455.62934359332,0
NVQ.US,D,20210818,000000,30.8679,31.0269,30.664,30.664,603.48257429579,0
NVQ.US,D,20210819,000000,30.5159,30.5159,30.2902,30.3975,741.27776209333,0
NVQ.US,D,20210820,000000,30.5756,30.6769,30.5756,30.6769,396.28689045424,0
NVQ.US,D,20210823,000000,31.007,31.0468,30.9941,30.9941,4102.6757009209,0
NVQ.US,D,20210824,000000,31.2825,31.2825,31.2029,31.2735,2132.3050958451,0
NVQ.US,D,20210825,000000,31.3997,31.3997,31.3997,31.3997,150.87064357395,0
NVQ.US,D,20210826,000000,31.0527,31.0527,31.0527,31.0527,27.156715843311,0
NVQ.US,D,20210827,000000,31.3898,31.4644,31.3898,31.4166,1101.3556980898,0
NVQ.US,D,20210830,000000,31.3043,31.3043,31.3043,31.3043,37.21475874824,0
NVQ.US,D,20210831,000000,31.343,31.343,31.343,31.343,145.84162212148,0
NVQ.US,D,20210901,000000,31.3411,31.3411,31.0856,31.1532,207.19568384155,0
NVQ.US,D,20210902,000000,31.2923,31.4385,31.1263,31.4385,1874.8191974789,0
NVQ.US,D,20210903,000000,31.7537,31.7537,31.184,31.2019,771.45189080812,0
NVQ.US,D,20210907,000000,30.9285,31.007,30.8301,30.8301,1337.7197063557,0
NVQ.US,D,20210908,000000,30.6153,30.6153,30.6153,30.6153,115.66749340669,0
NVQ.US,D,20210909,000000,30.6441,30.664,30.6242,30.6242,1376.9460736849,0
NVQ.US,D,20210910,000000,30.1958,30.1958,30.1958,30.1958,77.44693036796,0
NVQ.US,D,20210913,000000,30.3836,30.4672,30.3836,30.4672,1438.300135405,0
NVQ.US,D,20210914,000000,30.2117,30.2117,30.0903,30.0903,178.02735941726,0
NVQ.US,D,20210915,000000,30.5069,30.5069,30.5069,30.5069,92.533994725354,0
NVQ.US,D,20210916,000000,30.5179,30.5179,30.5179,30.5179,69.400496044016,0
NVQ.US,D,20210917,000000,30.3588,30.3946,30.3588,30.3946,183.05638086972,0
NVQ.US,D,20210920,000000,29.5734,29.8408,29.5734,29.8408,171.9925336743,0
NVQ.US,D,20210921,000000,29.7841,29.7841,29.7235,29.7235,527.04144821832,0
NVQ.US,D,20210922,000000,29.8189,30.3588,29.8189,30.0575,1924.1036077131,0
NVQ.US,D,20210923,000000,30.4383,30.7028,30.4383,30.5199,34926.553987369,0
NVQ.US,D,20210924,000000,30.5059,30.6242,30.4085,30.5477,2337.4891711057,0
NVQ.US,D,20210927,000000,30.7823,30.8321,30.7823,30.8221,1168.7445855528,0
NVQ.US,D,20210928,000000,30.7525,30.7525,30.5855,30.5855,294.70065711444,0
NVQ.US,D,20210929,000000,30.6441,30.7028,30.496,30.502,2412.9244928927,0
NVQ.US,D,20210930,000000,30.4861,30.4861,29.7762,29.8557,3705.3830061761,0
NVQ.US,D,20211001,000000,29.8547,30.1689,29.8547,30.1689,1073.193177956,0
NVQ.US,D,20211004,000000,30.0327,30.0675,30.0327,30.0675,425.45521487853,0
NVQ.US,D,20211005,000000,30.2694,30.2694,30.2694,30.2694,281.62520133804,0
NVQ.US,D,20211006,000000,29.9829,30.1679,29.6578,30.1679,34278.816024291,0
NVQ.US,D,20211007,000000,30.4473,30.5656,30.4473,30.4652,292.68904853346,0
NVQ.US,D,20211008,000000,30.5815,30.5815,30.5815,30.5815,107.62105908275,0
NVQ.US,D,20211011,000000,30.5308,30.5457,30.3985,30.3985,888.1251885053,0
NVQ.US,D,20211012,000000,30.3975,30.3975,30.2753,30.2753,343.9850673486,0
NVQ.US,D,20211013,000000,30.2813,30.2813,30.2813,30.2813,138.80099208803,0
NVQ.US,D,20211014,000000,30.4572,30.7535,30.4572,30.7535,2293.233782324,0
NVQ.US,D,20211015,000000,30.8579,30.8579,30.8579,30.8579,190.09701090317,0
NVQ.US,D,20211018,000000,30.851,30.8609,30.851,30.8549,511.95438386093,0
NVQ.US,D,20211019,000000,31.0189,31.1472,31.0189,31.1204,1052.0712878557,0
NVQ.US,D,20211020,000000,31.3848,31.3848,31.3848,31.3848,86.499168982396,0
NVQ.US,D,20211021,000000,31.2855,31.342,31.2855,31.342,2801.164949023,0
NVQ.US,D,20211022,000000,31.2656,31.2656,31.1383,31.1383,894.16001424826,0
NVQ.US,D,20211025,000000,31.2983,31.2983,31.2983,31.2983,324.87478582923,0
NVQ.US,D,20211026,000000,31.2158,31.2556,31.0736,31.1055,1316.5978162553,0
NVQ.US,D,20211027,000000,30.9007,30.9007,30.5756,30.5756,1009.827507655,0
NVQ.US,D,20211028,000000,30.6938,30.8659,30.6938,30.8659,269.55554985212,0
NVQ.US,D,20211029,000000,30.8609,30.9047,30.8609,30.9047,430.484236331,0
NVQ.US,D,20211101,000000,31.1671,31.2328,31.1671,31.2328,650.75537594896,0
NVQ.US,D,20211102,000000,31.2258,31.3251,31.2139,31.2139,3701.3597890142,0
NVQ.US,D,20211103,000000,31.698,31.698,31.698,31.698,190.09701090317,0
NVQ.US,D,20211104,000000,31.6602,31.6602,31.541,31.541,231.33498681339,0
NVQ.US,D,20211105,000000,31.9367,31.9367,31.9367,31.9367,290.67743995247,0
NVQ.US,D,20211108,000000,32.0838,32.0838,32.0151,32.0151,1279.3830575071,0
NVQ.US,D,20211109,000000,32.0649,32.0649,32.0321,32.0321,569.28522841903,0
NVQ.US,D,20211110,000000,32.1285,32.1285,31.877,31.8969,887.11938421481,0
NVQ.US,D,20211111,000000,32.4198,32.4198,32.0191,32.0191,586.38390135741,0
NVQ.US,D,20211112,000000,32.1763,32.1763,32.1763,32.1763,533.07627396128,0
NVQ.US,D,20211115,000000,32.2518,32.2518,32.0937,32.1156,1100.3498937993,0
NVQ.US,D,20211116,000000,32.2707,32.2707,32.2707,32.2707,233.34659539437,0
NVQ.US,D,20211117,000000,31.9803,31.9803,31.9793,31.9793,316.82835150529,0
NVQ.US,D,20211118,000000,31.9604,31.9604,31.9604,31.9604,122.70812344014,0
NVQ.US,D,20211119,000000,31.5897,31.5897,31.5897,31.5897,24.139302971832,0
NVQ.US,D,20211122,000000,31.9674,31.9674,31.9674,31.9674,329.9038072817,0
NVQ.US,D,20211123,000000,32.0828,32.0828,32.0828,32.0828,174.00414225529,0
NVQ.US,D,20211124,000000,31.8571,31.9654,31.8571,31.9654,651.76118023945,0
NVQ.US,D,20211126,000000,31.5618,31.5618,30.6441,31.0408,4582.444347486,0
NVQ.US,D,20211129,000000,31.0388,31.1224,31.0388,31.1224,573.308445581,0
NVQ.US,D,20211130,000000,30.5258,30.6739,30.1261,30.1261,2522.5571605564,0
NVQ.US,D,20211201,000000,30.8808,30.9811,29.9343,29.9343,2480.3133803557,0
NVQ.US,D,20211202,000000,30.1112,30.7286,30.1112,30.7286,1053.0770921462,0
NVQ.US,D,20211203,000000,30.6074,30.6074,30.6074,30.6074,46.266997362677,0
NVQ.US,D,20211206,000000,31.0786,31.1353,31.0289,31.1353,680.92950466375,0
NVQ.US,D,20211207,000000,31.8183,31.8183,31.6304,31.6662,499.88473237501,0
NVQ.US,D,20211208,000000,31.6106,31.6721,31.6106,31.6542,1137.5646525476,0
NVQ.US,D,20211209,000000,31.6106,31.6403,31.5221,31.5509,1027.9319848838,0
NVQ.US,D,20211210,000000,31.5718,31.7089,31.5419,31.6861,2024.6840367624,0
NVQ.US,D,20211213,000000,31.3838,31.3928,31.2437,31.2437,477.75703798417,0
NVQ.US,D,20211214,000000,31.3739,31.4087,31.1363,31.1363,628.62768155811,0
NVQ.US,D,20211215,000000,31.0687,31.3779,31.0687,31.3779,410.36815052114,0
NVQ.US,D,20211216,000000,31.5618,31.6403,31.2556,31.351,1445.3407654384,0
NVQ.US,D,20211217,000000,31.2158,31.2158,31.0358,31.0358,797.60280236093,0
NVQ.US,D,20211220,000000,30.1709,30.5467,30.1709,30.5467,652.76698452995,0
NVQ.US,D,20211221,000000,31.2507,31.2507,31.2507,31.2507,45.261193072184,0
NVQ.US,D,20211222,000000,31.4236,31.4793,31.4236,31.4793,272.5729627236,0
NVQ.US,D,20211223,000000,31.5221,31.7885,31.5221,31.69,1719.925336743,0
NVQ.US,D,20211227,000000,32.1335,32.1335,32.1335,32.1335,216.24792245599,0
NVQ.US,D,20211228,000000,32.2031,32.2031,32.0241,32.0836,954.50827167784,0
NVQ.US,D,20211229,000000,32.2429,32.2429,32.1136,32.2125,932.38057728699,0
NVQ.US,D,20211230,000000,32.1064,32.1064,32.1064,32.1064,140.81260066902,0
NVQ.US,D,20211231,000000,32.0937,32.1364,32.0937,32.1364,586.38390135741,0
NVQ.US,D,20220103,000000,32.382,32.441,32.2429,32.441,3263.8349226497,0
NVQ.US,D,20220104,000000,32.8792,33.078,32.8792,33.0323,583.36648848593,0
NVQ.US,D,20220105,000000,33.2867,33.3464,32.7433,32.7433,2704.6077371356,0
NVQ.US,D,20220106,000000,32.7201,33.0879,32.7201,32.8295,3049.5986087747,0
NVQ.US,D,20220107,000000,32.8891,32.8891,32.7854,32.7854,2826.3100562853,0
NVQ.US,D,20220110,000000,32.392,32.7797,32.392,32.7797,1511.723848611,0
NVQ.US,D,20220111,000000,33.2941,33.2941,33.2941,33.2941,211.21890100353,0
NVQ.US,D,20220112,000000,33.3935,33.3935,33.3935,33.3935,349.01408880106,0
NVQ.US,D,20220113,000000,33.4658,33.4658,33.4658,33.4658,228.31757394191,0
NVQ.US,D,20220114,000000,33.72,33.72,33.72,33.72,112.65008053521,0
NVQ.US,D,20220118,000000,33.3216,33.3216,33.1578,33.1578,380.19402180635,0
NVQ.US,D,20220119,000000,32.7192,32.7192,32.7192,32.7192,89.516581853875,0
NVQ.US,D,20220120,000000,32.8692,32.8692,32.2244,32.2244,846.88721259509,0
NVQ.US,D,20220121,000000,32.2031,32.2032,31.7026,31.7026,245.41624688029,0
NVQ.US,D,20220124,000000,31.3062,31.9861,31.3062,31.9861,2410.9128843117,0
NVQ.US,D,20220125,000000,32.0039,32.0039,32.0039,32.0039,49.284410234156,0
NVQ.US,D,20220126,000000,31.7307,31.7307,31.7307,31.7307,24.139302971832,0
NVQ.US,D,20220127,000000,31.6159,31.6159,31.4872,31.5839,434.50745349297,0
NVQ.US,D,20220128,000000,31.4326,31.8819,31.4326,31.8819,2067.9336212536,0
NVQ.US,D,20220131,000000,31.8502,32.2097,31.8452,32.2097,1326.6558591602,0
NVQ.US,D,20220201,000000,32.6299,32.6299,32.6299,32.6299,4.0232171619719,0
NVQ.US,D,20220202,000000,32.6504,33.017,32.6504,33.017,2704.6077371356,0
NVQ.US,D,20220203,000000,32.9487,32.9487,32.6224,32.6224,474.73962511269,0
NVQ.US,D,20220204,000000,32.5909,32.7499,32.4516,32.561,2656.329131192,0
NVQ.US,D,20220207,000000,32.7201,32.9793,32.6974,32.8295,1701.8208595141,0
NVQ.US,D,20220208,000000,33.3265,33.416,33.2768,33.4061,2480.3133803557,0
NVQ.US,D,20220209,000000,33.6347,33.7044,33.6183,33.6183,375.16500035388,0
NVQ.US,D,20220210,000000,33.6745,33.6745,33.212,33.212,281.62520133804,0
NVQ.US,D,20220211,000000,33.3961,33.3961,32.9402,32.9402,220.27113961796,0
NVQ.US,D,20220214,000000,32.8394,32.8394,32.5909,32.6405,1496.6367842536,0
NVQ.US,D,20220215,000000,33.1377,33.2562,33.1377,33.2562,164.95190364085,0
NVQ.US,D,20220216,000000,33.2171,33.2348,33.078,33.2348,763.40545648417,0
NVQ.US,D,20220217,000000,32.9785,32.9785,32.6649,32.6649,109.63266766374,0
NVQ.US,D,20220218,000000,32.6008,32.6008,32.5768,32.5768,258.4917026567,0
NVQ.US,D,20220222,000000,32.4318,32.4815,32.0625,32.0625,951.49085880636,0
NVQ.US,D,20220223,000000,31.9163,31.9644,31.5838,31.5838,1043.0190492412,0
NVQ.US,D,20220224,000000,30.6819,31.7182,30.6819,31.7182,328.89800299121,0
NVQ.US,D,20220225,000000,32.5831,32.5831,32.5831,32.5831,40.232171619719,0
NVQ.US,D,20220228,000000,32.223,32.6247,32.223,32.6247,114.6616891162,0
NVQ.US,D,20220301,000000,32.2925,32.4119,31.8671,31.8671,762.39965219368,0
NVQ.US,D,20220302,000000,32.8941,32.9587,32.8283,32.8283,456.63514788381,0
NVQ.US,D,20220303,000000,32.4417,32.5731,32.4417,32.5731,264.52652839965,0
NVQ.US,D,20220304,000000,32.1953,32.1953,32.1953,32.1953,3.0174128714789,0
NVQ.US,D,20220307,000000,31.14,31.14,31.14,31.14,99.574624758805,0
NVQ.US,D,20220308,000000,31.2937,31.3878,31.2937,31.2937,105.60945050176,0
NVQ.US,D,20220309,000000,31.7959,31.7959,31.7959,31.7959,30.174128714789,0
NVQ.US,D,20220310,000000,31.696,32.0353,31.696,32.0353,327.89219870071,0
NVQ.US,D,20220311,000000,31.9347,31.9644,31.8493,31.8493,353.03730596304,0
NVQ.US,D,20220314,000000,31.9148,31.9148,31.8248,31.8248,134.77777492606,0
NVQ.US,D,20220315,000000,31.9148,31.9148,31.9148,31.9148,24.139302971832,0
NVQ.US,D,20220316,000000,32.5809,32.5809,32.5348,32.5348,182.05057657923,0
NVQ.US,D,20220317,000000,32.907,32.907,32.907,32.907,70.406300334509,0
NVQ.US,D,20220318,000000,32.7101,33.0015,32.5511,33.0015,1957.2951492993,0
NVQ.US,D,20220321,000000,33.1052,33.1052,33.1052,33.1052,104.60364621127,0
NVQ.US,D,20220322,000000,33.3584,33.3584,33.3584,33.3584,9.0522386144368,0
NVQ.US,D,20220323,000000,32.8728,32.8728,32.8728,32.8728,176.01575083627,0
NVQ.US,D,20220324,000000,33.1063,33.1063,33.1063,33.1063,7.0406300334509,0
NVQ.US,D,20220325,000000,33.5003,33.5003,33.5003,33.5003,46.2531027456,0
NVQ.US,D,20220328,000000,33.1995,33.1995,33.1995,33.1995,9.0495201024,0
NVQ.US,D,20220329,000000,33.4858,33.5301,33.4559,33.5301,245.3425449984,0
NVQ.US,D,20220330,000000,33.3472,33.3472,33.3472,33.3472,64.3521429504,0
NVQ.US,D,20220331,000000,32.9015,32.9015,32.9015,32.9015,8.0440178688,0
NVQ.US,D,20220401,000000,32.8095,32.9535,32.8095,32.9535,418.2889291776,0
NVQ.US,D,20220404,000000,32.7866,32.7866,32.7866,32.7866,58.3191295488,0
NVQ.US,D,20220405,000000,32.7597,32.7896,32.4873,32.4873,304.6671767808,0
NVQ.US,D,20220406,000000,32.3619,32.3619,32.3619,32.3619,1009.5242425344,0
NVQ.US,D,20220407,000000,32.487,32.487,32.487,32.487,41.2255915776,0
NVQ.US,D,20220408,000000,32.9984,32.9984,32.8492,32.8492,266.458091904,0
NVQ.US,D,20220411,000000,33.0283,33.0283,32.4694,32.4694,7401.5019415296,0
NVQ.US,D,20220412,000000,32.5123,32.5123,32.5123,32.5123,3.0165067008,0
NVQ.US,D,20220413,000000,32.7,32.8607,32.7,32.8607,662.6259719424,0
NVQ.US,D,20220414,000000,32.7605,32.7605,32.7605,32.7605,172.9463841792,0
NVQ.US,D,20220418,000000,32.832,32.832,32.832,32.832,77.4236719872,0
NVQ.US,D,20220419,000000,33.3103,33.3103,33.3103,33.3103,33.1815737088,0
NVQ.US,D,20220420,000000,33.7344,33.7344,33.6946,33.6946,433.3714626816,0
NVQ.US,D,20220421,000000,33.8239,33.8239,33.2331,33.2331,144.7923216384,0
NVQ.US,D,20220422,000000,32.6305,32.6504,32.3133,32.3133,3074.8258303488,0
NVQ.US,D,20220426,000000,32.0039,32.0039,31.5865,31.5865,5060.6927417088,0
NVQ.US,D,20220427,000000,31.544,31.544,31.544,31.544,102.5612278272,0
NVQ.US,D,20220428,000000,32.1841,32.1841,32.1841,32.1841,41.2255915776,0
NVQ.US,D,20220429,000000,31.7553,31.7553,31.297,31.297,181.9959042816,0
NVQ.US,D,20220502,000000,31.2779,31.5482,31.2779,31.5482,486.6630810624,0
NVQ.US,D,20220503,000000,32.0435,32.0435,32.0435,32.0435,3.0165067008,0
NVQ.US,D,20220504,000000,33.0798,33.0798,33.0798,33.0798,14.0770312704,0
NVQ.US,D,20220505,000000,32.2542,32.2542,32.2542,32.2542,9.0495201024,0
NVQ.US,D,20220506,000000,32.0536,32.4175,32.0536,32.4175,153.8418417408,0
NVQ.US,D,20220509,000000,31.5233,31.5233,31.5233,31.5233,5.027511168,0
NVQ.US,D,20220510,000000,31.3568,31.3568,31.3568,31.3568,25.13755584,0
NVQ.US,D,20220511,000000,30.9898,30.9898,30.9898,30.9898,143.7868194048,0
NVQ.US,D,20220512,000000,30.9418,30.9418,30.9418,30.9418,14.0770312704,0
NVQ.US,D,20220513,000000,31.4669,31.5075,31.4669,31.5075,534.9271882752,0
NVQ.US,D,20220516,000000,31.6187,31.6187,31.6187,31.6187,22.1210491392,0
NVQ.US,D,20220517,000000,32.3023,32.3669,32.3023,32.3669,166.9133707776,0
NVQ.US,D,20220518,000000,31.3227,31.3227,31.0339,31.0339,212.1609712896,0
NVQ.US,D,20220519,000000,30.6812,30.9252,30.6812,30.9252,109.5997434624,0
NVQ.US,D,20220520,000000,30.9524,30.9524,30.9524,30.9524,47.2586049792,0
NVQ.US,D,20220523,000000,31.4622,31.4622,31.4622,31.4622,1.0055022336,0
NVQ.US,D,20220524,000000,31.3079,31.3079,31.3079,31.3079,4.0220089344,0
NVQ.US,D,20220525,000000,31.9377,31.9377,31.9377,31.9377,1.0055022336,0
NVQ.US,D,20220526,000000,32.5086,32.5086,32.5086,32.5086,7.0385156352,0
NVQ.US,D,20220527,000000,32.9805,33.0493,32.9805,33.0493,877.8034499328,0
NVQ.US,D,20220531,000000,32.863,32.863,32.863,32.863,149.8198328064,0
NVQ.US,D,20220601,000000,32.4713,32.72,32.4713,32.72,2574.085718016,0
NVQ.US,D,20220602,000000,33.0388,33.0388,33.0388,33.0388,39.2145871104,0
NVQ.US,D,20220603,000000,32.7488,32.7488,32.7488,32.7488,61.3356362496,0
NVQ.US,D,20220606,000000,33.0139,33.0139,33.008,33.008,337.8487504896,0
NVQ.US,D,20220607,000000,32.899,33.4541,32.899,33.4541,170.935379712,0
NVQ.US,D,20220608,000000,32.9603,32.9603,32.9603,32.9603,81.4456809216,0
NVQ.US,D,20220609,000000,32.7498,32.7498,32.2964,32.2964,101.5557255936,0
NVQ.US,D,20220610,000000,31.5272,31.5272,31.5272,31.5272,11.0605245696,0
NVQ.US,D,20220613,000000,30.6215,30.6215,30.1088,30.1088,414.2669202432,0
NVQ.US,D,20220614,000000,30.3928,30.3928,30.0845,30.2785,245.3425449984,0
NVQ.US,D,20220615,000000,30.3679,30.3679,30.3679,30.3679,28.1540625408,0
NVQ.US,D,20220616,000000,28.4932,29.3087,28.4932,29.0657,515.8226458368,0
NVQ.US,D,20220617,000000,28.9399,28.9399,28.9399,28.9399,131.7207926016,0
NVQ.US,D,20220621,000000,29.5725,29.5725,29.3087,29.5725,706.8680702208,0
NVQ.US,D,20220622,000000,29.3818,29.3818,29.3818,29.3818,75.41266752,0
NVQ.US,D,20220623,000000,29.0791,29.0791,29.0791,29.0791,60.330134016,0
NVQ.US,D,20220624,000000,29.99,29.99,29.9753,29.9753,158,0
NVQ.US,D,20220627,000000,30.1894,30.1894,30.1894,30.1894,1,0
NVQ.US,D,20220628,000000,30.1233,30.1233,30.1233,30.1233,10,0
NVQ.US,D,20220629,000000,29.6896,29.6896,29.6896,29.6896,17,0
NVQ.US,D,20220630,000000,29.2882,29.2882,29.2882,29.2882,8,0
NVQ.US,D,20220701,000000,29.8491,29.8491,29.8491,29.8491,22,0
NVQ.US,D,20220705,000000,29.4697,29.4697,29.4697,29.4697,42,0
NVQ.US,D,20220706,000000,29.3482,29.3482,29.3482,29.3482,21,0
NVQ.US,D,20220707,000000,29.805,29.805,29.805,29.805,2,0
NVQ.US,D,20220708,000000,29.8683,29.8683,29.8683,29.8683,20,0
NVQ.US,D,20220711,000000,29.6899,29.6899,29.6899,29.6899,86,0
NVQ.US,D,20220712,000000,29.6888,29.6888,29.6888,29.6888,1,0
NVQ.US,D,20220713,000000,29.4055,29.4055,29.4055,29.4055,2,0
NVQ.US,D,20220714,000000,28.8397,28.8397,28.8397,28.8397,18,0
NVQ.US,D,20220715,000000,29.54,29.587,29.54,29.587,202,0
NVQ.US,D,20220718,000000,29.5807,29.5807,29.5807,29.5807,56,0
NVQ.US,D,20220719,000000,30.442,30.442,30.442,30.442,4,0
NVQ.US,D,20220720,000000,30.4363,30.4363,30.4363,30.4363,2,0
NVQ.US,D,20220721,000000,30.3515,30.3515,30.3515,30.3515,14,0
NVQ.US,D,20220722,000000,30.3501,30.3501,30.2551,30.2551,252,0
NVQ.US,D,20220725,000000,30.63,30.6849,30.63,30.6849,358,0
NVQ.US,D,20220726,000000,30.6675,30.6675,30.6675,30.6675,3,0
NVQ.US,D,20220727,000000,31.1631,31.1631,31.1631,31.1631,2,0
NVQ.US,D,20220728,000000,31.167,31.167,31.167,31.167,59,0
NVQ.US,D,20220729,000000,31.5,31.5599,31.5,31.5599,412,0
NVQ.US,D,20220801,000000,31.42,31.4567,31.17,31.4567,2625,0
NVQ.US,D,20220802,000000,31.1781,31.1781,31.1781,31.1781,9,0
NVQ.US,D,20220803,000000,31.5776,31.5776,31.5776,31.5776,19,0
NVQ.US,D,20220804,000000,31.3757,31.3757,31.3757,31.3757,11,0
NVQ.US,D,20220805,000000,31.39,31.4,31.31,31.3139,611,0
NVQ.US,D,20220808,000000,31.3887,31.3887,31.3887,31.3887,14,0
NVQ.US,D,20220809,000000,31.3889,31.3889,31.3889,31.3889,8,0
NVQ.US,D,20220810,000000,31.67,31.9,31.67,31.8992,1401,0
NVQ.US,D,20220811,000000,31.97,32.32,31.97,32.1927,1480,0
NVQ.US,D,20220812,000000,32.432,32.67,32.43,32.67,8184,0
NVQ.US,D,20220815,000000,32.5,32.6312,32.5,32.6312,5683,0
NVQ.US,D,20220816,000000,32.8912,32.8912,32.8912,32.8912,13,0
NVQ.US,D,20220817,000000,32.5834,32.62,32.5834,32.5834,158,0
NVQ.US,D,20220818,000000,32.59,32.6183,32.59,32.6183,109,0
NVQ.US,D,20220819,000000,32.4952,32.4952,32.4952,32.4952,63,0
NVQ.US,D,20220822,000000,31.8957,31.8957,31.8957,31.8957,15,0
NVQ.US,D,20220823,000000,31.8888,31.8888,31.8888,31.8888,53,0
NVQ.US,D,20220824,000000,32.0078,32.0078,32.0078,32.0078,40,0
NVQ.US,D,20220825,000000,32.3891,32.3891,32.3891,32.3891,124,0
NVQ.US,D,20220826,000000,31.62,31.62,31.62,31.62,180,0
NVQ.US,D,20220829,000000,31.5943,31.5943,31.5943,31.5943,16,0
NVQ.US,D,20220830,000000,31.1283,31.1283,31.1283,31.1283,26,0
NVQ.US,D,20220831,000000,30.9277,30.9277,30.9277,30.9277,8,0
NVQ.US,D,20220901,000000,30.7472,30.7472,30.7472,30.7472,18,0
NVQ.US,D,20220902,000000,30.6949,30.6949,30.6949,30.6949,27,0
NVQ.US,D,20220906,000000,30.4516,30.4516,30.4516,30.4516,64,0
NVQ.US,D,20220907,000000,30.8933,30.8933,30.8933,30.8933,57,0
NVQ.US,D,20220908,000000,31.2498,31.2498,31.2498,31.2498,7,0
NVQ.US,D,20220909,000000,31.6894,31.6894,31.6894,31.6894,45,0
NVQ.US,D,20220912,000000,32.0737,32.0737,32.0737,32.0737,36,0
NVQ.US,D,20220913,000000,32.59,32.59,31.0651,31.0651,65,0
NVQ.US,D,20220914,000000,30.9646,31.09,30.9646,30.9646,232,0
NVQ.US,D,20220915,000000,31.15,31.15,31.1203,31.1203,301,0
NVQ.US,D,20220916,000000,30.77,30.77,30.6105,30.6105,266,0
NVQ.US,D,20220919,000000,30.64,31.09,30.64,31.09,502,0
NVQ.US,D,20220920,000000,30.8036,30.8036,30.8036,30.8036,10,0
NVQ.US,D,20220921,000000,30.3741,30.3741,30.3741,30.3741,34,0
NVQ.US,D,20220922,000000,29.79,29.79,29.79,29.79,199,0
NVQ.US,D,20220923,000000,29.0477,29.0477,29.0477,29.0477,22,0
NVQ.US,D,20220926,000000,28.72,28.72,28.55,28.6143,1416,0
NVQ.US,D,20220927,000000,28.4893,28.4893,28.4893,28.4893,114,0
NVQ.US,D,20220928,000000,29.1491,29.1491,29.1491,29.1491,18,0
NVQ.US,D,20220929,000000,28.6552,28.6552,28.6552,28.6552,13,0
NVQ.US,D,20220930,000000,28.5028,28.5028,28.5028,28.5028,9,0
NVQ.US,D,20221003,000000,29.3354,29.3354,29.3354,29.3354,21,0
NVQ.US,D,20221004,000000,30.4557,30.4557,30.4557,30.4557,26,0
NVQ.US,D,20221005,000000,30.3453,30.3453,30.3453,30.3453,41,0
NVQ.US,D,20221006,000000,30.0771,30.0771,30.0771,30.0771,12,0
NVQ.US,D,20221007,000000,29.249,29.249,29.249,29.249,12,0
NVQ.US,D,20221010,000000,29.1,29.1,29.0924,29.0924,208,0
NVQ.US,D,20221011,000000,28.95,29.1034,28.95,29.1034,409,0
NVQ.US,D,20221012,000000,28.9855,28.9855,28.9855,28.9855,11,0
NVQ.US,D,20221013,000000,29.88,29.8819,29.86,29.8696,410,0
NVQ.US,D,20221014,000000,29.4385,29.4385,29.4385,29.4385,12,0
NVQ.US,D,20221017,000000,29.9612,29.9612,29.9612,29.9612,46,0
NVQ.US,D,20221018,000000,30.2583,30.2583,30.2583,30.2583,38,0
NVQ.US,D,20221019,000000,29.9116,29.9116,29.9116,29.9116,11,0
NVQ.US,D,20221020,000000,29.5374,29.5374,29.5374,29.5374,61,0
NVQ.US,D,20221021,000000,30.151,30.151,30.151,30.151,7,0
NVQ.US,D,20221024,000000,30.5798,30.5798,30.5798,30.5798,22,0
NVQ.US,D,20221025,000000,31.0593,31.0593,31.0593,31.0593,11,0
NVQ.US,D,20221026,000000,31.2041,31.31,31.2041,31.2041,516,0
NVQ.US,D,20221027,000000,31.59,31.59,31.3147,31.3147,111,0
NVQ.US,D,20221028,000000,31.96,31.96,31.96,31.96,99,0
NVQ.US,D,20221031,000000,31.94,31.96,31.8812,31.8812,317,0
NVQ.US,D,20221101,000000,31.99,32,31.99,31.9908,459,0
NVQ.US,D,20221102,000000,31.73,31.73,31.5953,31.5953,825,0
NVQ.US,D,20221103,000000,31.3401,31.3401,31.3401,31.3401,33,0
NVQ.US,D,20221104,000000,31.6141,31.6141,31.6141,31.6141,48,0
NVQ.US,D,20221107,000000,31.9559,31.9559,31.9559,31.9559,63,0
NVQ.US,D,20221108,000000,32.03,32.1039,32.03,32.1039,242,0
NVQ.US,D,20221109,000000,31.47,31.47,31.47,31.47,7199,0
NVQ.US,D,20221110,000000,32.17,32.5032,32.17,32.5032,515,0
NVQ.US,D,20221111,000000,32.6053,32.6053,32.6053,32.6053,8,0
NVQ.US,D,20221114,000000,32.4521,32.4521,32.4521,32.4521,91,0
NVQ.US,D,20221115,000000,32.5652,32.5652,32.5652,32.5652,37,0
NVQ.US,D,20221116,000000,32.2882,32.2882,32.2882,32.2882,102,0
NVQ.US,D,20221117,000000,32.2761,32.2761,32.2761,32.2761,43,0
NVQ.US,D,20221118,000000,32.524,32.524,32.524,32.524,12,0
NVQ.US,D,20221121,000000,32.5074,32.5074,32.5074,32.5074,81,0
NVQ.US,D,20221122,000000,33.1851,33.1851,33.1851,33.1851,36,0
NVQ.US,D,20221123,000000,33.17,33.1701,33.1001,33.1604,2285,0
NVQ.US,D,20221125,000000,33.3105,33.3105,33.3105,33.3105,5,0
NVQ.US,D,20221128,000000,32.7051,32.7051,32.7051,32.7051,47,0
NVQ.US,D,20221129,000000,33.045,33.045,32.9806,32.9806,188,0
NVQ.US,D,20221130,000000,33.3386,33.3386,33.3386,33.3386,8,0
NVQ.US,D,20221201,000000,33.2111,33.2111,33.2111,33.2111,16,0
NVQ.US,D,20221202,000000,33.1676,33.1676,33.1676,33.1676,5,0
NVQ.US,D,20221205,000000,32.45,32.45,32.4124,32.4124,11717,0
NVQ.US,D,20221206,000000,32.11,32.1171,32.11,32.1171,1805,0
NVQ.US,D,20221207,000000,32.24,32.2756,32.23,32.2756,1710,0
NVQ.US,D,20221208,000000,32.33,32.33,32.18,32.2842,4099,0
NVQ.US,D,20221209,000000,32.0544,32.0544,32.0544,32.0544,13,0
NVQ.US,D,20221212,000000,32.5321,32.5321,32.5321,32.5321,20,0
NVQ.US,D,20221213,000000,32.5253,32.5253,32.5253,32.5253,34,0
NVQ.US,D,20221214,000000,32.3902,32.3902,32.3902,32.3902,115,0
NVQ.US,D,20221215,000000,31.783,31.783,31.783,31.783,23,0
NVQ.US,D,20221216,000000,31.5249,31.5249,31.5249,31.5249,43,0
NVQ.US,D,20221219,000000,31.3026,31.3026,31.3026,31.3026,161,0
NVQ.US,D,20221220,000000,31.3935,31.3935,31.3935,31.3935,98,0
NVQ.US,D,20221221,000000,31.7839,31.7839,31.7839,31.7839,87,0
NVQ.US,D,20221222,000000,31.4465,31.4465,31.4465,31.4465,96,0
NVQ.US,D,20221223,000000,31.7146,31.7146,31.7146,31.7146,43,0
NVQ.US,D,20221227,000000,31.5813,31.5813,31.5813,31.5813,211,0
NVQ.US,D,20221228,000000,31.0996,31.0996,31.0996,31.0996,26,0
NVQ.US,D,20221229,000000,31.5901,31.5901,31.5901,31.5901,62,0
NVQ.US,D,20221230,000000,31.34,31.481,31.34,31.481,164,0
NVQ.US,D,20230103,000000,31.38,31.41,31.38,31.401,3005,0
NVQ.US,D,20230104,000000,31.64,31.7328,31.64,31.7328,1298,0
NVQ.US,D,20230105,000000,31.4202,31.4202,31.4202,31.4202,60,0
NVQ.US,D,20230106,000000,32.0602,32.0602,32.0602,32.0602,9,0
NVQ.US,D,20230109,000000,32.22,32.22,31.9243,31.9243,299,0
NVQ.US,D,20230110,000000,32.124,32.124,32.124,32.124,18,0
NVQ.US,D,20230111,000000,32.4892,32.4892,32.4892,32.4892,49,0
NVQ.US,D,20230112,000000,32.5641,32.5641,32.5641,32.5641,138,0
NVQ.US,D,20230113,000000,32.715,32.715,32.715,32.715,35,0
NVQ.US,D,20230117,000000,32.5025,32.5025,32.5025,32.5025,109,0
NVQ.US,D,20230118,000000,32.67,32.67,32.0288,32.0288,454,0
NVQ.US,D,20230119,000000,31.8325,31.8325,31.8325,31.8325,52,0
NVQ.US,D,20230120,000000,31.81,32.26,31.81,32.26,1623,0
NVQ.US,D,20230123,000000,32.25,32.59,32.25,32.59,796,0
NVQ.US,D,20230124,000000,32.4747,32.4747,32.4747,32.4747,21,0
NVQ.US,D,20230125,000000,32.633,32.633,32.633,32.633,20,0
NVQ.US,D,20230126,000000,32.9138,32.9138,32.9138,32.9138,16,0
NVQ.US,D,20230127,000000,32.941,32.941,32.941,32.941,42,0
NVQ.US,D,20230130,000000,32.9,32.9,32.6369,32.6369,1023,0
NVQ.US,D,20230131,000000,33.3786,33.3786,33.3786,33.3786,89,0
NVQ.US,D,20230201,000000,33.17,33.99,33.17,33.99,1571,0
NVQ.US,D,20230202,000000,33.9263,33.9263,33.9263,33.9263,98,0
NVQ.US,D,20230203,000000,33.635,33.635,33.5797,33.5797,336,0
NVQ.US,D,20230206,000000,33.6,33.6,33.2734,33.2734,1128,0
NVQ.US,D,20230207,000000,33.25,33.6004,33.23,33.6004,413,0
NVQ.US,D,20230208,000000,33.565,33.565,33.3523,33.3523,460,0
NVQ.US,D,20230209,000000,33.37,33.37,33.05,33.0649,1565,0
NVQ.US,D,20230210,000000,33.3083,33.3083,33.3083,33.3083,104,0
NVQ.US,D,20230213,000000,33.6748,33.6748,33.6748,33.6748,5,0
NVQ.US,D,20230214,000000,33.67,33.71,33.4002,33.6616,2552,0
NVQ.US,D,20230215,000000,33.32,33.6327,33.31,33.6327,1419,0
NVQ.US,D,20230216,000000,33.5531,33.5531,33.5531,33.5531,24,0
NVQ.US,D,20230217,000000,33.26,33.5039,33.26,33.5039,287,0
NVQ.US,D,20230221,000000,33.17,33.17,32.7244,32.7244,1227,0
NVQ.US,D,20230222,000000,32.92,32.9485,32.75,32.7797,1342,0
NVQ.US,D,20230223,000000,32.9715,32.9715,32.9715,32.9715,23,0
NVQ.US,D,20230224,000000,32.7599,33.01,32.62,32.8227,15861,0
NVQ.US,D,20230227,000000,32.8274,32.8498,32.8274,32.8498,1250,0
NVQ.US,D,20230228,000000,32.7274,32.7274,32.7274,32.7274,235,0
NVQ.US,D,20230301,000000,32.73,32.88,32.73,32.7715,319,0
NVQ.US,D,20230302,000000,32.729,32.729,32.729,32.729,1530,0
NVQ.US,D,20230303,000000,32.9,33.0786,32.845,33.0786,636,0
NVQ.US,D,20230306,000000,33.09,33.09,32.8315,32.8315,1369,0
NVQ.US,D,20230307,000000,32.31,32.31,32.2463,32.2463,225,0
NVQ.US,D,20230308,000000,31.89,32.1052,31.89,32.1052,427,0
NVQ.US,D,20230309,000000,31.77,31.77,31.2569,31.2569,108,0
NVQ.US,D,20230310,000000,30.7,30.77,30.64,30.6468,1176,0
NVQ.US,D,20230313,000000,29.97,29.9702,29.739,29.739,308,0
NVQ.US,D,20230314,000000,30.0498,30.0498,30.0498,30.0498,13,0
NVQ.US,D,20230315,000000,29.3518,29.3518,29.3518,29.3518,17,0
NVQ.US,D,20230316,000000,29.9273,29.9273,29.9273,29.9273,55,0
NVQ.US,D,20230317,000000,29.2,29.22,29.1554,29.1554,343,0
NVQ.US,D,20230320,000000,29.6932,29.6932,29.6932,29.6932,29,0
NVQ.US,D,20230321,000000,30.3183,30.3183,30.3183,30.3183,47,0
NVQ.US,D,20230322,000000,29.5995,29.5995,29.5995,29.5995,67,0
NVQ.US,D,20230323,000000,29.71,29.71,29.1548,29.1548,224,0
NVQ.US,D,20230324,000000,29.3521,29.3521,29.3521,29.3521,13,0
NVQ.US,D,20230327,000000,29.5814,29.5814,29.5814,29.5814,39,0
NVQ.US,D,20230328,000000,29.619,29.619,29.619,29.619,27,0
NVQ.US,D,20230329,000000,29.9398,29.9398,29.9398,29.9398,167,0
NVQ.US,D,20230330,000000,30.0256,30.0256,30.0256,30.0256,72,0
NVQ.US,D,20230331,000000,30.3674,30.3674,30.3674,30.3674,1556,0
NVQ.US,D,20230403,000000,30.5258,30.5258,30.5258,30.5258,121,0
NVQ.US,D,20230404,000000,29.89,29.9362,29.86,29.9362,1617,0
NVQ.US,D,20230405,000000,29.9019,30.1457,29.9019,30.1457,281,0
NVQ.US,D,20230406,000000,29.8664,29.8664,29.8664,29.8664,215,0
NVQ.US,D,20230410,000000,30.1425,30.1425,30.1425,30.1425,34,0
NVQ.US,D,20230411,000000,30.5066,30.5066,30.5066,30.5066,48,0
NVQ.US,D,20230412,000000,30.57,30.57,30.2928,30.2928,418,0
NVQ.US,D,20230413,000000,30.2699,30.4646,30.26,30.4646,412,0
NVQ.US,D,20230414,000000,30.5,30.5,30.25,30.3447,920,0
NVQ.US,D,20230417,000000,30.4823,30.4823,30.4823,30.4823,13,0
NVQ.US,D,20230418,000000,30.5099,30.5481,30.5099,30.5481,1209,0
NVQ.US,D,20230419,000000,30.2054,30.2054,30.2054,30.2054,59,0
NVQ.US,D,20230420,000000,30.21,30.21,30.08,30.0911,688,0
NVQ.US,D,20230421,000000,30.04,30.06,29.9,29.9334,1705,0
NVQ.US,D,20230424,000000,30.0873,30.0873,30.0873,30.0873,17,0
NVQ.US,D,20230425,000000,29.6051,29.6051,29.6051,29.6051,14,0
NVQ.US,D,20230426,000000,29.41,29.4101,29.26,29.285,1404,0
NVQ.US,D,20230427,000000,29.6628,29.6628,29.6628,29.6628,250,0
NVQ.US,D,20230428,000000,30.0103,30.0103,30.0103,30.0103,25,0
NVQ.US,D,20230501,000000,30.07,30.09,30.0261,30.0261,851,0
NVQ.US,D,20230502,000000,29.47,29.5684,29.42,29.5684,620,0
NVQ.US,D,20230503,000000,29.3823,29.3823,29.3823,29.3823,134,0
NVQ.US,D,20230504,000000,28.8095,28.8095,28.8095,28.8095,11,0
NVQ.US,D,20230505,000000,29.4277,29.4277,29.4277,29.4277,29,0
NVQ.US,D,20230508,000000,29.3432,29.3432,29.3432,29.3432,31,0
NVQ.US,D,20230509,000000,29.3,29.3021,29.3,29.3021,572,0
NVQ.US,D,20230510,000000,29.28,29.28,29.2698,29.2698,313,0
NVQ.US,D,20230511,000000,29.08,29.1422,29.08,29.1422,1728,0
NVQ.US,D,20230512,000000,29.0233,29.0233,29.0233,29.0233,97,0
NVQ.US,D,20230515,000000,29.1356,29.1356,29.1356,29.1356,18,0
NVQ.US,D,20230516,000000,28.7906,28.7906,28.7906,28.7906,73,0
NVQ.US,D,20230517,000000,29.27,29.4,29.27,29.3801,5756,0
NVQ.US,D,20230518,000000,29.28,29.6169,29.28,29.6169,148,0
NVQ.US,D,20230519,000000,29.6301,29.6301,29.4332,29.4332,605,0
NVQ.US,D,20230522,000000,29.4,29.4448,29.4,29.4448,123,0
NVQ.US,D,20230523,000000,29.34,29.34,29.3187,29.3187,255,0
NVQ.US,D,20230524,000000,29.07,29.1,29.0179,29.0179,10908,0
NVQ.US,D,20230525,000000,28.93,29.08,28.93,29.066,390,0
NVQ.US,D,20230526,000000,29.2196,29.2196,29.2196,29.2196,124,0
NVQ.US,D,20230530,000000,29.09,29.11,29.08,29.0973,447,0
NVQ.US,D,20230531,000000,28.62,28.7337,28.5644,28.7337,505,0
NVQ.US,D,20230601,000000,28.8,29.09,28.8,28.9897,3900,0
NVQ.US,D,20230602,000000,29.26,29.8597,28.93,29.8597,5220,0
NVQ.US,D,20230605,000000,29.59,29.59,29.45,29.5136,577,0
NVQ.US,D,20230606,000000,29.61,30.0453,29.61,30.0453,344,0
NVQ.US,D,20230607,000000,30.261,30.5862,30.25,30.5862,2241,0
NVQ.US,D,20230608,000000,30.42,30.54,30.42,30.54,493,0
NVQ.US,D,20230609,000000,30.49,30.5355,30.42,30.42,3833,0
NVQ.US,D,20230612,000000,30.49,30.6586,30.49,30.6586,320,0
NVQ.US,D,20230613,000000,30.65,31.05,30.65,30.96,629,0
NVQ.US,D,20230614,000000,30.6,30.7403,30.6,30.7403,204,0
NVQ.US,D,20230615,000000,30.91,31.082,30.91,31.082,409,0
NVQ.US,D,20230616,000000,31.12,31.12,31.0458,31.0458,323,0
NVQ.US,D,20230620,000000,30.7753,30.7753,30.7753,30.7753,282,0
NVQ.US,D,20230621,000000,30.7546,30.7546,30.7546,30.7546,179,0
NVQ.US,D,20230622,000000,30.5899,30.5899,30.5899,30.5899,75,0
NVQ.US,D,20230623,000000,30.4319,30.4319,30.4319,30.4319,175,0
NVQ.US,D,20230626,000000,30.6559,30.6559,30.6559,30.6559,119,0
NVQ.US,D,20230627,000000,30.7999,30.7999,30.7999,30.7999,99,0
NVQ.US,D,20230628,000000,30.7927,30.7927,30.7927,30.7927,86,0
NVQ.US,D,20230629,000000,31.157,31.157,31.157,31.157,1591,0
NVQ.US,D,20230630,000000,31.4226,31.4226,31.4226,31.4226,68,0
NVQ.US,D,20230703,000000,31.44,31.48,31.44,31.48,1158,0
NVQ.US,D,20230705,000000,30.98,30.98,30.98,30.98,1256,0
NVQ.US,D,20230706,000000,30.77,30.77,30.77,30.77,668,0
NVQ.US,D,20230707,000000,31.047,31.047,31.047,31.047,134,0
NVQ.US,D,20230710,000000,31.3127,31.3127,31.3127,31.3127,51,0
NVQ.US,D,20230711,000000,31.6,31.7084,31.575,31.7084,1197,0
NVQ.US,D,20230712,000000,32.1,32.1,32.0324,32.0324,394,0
NVQ.US,D,20230713,000000,32.1867,32.1867,32.1867,32.1867,217,0
NVQ.US,D,20230714,000000,31.93,31.99,31.93,31.99,842,0
NVQ.US,D,20230717,000000,32.0757,32.0757,32.0757,32.0757,662,0
NVQ.US,D,20230718,000000,32.3526,32.3526,32.3526,32.3526,182,0
NVQ.US,D,20230719,000000,32.469,32.469,32.469,32.469,2168,0
NVQ.US,D,20230720,000000,32.64,32.64,32.16,32.2945,1068,0
NVQ.US,D,20230721,000000,32.2399,32.2399,32.2399,32.2399,303,0
NVQ.US,D,20230724,000000,32.303,32.303,32.303,32.303,274,0
NVQ.US,D,20230725,000000,32.5591,32.5591,32.5591,32.5591,25,0
NVQ.US,D,20230726,000000,32.7782,32.7782,32.7782,32.7782,32,0
NVQ.US,D,20230727,000000,32.6996,32.6996,32.6996,32.6996,125,0
NVQ.US,D,20230728,000000,32.85,32.99,32.805,32.96,5143,0
NVQ.US,D,20230731,000000,33.0961,33.0961,33.0961,33.0961,19,0
NVQ.US,D,20230801,000000,33.1219,33.1219,33.1219,33.1219,23,0
NVQ.US,D,20230802,000000,32.8371,32.8371,32.8371,32.8371,50,0
NVQ.US,D,20230803,000000,32.64,32.64,32.64,32.64,20,0
NVQ.US,D,20230804,000000,32.76,32.76,32.57,32.57,50065,0
NVQ.US,D,20230807,000000,32.77,32.7946,32.77,32.7946,241,0
NVQ.US,D,20230808,000000,32.6899,32.6899,32.6899,32.6899,111,0
NVQ.US,D,20230809,000000,32.63,32.63,32.5165,32.5165,343,0
NVQ.US,D,20230810,000000,32.5102,32.5103,32.3148,32.3148,1820,0
NVQ.US,D,20230811,000000,32.411,32.411,32.411,32.411,12,0
NVQ.US,D,20230814,000000,32.5385,32.5385,32.5385,32.5385,22,0
NVQ.US,D,20230815,000000,32.1963,32.1963,32.1963,32.1963,26,0
NVQ.US,D,20230816,000000,31.9349,31.9349,31.9349,31.9349,30,0
NVQ.US,D,20230817,000000,31.414,31.414,31.414,31.414,51,0
NVQ.US,D,20230818,000000,31.08,31.4895,31.08,31.4895,220,0
NVQ.US,D,20230821,000000,31.4052,31.4052,31.4052,31.4052,107,0
NVQ.US,D,20230822,000000,31.2492,31.2492,31.2492,31.2492,9,0
NVQ.US,D,20230823,000000,31.464,31.464,31.464,31.464,17,0
NVQ.US,D,20230824,000000,31.62,31.62,31.3296,31.3296,1308,0
NVQ.US,D,20230825,000000,31.3218,31.3218,31.3218,31.3218,8,0
NVQ.US,D,20230828,000000,31.5125,31.5125,31.5125,31.5125,9,0
NVQ.US,D,20230829,000000,31.78,31.8798,31.78,31.8798,118,0
NVQ.US,D,20230830,000000,32.06,32.1001,32.06,32.1001,155,0
NVQ.US,D,20230831,000000,32.0388,32.0388,32.0388,32.0388,30,0
NVQ.US,D,20230901,000000,32.31,32.31,32.1883,32.1883,178,0
NVQ.US,D,20230905,000000,31.393,31.393,31.393,31.393,158,0
NVQ.US,D,20230906,000000,31.3489,31.3489,31.3489,31.3489,20,0
NVQ.US,D,20230907,000000,31.19,31.22,31.149,31.149,648,0
NVQ.US,D,20230908,000000,31.1307,31.1307,31.1307,31.1307,23,0
NVQ.US,D,20230911,000000,31.37,31.37,31.2671,31.2671,116,0
NVQ.US,D,20230912,000000,31.45,31.45,31.346,31.346,260,0
NVQ.US,D,20230913,000000,31.2389,31.2389,31.2389,31.2389,31,0
NVQ.US,D,20230914,000000,31.45,31.682,31.45,31.682,125,0
NVQ.US,D,20230915,000000,31.4155,31.4155,31.4155,31.4155,67,0
NVQ.US,D,20230918,000000,31.54,31.55,31.4169,31.4169,343,0
NVQ.US,D,20230919,000000,31.5008,31.5008,31.5008,31.5008,13,0
NVQ.US,D,20230920,000000,31.67,31.67,31.2891,31.2891,289,0
NVQ.US,D,20230921,000000,31.0526,31.0526,31.0526,31.0526,17,0
NVQ.US,D,20230922,000000,30.995,30.995,30.9455,30.9455,213,0
NVQ.US,D,20230925,000000,31.1312,31.1312,31.1312,31.1312,18,0
NVQ.US,D,20230926,000000,30.6155,30.6155,30.6155,30.6155,66,0
NVQ.US,D,20230927,000000,30.7345,30.7345,30.7345,30.7345,19,0
NVQ.US,D,20230928,000000,30.9437,30.9437,30.9437,30.9437,30,0
NVQ.US,D,20230929,000000,30.8914,30.8914,30.8914,30.8914,15,0
NVQ.US,D,20231002,000000,30.629,30.629,30.629,30.629,22,0
NVQ.US,D,20231003,000000,30.1978,30.1978,30.1978,30.1978,20,0
NVQ.US,D,20231004,000000,30.36,30.36,30.36,30.36,23,0
NVQ.US,D,20231005,000000,30.26,30.26,30.201,30.201,521,0
NVQ.US,D,20231006,000000,30.335,30.335,30.335,30.335,31,0
NVQ.US,D,20231009,000000,30.7656,30.7656,30.7656,30.7656,10,0
NVQ.US,D,20231010,000000,31.1201,31.1201,31.0575,31.0575,264,0
NVQ.US,D,20231011,000000,31.0762,31.0762,31.0762,31.0762,38,0
NVQ.US,D,20231012,000000,30.6805,30.6805,30.6805,30.6805,12,0
NVQ.US,D,20231013,000000,30.5582,30.5582,30.5582,30.5582,49,0
NVQ.US,D,20231016,000000,30.907,30.907,30.907,30.907,15,0
NVQ.US,D,20231017,000000,31.1518,31.1518,31.1518,31.1518,27,0
NVQ.US,D,20231018,000000,30.91,30.91,30.8027,30.8027,433,0
NVQ.US,D,20231019,000000,30.4837,30.4837,30.4837,30.4837,10,0
NVQ.US,D,20231020,000000,30.35,30.35,30.1874,30.1874,439,0
NVQ.US,D,20231023,000000,29.943,29.943,29.943,29.943,10,0
NVQ.US,D,20231024,000000,30.0193,30.0193,30.0193,30.0193,30,0
NVQ.US,D,20231025,000000,29.6523,29.6523,29.6523,29.6523,15,0
NVQ.US,D,20231026,000000,29.6551,29.6551,29.6551,29.6551,54,0
NVQ.US,D,20231027,000000,29.4249,29.4249,29.4249,29.4249,10,0
NVQ.US,D,20231030,000000,29.656,29.656,29.656,29.656,89,0
NVQ.US,D,20231031,000000,29.8582,29.8582,29.8582,29.8582,22,0
NVQ.US,D,20231101,000000,30.05,30.05,30.01,30.0288,459,0
NVQ.US,D,20231102,000000,30.4669,30.4669,30.4669,30.4669,20,0
NVQ.US,D,20231103,000000,30.882,30.882,30.882,30.882,14,0
NVQ.US,D,20231106,000000,30.93,30.9399,30.9021,30.9021,415,0
NVQ.US,D,20231107,000000,30.7383,30.7383,30.7383,30.7383,22,0
NVQ.US,D,20231108,000000,30.469,30.469,30.469,30.469,14,0
NVQ.US,D,20231109,000000,30.164,30.164,30.164,30.164,30,0
NVQ.US,D,20231110,000000,30.2,30.4961,30.2,30.4961,223,0
NVQ.US,D,20231113,000000,30.5654,30.5654,30.5654,30.5654,55,0
NVQ.US,D,20231114,000000,31.2895,31.2895,31.2895,31.2895,53,0
NVQ.US,D,20231115,000000,31.3175,31.3175,31.3175,31.3175,20,0
NVQ.US,D,20231116,000000,30.8022,30.8022,30.8022,30.8022,21,0
NVQ.US,D,20231117,000000,30.9801,30.9801,30.9801,30.9801,10,0
NVQ.US,D,20231120,000000,31.1068,31.1068,31.1068,31.1068,13,0
NVQ.US,D,20231121,000000,31.0324,31.0324,31.0324,31.0324,13,0
NVQ.US,D,20231122,000000,31.1926,31.1926,31.1926,31.1926,51,0
NVQ.US,D,20231124,000000,31.2163,31.2163,31.2163,31.2163,21,0
NVQ.US,D,20231127,000000,31.1659,31.1659,31.1659,31.1659,37,0
NVQ.US,D,20231128,000000,31.0602,31.0602,31.0602,31.0602,33,0
NVQ.US,D,20231129,000000,30.9951,30.9951,30.9951,30.9951,19,0
NVQ.US,D,20231130,000000,31.18,31.2416,31.18,31.2416,340,0
NVQ.US,D,20231201,000000,31.27,31.5774,31.27,31.5774,943,0
NVQ.US,D,20231204,000000,31.6585,31.6585,31.6585,31.6585,14,0
NVQ.US,D,20231205,000000,31.5082,31.5082,31.5082,31.5082,26,0
NVQ.US,D,20231206,000000,31.5028,31.5028,31.5028,31.5028,19,0
NVQ.US,D,20231207,000000,31.8657,31.8657,31.8657,31.8657,105,0
NVQ.US,D,20231208,000000,31.8758,31.8758,31.8758,31.8758,12,0
NVQ.US,D,20231211,000000,31.9856,31.9856,31.9856,31.9856,36,0
NVQ.US,D,20231212,000000,32.05,32.0535,32.0499,32.0535,264,0
NVQ.US,D,20231213,000000,32.01,32.55,32.01,32.5132,1229,0
NVQ.US,D,20231214,000000,32.69,32.69,32.6838,32.6838,238,0
NVQ.US,D,20231215,000000,32.68,32.68,32.5847,32.5847,199,0
NVQ.US,D,20231218,000000,32.8117,32.8117,32.8117,32.8117,28,0
NVQ.US,D,20231219,000000,33.0908,33.0908,33.0908,33.0908,123,0
NVQ.US,D,20231220,000000,32.8296,32.8296,32.8296,32.8296,39,0
NVQ.US,D,20231221,000000,33.1199,33.1199,33.1199,33.1199,35,0
NVQ.US,D,20231222,000000,33.2742,33.2742,33.2742,33.2742,59,0
NVQ.US,D,20231226,000000,33.2397,33.2397,33.2397,33.2397,88,0
NVQ.US,D,20231227,000000,33.2476,33.2476,33.2476,33.2476,41,0
NVQ.US,D,20231228,000000,33.1758,33.1758,33.1758,33.1758,384,0
NVQ.US,D,20231229,000000,33.072,33.072,33.072,33.072,27,0
NVQ.US,D,20240102,000000,33.0155,33.1617,33.0155,33.1617,359,0
NVQ.US,D,20240103,000000,32.9603,32.9603,32.9603,32.9603,36,0
NVQ.US,D,20240104,000000,32.7013,32.7013,32.7013,32.7013,38,0
NVQ.US,D,20240105,000000,32.7154,32.7154,32.7154,32.7154,35,0
NVQ.US,D,20240108,000000,32.794,32.8973,32.794,32.8973,231,0
NVQ.US,D,20240109,000000,32.55,32.6606,32.55,32.6606,190,0
NVQ.US,D,20240110,000000,32.58,32.62,32.57,32.62,836,0
NVQ.US,D,20240111,000000,32.6833,32.6833,32.6833,32.6833,32,0
NVQ.US,D,20240112,000000,32.5984,32.5984,32.5984,32.5984,42,0
NVQ.US,D,20240116,000000,32.29,32.29,31.96,31.97,2444,0
NVQ.US,D,20240117,000000,32.02,32.0554,32.02,32.0554,1365,0
NVQ.US,D,20240118,000000,32.0827,32.0827,32.0827,32.0827,17,0
NVQ.US,D,20240119,000000,32.3242,32.3242,32.3242,32.3242,49,0
NVQ.US,D,20240122,000000,32.48,32.65,32.48,32.6319,2405,0
NVQ.US,D,20240123,000000,32.76,32.76,32.1,32.1,3470,0
NVQ.US,D,20240124,000000,32.3,32.3547,32.3,32.3547,254,0
NVQ.US,D,20240125,000000,32.678,32.678,32.678,32.678,19,0
NVQ.US,D,20240126,000000,32.89,32.94,32.63,32.8706,1160,0
NVQ.US,D,20240129,000000,32.99,33.05,32.99,33.0173,262,0
NVQ.US,D,20240130,000000,33.12,33.4,33.12,33.3973,1004,0
NVQ.US,D,20240131,000000,33.2,33.2229,32.9,32.9397,1430,0
NVQ.US,D,20240201,000000,32.82,33.1421,32.82,33.1421,290,0
NVQ.US,D,20240202,000000,32.74,33.0529,32.74,33.0529,203,0
NVQ.US,D,20240205,000000,32.61,32.886,32.51,32.886,841,0
NVQ.US,D,20240206,000000,32.86,32.88,32.86,32.8785,349,0
NVQ.US,D,20240207,000000,33.22,33.23,33.1799,33.1799,766,0
NVQ.US,D,20240208,000000,33.33,33.5365,33.32,33.5365,1247,0
NVQ.US,D,20240209,000000,33.56,33.6,33.56,33.5954,409,0
NVQ.US,D,20240212,000000,33.75,33.82,33.65,33.6695,893,0
NVQ.US,D,20240213,000000,33.6,33.6,33.5915,33.5915,434,0
NVQ.US,D,20240214,000000,33.61,33.95,33.59,33.597,2152,0
