<TICKER>,<PER>,<DATE>,<TIME>,<OPEN>,<HIGH>,<LOW>,<CLOSE>,<VOL>,<OPENINT>
OCTD.US,D,20231003,000000,23.75,23.75,23.67,23.675,2805,0
OCTD.US,D,20231004,000000,23.69,23.77,23.69,23.7501,869,0
OCTD.US,D,20231005,000000,23.72,23.75,23.7084,23.7451,49039,0
OCTD.US,D,20231006,000000,23.8848,23.8856,23.8707,23.8707,2109,0
OCTD.US,D,20231009,000000,23.835,23.8848,23.835,23.8848,251,0
OCTD.US,D,20231010,000000,24.01,24.01,23.9528,23.9528,1383,0
OCTD.US,D,20231011,000000,24,24,23.9887,23.9887,523,0
OCTD.US,D,20231012,000000,24.02,24.02,23.955,23.9652,2571,0
OCTD.US,D,20231013,000000,23.9,23.93,23.8835,23.885,9462,0
OCTD.US,D,20231016,000000,23.9698,24.03,23.9698,23.998,11994,0
OCTD.US,D,20231017,000000,23.99,23.99,23.97,23.9778,1110,0
OCTD.US,D,20231018,000000,23.954,23.954,23.86,23.87,24046,0
OCTD.US,D,20231019,000000,23.92,23.92,23.8,23.8029,3174,0
OCTD.US,D,20231020,000000,23.755,23.755,23.7075,23.7075,2883,0
OCTD.US,D,20231023,000000,23.76,23.76,23.7172,23.7172,2514,0
OCTD.US,D,20231024,000000,23.806,23.81,23.75,23.8061,6708,0
OCTD.US,D,20231025,000000,23.77,23.77,23.6699,23.6699,7703,0
OCTD.US,D,20231026,000000,23.626,23.64,23.5899,23.5899,2986,0
OCTD.US,D,20231027,000000,23.5999,23.5999,23.54,23.55,789,0
OCTD.US,D,20231030,000000,23.706,23.71,23.696,23.696,1988,0
OCTD.US,D,20231031,000000,23.79,23.83,23.7399,23.8061,5261,0
OCTD.US,D,20231101,000000,23.85,23.9353,23.85,23.9353,2300,0
OCTD.US,D,20231102,000000,24.025,24.1,24.025,24.0902,12579,0
OCTD.US,D,20231103,000000,24.18,24.23,24.16,24.22,14498,0
OCTD.US,D,20231106,000000,24.2175,24.24,24.1805,24.24,11268,0
OCTD.US,D,20231107,000000,24.23,24.28,24.23,24.27,4819,0
OCTD.US,D,20231108,000000,24.2784,24.3,24.255,24.29,6270,0
OCTD.US,D,20231109,000000,24.265,24.3,24.178,24.1988,7264,0
OCTD.US,D,20231110,000000,24.34,24.34,24.34,24.34,119,0
OCTD.US,D,20231113,000000,24.335,24.335,24.335,24.335,41,0
OCTD.US,D,20231114,000000,24.48,24.5,24.4335,24.4335,2805,0
OCTD.US,D,20231115,000000,24.47,24.5,24.41,24.4498,2592,0
OCTD.US,D,20231116,000000,24.47,24.47,24.465,24.465,285,0
OCTD.US,D,20231117,000000,24.47,24.51,24.4625,24.4698,1083,0
OCTD.US,D,20231120,000000,24.5252,24.5252,24.5252,24.5252,1,0
OCTD.US,D,20231121,000000,24.56,24.56,24.525,24.5305,2068,0
OCTD.US,D,20231122,000000,24.55,24.59,24.54,24.5456,2147,0
OCTD.US,D,20231124,000000,24.555,24.5652,24.555,24.5652,593,0
OCTD.US,D,20231127,000000,24.565,24.565,24.565,24.565,20,0
OCTD.US,D,20231128,000000,24.575,24.6199,24.575,24.5848,1860,0
OCTD.US,D,20231129,000000,24.63,24.65,24.5816,24.5816,4951,0
OCTD.US,D,20231130,000000,24.61,24.64,24.58,24.6054,1906,0
OCTD.US,D,20231201,000000,24.69,24.7,24.6543,24.6543,3921,0
OCTD.US,D,20231204,000000,24.62,24.62,24.62,24.62,2,0
OCTD.US,D,20231205,000000,24.6185,24.6699,24.6185,24.6219,2530,0
OCTD.US,D,20231206,000000,24.5952,24.5952,24.5952,24.5952,112,0
OCTD.US,D,20231207,000000,24.6434,24.7,24.635,24.695,4763,0
OCTD.US,D,20231208,000000,24.72,24.73,24.675,24.675,4732,0
OCTD.US,D,20231211,000000,24.74,24.74,24.6998,24.6998,863,0
OCTD.US,D,20231212,000000,24.725,24.78,24.725,24.73,910,0
OCTD.US,D,20231213,000000,24.82,24.82,24.8018,24.8018,3361,0
OCTD.US,D,20231214,000000,24.86,24.86,24.8175,24.8175,1105,0
OCTD.US,D,20231215,000000,24.8198,24.8243,24.81,24.8243,317,0
OCTD.US,D,20231218,000000,24.8475,24.85,24.8299,24.8299,1054,0
OCTD.US,D,20231219,000000,24.88,24.88,24.8399,24.8399,1532,0
OCTD.US,D,20231220,000000,24.88,24.88,24.7845,24.7845,2637,0
OCTD.US,D,20231221,000000,24.83,24.87,24.83,24.87,593,0
OCTD.US,D,20231222,000000,24.84,24.88,24.79,24.8397,2679,0
OCTD.US,D,20231226,000000,24.8588,24.8588,24.8588,24.8588,12,0
OCTD.US,D,20231227,000000,24.9399,24.9399,24.8952,24.8952,202,0
OCTD.US,D,20231228,000000,24.3999,24.3999,24.346,24.346,206,0
OCTD.US,D,20231229,000000,24.38,24.38,24.31,24.3554,6055,0
OCTD.US,D,20240102,000000,24.3329,24.3329,24.3329,24.3329,116,0
OCTD.US,D,20240103,000000,24.31,24.35,24.3049,24.3049,889,0
OCTD.US,D,20240104,000000,24.2948,24.2948,24.2948,24.2948,84,0
OCTD.US,D,20240105,000000,24.34,24.34,24.3299,24.3299,323,0
OCTD.US,D,20240108,000000,24.39,24.395,24.39,24.395,204,0
OCTD.US,D,20240109,000000,24.4001,24.4001,24.4001,24.4001,1,0
OCTD.US,D,20240110,000000,24.4211,24.4211,24.4211,24.4211,85,0
OCTD.US,D,20240111,000000,24.44,24.44,24.44,24.44,1,0
OCTD.US,D,20240112,000000,24.4499,24.4499,24.4499,24.4499,1,0
OCTD.US,D,20240116,000000,24.4526,24.4526,24.43,24.4346,447,0
OCTD.US,D,20240117,000000,24.4138,24.4138,24.4138,24.4138,20,0
OCTD.US,D,20240118,000000,24.47,24.47,24.4511,24.4511,229,0
OCTD.US,D,20240119,000000,24.47,24.4979,24.47,24.4979,1126,0
OCTD.US,D,20240122,000000,24.515,24.515,24.515,24.515,109,0
OCTD.US,D,20240123,000000,24.525,24.5359,24.525,24.5359,289,0
OCTD.US,D,20240124,000000,24.525,24.525,24.525,24.525,232,0
OCTD.US,D,20240125,000000,24.57,24.57,24.545,24.545,139,0
OCTD.US,D,20240126,000000,24.555,24.555,24.555,24.555,143,0
OCTD.US,D,20240129,000000,24.5657,24.5657,24.5657,24.5657,107,0
OCTD.US,D,20240130,000000,24.5601,24.5601,24.5601,24.5601,112,0
OCTD.US,D,20240131,000000,24.545,24.545,24.5048,24.5048,4758,0
OCTD.US,D,20240201,000000,24.5555,24.5555,24.5555,24.5555,323,0
OCTD.US,D,20240202,000000,24.54,24.583,24.53,24.583,2080,0
OCTD.US,D,20240205,000000,24.52,24.5848,24.52,24.5848,195,0
OCTD.US,D,20240206,000000,24.5931,24.6093,24.585,24.585,1563,0
OCTD.US,D,20240207,000000,24.59,24.63,24.59,24.62,3245,0
OCTD.US,D,20240208,000000,24.65,24.65,24.65,24.65,212,0
OCTD.US,D,20240209,000000,24.6,24.625,24.6,24.625,5199,0
OCTD.US,D,20240212,000000,24.65,24.65,24.65,24.65,171,0
OCTD.US,D,20240213,000000,24.5725,24.59,24.55,24.55,1440,0
OCTD.US,D,20240214,000000,24.62,24.63,24.58,24.58,671,0
OCTD.US,D,20240215,000000,24.615,24.65,24.615,24.6219,1018,0
OCTD.US,D,20240216,000000,24.6348,24.6348,24.6348,24.6348,26,0
OCTD.US,D,20240220,000000,24.65,24.66,24.6264,24.6289,888,0
OCTD.US,D,20240221,000000,24.635,24.635,24.635,24.635,44,0
OCTD.US,D,20240222,000000,24.6749,24.6749,24.6749,24.6749,67,0
OCTD.US,D,20240223,000000,24.685,24.685,24.685,24.685,142,0
OCTD.US,D,20240226,000000,24.689,24.689,24.689,24.689,44,0
OCTD.US,D,20240227,000000,24.6963,24.6963,24.6963,24.6963,48,0
OCTD.US,D,20240228,000000,24.695,24.695,24.695,24.695,5,0
OCTD.US,D,20240229,000000,24.7145,24.7145,24.7145,24.7145,17,0
OCTD.US,D,20240301,000000,24.67,24.7397,24.67,24.7397,1104,0
OCTD.US,D,20240304,000000,24.71,24.72,24.71,24.72,1223,0
OCTD.US,D,20240305,000000,24.69,24.71,24.69,24.7048,1498,0
OCTD.US,D,20240306,000000,24.68,24.7544,24.68,24.715,3417,0
OCTD.US,D,20240307,000000,24.7262,24.7262,24.7262,24.7262,87,0
OCTD.US,D,20240308,000000,24.72,24.72,24.72,24.72,67,0
OCTD.US,D,20240311,000000,24.725,24.725,24.725,24.725,36,0
OCTD.US,D,20240312,000000,24.75,24.75,24.75,24.75,161,0
OCTD.US,D,20240313,000000,24.73,24.7451,24.72,24.7451,1137,0
OCTD.US,D,20240314,000000,24.73,24.7471,24.73,24.737,1227,0
OCTD.US,D,20240315,000000,24.7381,24.7381,24.7381,24.7381,43,0
OCTD.US,D,20240318,000000,24.78,24.78,24.73,24.755,2039,0
OCTD.US,D,20240319,000000,24.775,24.775,24.775,24.775,1,0
OCTD.US,D,20240320,000000,24.8,24.8,24.74,24.7951,776,0
OCTD.US,D,20240321,000000,24.83,24.83,24.8212,24.8212,1035,0
OCTD.US,D,20240322,000000,24.8057,24.8057,24.8057,24.8057,1,0
OCTD.US,D,20240325,000000,24.81,24.81,24.81,24.81,9,0
OCTD.US,D,20240326,000000,24.79,24.8149,24.79,24.8149,920,0
OCTD.US,D,20240327,000000,24.28,24.28,24.28,24.28,98,0
OCTD.US,D,20240328,000000,24.27,24.2849,24.27,24.2849,1343,0
OCTD.US,D,20240401,000000,24.275,24.275,24.275,24.275,49,0
OCTD.US,D,20240402,000000,24.3,24.3,24.265,24.265,162,0
OCTD.US,D,20240403,000000,24.2685,24.2685,24.2685,24.2685,3,0
OCTD.US,D,20240404,000000,24.2501,24.2501,24.2501,24.2501,1,0
OCTD.US,D,20240405,000000,24.2647,24.2647,24.2647,24.2647,109,0
OCTD.US,D,20240408,000000,24.275,24.275,24.275,24.275,59,0
OCTD.US,D,20240409,000000,24.285,24.285,24.285,24.285,1,0
OCTD.US,D,20240410,000000,24.2699,24.2699,24.2699,24.2699,1,0
OCTD.US,D,20240411,000000,24.27,24.2898,24.27,24.2898,301,0
OCTD.US,D,20240412,000000,24.2601,24.2601,24.2601,24.2601,32,0
OCTD.US,D,20240415,000000,24.28,24.28,24.235,24.235,430,0
OCTD.US,D,20240416,000000,24.2499,24.2499,24.2499,24.2499,98,0
OCTD.US,D,20240417,000000,24.28,24.28,24.2501,24.2501,1074,0
OCTD.US,D,20240418,000000,24.2509,24.2509,24.2509,24.2509,112,0
OCTD.US,D,20240419,000000,24.245,24.245,24.245,24.245,20,0
OCTD.US,D,20240422,000000,24.3001,24.3001,24.3001,24.3001,112,0
OCTD.US,D,20240423,000000,24.35,24.35,24.3279,24.3301,1346,0
OCTD.US,D,20240424,000000,24.35,24.35,24.3246,24.335,662,0
OCTD.US,D,20240425,000000,24.3297,24.3297,24.3297,24.3297,32,0
OCTD.US,D,20240426,000000,24.33,24.355,24.33,24.355,250,0
OCTD.US,D,20240429,000000,24.34,24.375,24.34,24.375,1755,0
OCTD.US,D,20240430,000000,24.355,24.355,24.355,24.355,24,0
OCTD.US,D,20240501,000000,24.3593,24.3593,24.3593,24.3593,173,0
OCTD.US,D,20240502,000000,24.3751,24.3751,24.3751,24.3751,85,0
OCTD.US,D,20240503,000000,24.43,24.43,24.405,24.405,200,0
OCTD.US,D,20240506,000000,24.4213,24.4213,24.4213,24.4213,8,0
OCTD.US,D,20240507,000000,24.45,24.45,24.425,24.425,618,0
OCTD.US,D,20240508,000000,24.45,24.45,24.4299,24.4299,185,0
OCTD.US,D,20240509,000000,24.435,24.435,24.435,24.435,150,0
OCTD.US,D,20240510,000000,24.445,24.445,24.445,24.445,285,0
OCTD.US,D,20240513,000000,24.45,24.45,24.45,24.45,13,0
OCTD.US,D,20240514,000000,24.455,24.455,24.455,24.455,4,0
OCTD.US,D,20240515,000000,24.4747,24.5,24.47,24.47,690,0
OCTD.US,D,20240516,000000,24.4741,24.4741,24.4741,24.4741,35,0
OCTD.US,D,20240517,000000,24.4801,24.4801,24.4801,24.4801,8,0
OCTD.US,D,20240520,000000,24.4401,24.485,24.4401,24.485,507,0
OCTD.US,D,20240521,000000,24.495,24.495,24.495,24.495,38,0
OCTD.US,D,20240522,000000,24.53,24.53,24.49,24.49,520,0
OCTD.US,D,20240523,000000,24.52,24.52,24.46,24.4899,1283,0
OCTD.US,D,20240524,000000,24.505,24.505,24.505,24.505,1,0
OCTD.US,D,20240528,000000,24.505,24.505,24.505,24.505,58,0
OCTD.US,D,20240529,000000,24.53,24.53,24.5,24.5,388,0
OCTD.US,D,20240530,000000,24.505,24.505,24.505,24.505,84,0
OCTD.US,D,20240531,000000,24.525,24.525,24.525,24.525,1,0
OCTD.US,D,20240603,000000,24.5296,24.5296,24.5296,24.5296,5,0
OCTD.US,D,20240604,000000,24.53,24.535,24.53,24.535,493,0
OCTD.US,D,20240605,000000,24.545,24.545,24.545,24.545,117,0
OCTD.US,D,20240606,000000,24.58,24.58,24.55,24.55,796,0
OCTD.US,D,20240607,000000,24.56,24.56,24.56,24.56,171,0
OCTD.US,D,20240610,000000,24.565,24.565,24.565,24.565,5,0
OCTD.US,D,20240611,000000,24.57,24.57,24.57,24.57,82,0
OCTD.US,D,20240612,000000,24.61,24.61,24.5301,24.595,463,0
OCTD.US,D,20240613,000000,24.61,24.61,24.5799,24.5799,542,0
OCTD.US,D,20240614,000000,24.5898,24.5898,24.5898,24.5898,51,0
OCTD.US,D,20240617,000000,24.63,24.63,24.59,24.59,117,0
OCTD.US,D,20240618,000000,24.5988,24.5988,24.5988,24.5988,32,0
OCTD.US,D,20240620,000000,24.5999,24.5999,24.5999,24.5999,1,0
OCTD.US,D,20240621,000000,24.61,24.61,24.61,24.61,51,0
