<TICKER>,<PER>,<DATE>,<TIME>,<OPEN>,<HIGH>,<LOW>,<CLOSE>,<VOL>,<OPENINT>
OCTQ.US,D,20231003,000000,23.82,23.82,23.6973,23.7239,156063,0
OCTQ.US,D,20231004,000000,23.76,23.78,23.755,23.765,32916,0
OCTQ.US,D,20231005,000000,23.775,23.79,23.74,23.775,10191,0
OCTQ.US,D,20231006,000000,23.8201,23.8201,23.8201,23.8201,1,0
OCTQ.US,D,20231009,000000,23.81,23.84,23.795,23.8161,5864,0
OCTQ.US,D,20231010,000000,23.865,23.89,23.8513,23.8513,4518,0
OCTQ.US,D,20231011,000000,23.86,23.8604,23.86,23.8604,195,0
OCTQ.US,D,20231012,000000,23.89,23.89,23.8437,23.87,8512,0
OCTQ.US,D,20231013,000000,23.84,23.84,23.82,23.83,1462,0
OCTQ.US,D,20231016,000000,23.86,23.87,23.8539,23.8539,8270,0
OCTQ.US,D,20231017,000000,23.855,23.88,23.84,23.84,13254,0
OCTQ.US,D,20231018,000000,23.82,23.82,23.7924,23.7924,3427,0
OCTQ.US,D,20231019,000000,23.83,23.83,23.7749,23.7751,2441,0
OCTQ.US,D,20231020,000000,23.7999,23.7999,23.7541,23.7656,1560,0
OCTQ.US,D,20231023,000000,23.8,23.8,23.8,23.8,1021,0
OCTQ.US,D,20231024,000000,23.87,23.87,23.825,23.835,3431,0
OCTQ.US,D,20231025,000000,23.805,23.8299,23.795,23.795,1928,0
OCTQ.US,D,20231026,000000,23.7851,23.7851,23.7851,23.7851,32,0
OCTQ.US,D,20231027,000000,23.79,23.81,23.7676,23.7943,5000,0
OCTQ.US,D,20231030,000000,23.8071,23.87,23.8071,23.845,9568,0
OCTQ.US,D,20231031,000000,23.88,23.91,23.8799,23.885,4519,0
OCTQ.US,D,20231101,000000,23.93,23.97,23.9299,23.97,16734,0
OCTQ.US,D,20231102,000000,23.97,24,23.9541,24,4964,0
OCTQ.US,D,20231103,000000,24.08,24.08,24.0057,24.04,13607,0
OCTQ.US,D,20231106,000000,24.05,24.06,24.025,24.06,5464,0
OCTQ.US,D,20231107,000000,24.04,24.0596,24.025,24.025,5070,0
OCTQ.US,D,20231108,000000,24.035,24.05,24.0341,24.05,2546,0
OCTQ.US,D,20231109,000000,24.055,24.055,24.0091,24.0091,1931,0
OCTQ.US,D,20231110,000000,24.04,24.06,24.0399,24.06,521,0
OCTQ.US,D,20231113,000000,24.04,24.0502,24.04,24.0502,420,0
OCTQ.US,D,20231114,000000,24.09,24.13,24.08,24.085,5191,0
OCTQ.US,D,20231115,000000,24.16,24.16,24.08,24.0802,1129,0
OCTQ.US,D,20231116,000000,24.095,24.11,24.065,24.065,2116,0
OCTQ.US,D,20231117,000000,24.1491,24.1491,24.07,24.075,3169,0
OCTQ.US,D,20231120,000000,24.11,24.1149,24.099,24.1149,4051,0
OCTQ.US,D,20231121,000000,24.1037,24.17,24.101,24.1295,3794,0
OCTQ.US,D,20231122,000000,24.1201,24.17,24.1201,24.135,2020,0
OCTQ.US,D,20231124,000000,24.14,24.14,24.14,24.14,350,0
OCTQ.US,D,20231127,000000,24.145,24.145,24.11,24.11,1235,0
OCTQ.US,D,20231128,000000,24.2,24.21,24.1649,24.1649,843,0
OCTQ.US,D,20231129,000000,24.23,24.23,24.16,24.16,3240,0
OCTQ.US,D,20231130,000000,24.22,24.22,24.1634,24.1634,5639,0
OCTQ.US,D,20231201,000000,24.22,24.26,24.22,24.26,1479,0
OCTQ.US,D,20231204,000000,24.24,24.25,24.2098,24.2098,954,0
OCTQ.US,D,20231205,000000,24.25,24.26,24.2149,24.2149,7182,0
OCTQ.US,D,20231206,000000,24.221,24.221,24.2098,24.2098,1681,0
OCTQ.US,D,20231207,000000,24.21,24.27,24.205,24.205,5067,0
OCTQ.US,D,20231208,000000,24.27,24.28,24.2349,24.2349,3129,0
OCTQ.US,D,20231211,000000,24.2398,24.2398,24.2398,24.2398,59,0
OCTQ.US,D,20231212,000000,24.25,24.28,24.25,24.28,2245,0
OCTQ.US,D,20231213,000000,24.2514,24.324,24.2514,24.29,3467,0
OCTQ.US,D,20231214,000000,24.275,24.33,24.275,24.295,3855,0
OCTQ.US,D,20231215,000000,24.33,24.33,24.2817,24.295,1133,0
OCTQ.US,D,20231218,000000,24.3167,24.33,24.3,24.305,1032,0
OCTQ.US,D,20231219,000000,24.3489,24.3489,24.305,24.305,4143,0
OCTQ.US,D,20231220,000000,24.295,24.295,24.2911,24.2911,712,0
OCTQ.US,D,20231221,000000,24.2966,24.31,24.2966,24.31,1055,0
OCTQ.US,D,20231222,000000,24.31,24.345,24.31,24.3152,879,0
OCTQ.US,D,20231226,000000,24.33,24.33,24.33,24.33,10,0
OCTQ.US,D,20231227,000000,24.3452,24.3452,24.3452,24.3452,85,0
OCTQ.US,D,20231228,000000,24.0599,24.0599,24.0001,24.0001,5736,0
OCTQ.US,D,20231229,000000,24.04,24.04,24.015,24.015,2916,0
OCTQ.US,D,20240102,000000,24.01,24.06,24.01,24.035,7725,0
OCTQ.US,D,20240103,000000,24.09,24.09,24.0135,24.0299,9061,0
OCTQ.US,D,20240104,000000,24.03,24.04,24,24.03,8233,0
OCTQ.US,D,20240105,000000,24.06,24.07,24.03,24.0457,1234,0
OCTQ.US,D,20240108,000000,24.0999,24.0999,24.08,24.09,487,0
OCTQ.US,D,20240109,000000,24.0999,24.1,24.08,24.08,1567,0
OCTQ.US,D,20240110,000000,24.085,24.085,24.085,24.085,318,0
OCTQ.US,D,20240111,000000,24.1199,24.13,24.07,24.0966,751,0
OCTQ.US,D,20240112,000000,24.15,24.15,24.1049,24.1049,310,0
OCTQ.US,D,20240116,000000,24.1299,24.1299,24.08,24.08,785,0
OCTQ.US,D,20240117,000000,24.0639,24.1099,24.0639,24.065,607,0
OCTQ.US,D,20240118,000000,24.075,24.13,24.075,24.0839,2468,0
OCTQ.US,D,20240119,000000,24.14,24.14,24.095,24.095,627,0
OCTQ.US,D,20240122,000000,24.15,24.15,24.1049,24.1049,912,0
OCTQ.US,D,20240123,000000,24.1157,24.1599,24.11,24.135,3796,0
OCTQ.US,D,20240124,000000,24.1329,24.15,24.125,24.13,742,0
OCTQ.US,D,20240125,000000,24.1257,24.16,24.1257,24.1449,1185,0
OCTQ.US,D,20240126,000000,24.125,24.17,24.09,24.1457,2834,0
OCTQ.US,D,20240129,000000,24.122,24.17,24.122,24.1349,1357,0
OCTQ.US,D,20240130,000000,24.16,24.17,24.126,24.13,7718,0
OCTQ.US,D,20240131,000000,24.18,24.18,24.09,24.1397,2011,0
OCTQ.US,D,20240201,000000,24.19,24.19,24.1448,24.17,13345,0
OCTQ.US,D,20240202,000000,24.1392,24.1392,24.135,24.135,2197,0
OCTQ.US,D,20240205,000000,24.21,24.21,24.14,24.14,1515,0
OCTQ.US,D,20240206,000000,24.16,24.2,24.16,24.17,12558,0
OCTQ.US,D,20240207,000000,24.17,24.2,24.17,24.1795,537,0
OCTQ.US,D,20240208,000000,24.16,24.2,24.16,24.16,1146,0
OCTQ.US,D,20240209,000000,24.21,24.21,24.13,24.165,11505,0
OCTQ.US,D,20240212,000000,24.17,24.21,24.1648,24.1648,2932,0
OCTQ.US,D,20240213,000000,24.19,24.19,24.13,24.1343,12005,0
OCTQ.US,D,20240214,000000,24.19,24.19,24.1533,24.1533,4304,0
OCTQ.US,D,20240215,000000,24.16,24.209,24.155,24.155,4120,0
OCTQ.US,D,20240216,000000,24.21,24.22,24.165,24.22,7954,0
OCTQ.US,D,20240220,000000,24.21,24.21,24.175,24.175,789,0
OCTQ.US,D,20240221,000000,24.1726,24.21,24.1692,24.1782,9707,0
OCTQ.US,D,20240222,000000,24.2024,24.2037,24.18,24.1813,1432,0
OCTQ.US,D,20240223,000000,24.23,24.23,24.1518,24.1911,24466,0
OCTQ.US,D,20240226,000000,24.2187,24.23,24.195,24.2098,4069,0
OCTQ.US,D,20240227,000000,24.3,24.3,24.205,24.2198,16260,0
OCTQ.US,D,20240228,000000,24.25,24.25,24.204,24.205,6345,0
OCTQ.US,D,20240229,000000,24.25,24.2598,24.2149,24.2149,10556,0
OCTQ.US,D,20240301,000000,24.26,24.26,24.225,24.225,582,0
OCTQ.US,D,20240304,000000,24.3,24.3,24.216,24.22,7102,0
OCTQ.US,D,20240305,000000,24.2691,24.2691,24.2199,24.2199,5145,0
OCTQ.US,D,20240306,000000,24.26,24.26,24.2249,24.2249,2563,0
OCTQ.US,D,20240307,000000,24.26,24.27,24.225,24.225,2565,0
OCTQ.US,D,20240308,000000,24.27,24.27,24.2,24.2298,4367,0
OCTQ.US,D,20240311,000000,24.26,24.26,24.2299,24.2299,2060,0
OCTQ.US,D,20240312,000000,24.235,24.28,24.235,24.28,4688,0
OCTQ.US,D,20240313,000000,24.2007,24.29,24.2007,24.2449,3796,0
OCTQ.US,D,20240314,000000,24.27,24.28,24.21,24.2399,3214,0
OCTQ.US,D,20240315,000000,24.2584,24.28,24.2449,24.2449,1797,0
OCTQ.US,D,20240318,000000,24.18,24.2548,24.18,24.2548,206,0
OCTQ.US,D,20240319,000000,24.36,24.36,24.2591,24.2591,1381,0
OCTQ.US,D,20240320,000000,24.41,24.41,24.275,24.275,15140,0
OCTQ.US,D,20240321,000000,24.44,24.44,24.275,24.275,2669,0
OCTQ.US,D,20240322,000000,24.32,24.32,24.29,24.29,1328,0
OCTQ.US,D,20240325,000000,24.33,24.33,24.33,24.33,1935,0
OCTQ.US,D,20240326,000000,24.32,24.32,24.2949,24.2949,505,0
OCTQ.US,D,20240327,000000,23.99,23.99,23.955,23.9564,1574,0
OCTQ.US,D,20240328,000000,23.9648,23.9648,23.9648,23.9648,27,0
OCTQ.US,D,20240401,000000,23.99,23.99,23.955,23.955,459,0
OCTQ.US,D,20240402,000000,23.99,23.999,23.9663,23.98,4189,0
OCTQ.US,D,20240403,000000,23.96,23.99,23.96,23.9601,1637,0
OCTQ.US,D,20240404,000000,24,24,23.9551,23.9551,3584,0
OCTQ.US,D,20240405,000000,23.965,24,23.9599,23.9599,773,0
OCTQ.US,D,20240408,000000,24,24,23.9699,23.9699,1246,0
OCTQ.US,D,20240409,000000,23.9704,23.9704,23.9704,23.9704,53,0
OCTQ.US,D,20240410,000000,23.965,24,23.965,23.9699,7862,0
OCTQ.US,D,20240411,000000,24.01,24.02,23.9777,24.02,12968,0
OCTQ.US,D,20240412,000000,23.97,23.99,23.93,23.99,3864,0
OCTQ.US,D,20240415,000000,24.01,24.01,23.9598,23.9598,1376,0
OCTQ.US,D,20240416,000000,23.965,24.01,23.965,23.9916,783,0
OCTQ.US,D,20240417,000000,24.006,24.0061,23.9952,23.9952,3072,0
OCTQ.US,D,20240418,000000,23.9905,24.02,23.9905,23.995,6395,0
OCTQ.US,D,20240419,000000,23.92,24.02,23.92,24.01,1235,0
OCTQ.US,D,20240422,000000,23.96,24.04,23.96,24.005,1109,0
OCTQ.US,D,20240423,000000,24.11,24.11,24.006,24.04,8325,0
OCTQ.US,D,20240424,000000,24.05,24.0699,24.025,24.045,25087,0
OCTQ.US,D,20240425,000000,24.025,24.06,24.02,24.045,3847,0
OCTQ.US,D,20240426,000000,23.98,24.08,23.98,24.0443,3511,0
OCTQ.US,D,20240429,000000,24.0455,24.0455,24.0455,24.0455,1,0
OCTQ.US,D,20240430,000000,24.08,24.08,24.08,24.08,876,0
OCTQ.US,D,20240501,000000,24.08,24.09,24.05,24.05,906,0
OCTQ.US,D,20240502,000000,24.08,24.08,24.04,24.065,2157,0
OCTQ.US,D,20240503,000000,24.0913,24.11,24.04,24.0742,4407,0
OCTQ.US,D,20240506,000000,24.075,24.1199,24.074,24.074,1700,0
OCTQ.US,D,20240507,000000,24.085,24.12,24.0847,24.0847,2728,0
OCTQ.US,D,20240508,000000,24.12,24.12,24.0852,24.0852,105,0
OCTQ.US,D,20240509,000000,24.09,24.12,24.09,24.09,1635,0
OCTQ.US,D,20240510,000000,24.1167,24.13,24.1108,24.13,4124,0
OCTQ.US,D,20240513,000000,24.11,24.14,24.08,24.105,2897,0
OCTQ.US,D,20240514,000000,24.1241,24.1241,24.1048,24.1048,399,0
OCTQ.US,D,20240515,000000,24.15,24.15,24.1147,24.1147,369,0
OCTQ.US,D,20240516,000000,24.07,24.1143,24.07,24.1143,148,0
OCTQ.US,D,20240517,000000,24.09,24.125,24.09,24.125,2082,0
OCTQ.US,D,20240520,000000,24.09,24.1369,24.09,24.135,2584,0
OCTQ.US,D,20240521,000000,24.17,24.17,24.09,24.135,2866,0
OCTQ.US,D,20240522,000000,24.1532,24.1587,24.11,24.135,5749,0
OCTQ.US,D,20240523,000000,24.17,24.17,24.11,24.135,835,0
OCTQ.US,D,20240524,000000,24.18,24.18,24.15,24.15,522,0
OCTQ.US,D,20240528,000000,24.13,24.1591,24.13,24.1507,2685,0
OCTQ.US,D,20240529,000000,24.19,24.19,24.15,24.15,5119,0
OCTQ.US,D,20240530,000000,24.12,24.2,24.12,24.155,5683,0
OCTQ.US,D,20240531,000000,24.165,24.165,24.165,24.165,206,0
OCTQ.US,D,20240603,000000,24.17,24.21,24.156,24.175,2771,0
OCTQ.US,D,20240604,000000,24.21,24.2191,24.175,24.175,3119,0
OCTQ.US,D,20240605,000000,24.21,24.21,24.185,24.185,1067,0
OCTQ.US,D,20240606,000000,24.2072,24.23,24.185,24.185,2669,0
OCTQ.US,D,20240607,000000,24.23,24.23,24.195,24.195,691,0
OCTQ.US,D,20240610,000000,24.195,24.195,24.195,24.195,301,0
OCTQ.US,D,20240611,000000,24.205,24.205,24.205,24.205,42,0
OCTQ.US,D,20240612,000000,24.2885,24.2885,24.205,24.22,2666,0
OCTQ.US,D,20240613,000000,24.2332,24.25,24.2101,24.2101,4681,0
OCTQ.US,D,20240614,000000,24.22,24.22,24.215,24.215,1289,0
OCTQ.US,D,20240617,000000,24.25,24.26,24.1817,24.26,2662,0
OCTQ.US,D,20240618,000000,24.2,24.2623,24.2,24.2299,3541,0
OCTQ.US,D,20240620,000000,24.235,24.235,24.235,24.235,330,0
OCTQ.US,D,20240621,000000,24.2566,24.2573,24.24,24.2424,934,0
